2.296669 0.001451
2.378469 0.001451
2.460269 0.002903
2.542069 0.002903
2.623869 0.008708
2.705669 0.010160
2.787469 0.013062
2.869269 0.020319
2.951069 0.029028
3.032869 0.036284
3.114669 0.046444
3.196469 0.053701
3.278269 0.068215
3.360069 0.091437
3.441869 0.101597
3.523669 0.111756
3.605469 0.136430
3.687269 0.161103
3.769069 0.175617
3.850869 0.184325
3.932669 0.198839
4.014469 0.219158
4.096269 0.235123
4.178069 0.253991
4.259869 0.265602
4.341670 0.277213
4.423470 0.290276
4.505270 0.317852
4.587070 0.335269
4.668870 0.359942
4.750670 0.375907
4.832470 0.391872
4.914270 0.402032
4.996070 0.417997
5.077870 0.425254
5.159670 0.441219
5.241470 0.460087
5.323270 0.470247
5.405070 0.484761
5.486870 0.500726
5.568670 0.518142
5.650470 0.534107
5.732270 0.555878
5.814070 0.570392
5.895870 0.576197
5.977670 0.584906
6.059470 0.597968
6.141270 0.615385
6.223070 0.618287
6.304870 0.622642
6.386670 0.632801
6.468470 0.650218
6.550270 0.660377
6.632070 0.674891
6.713870 0.687954
6.795670 0.698113
6.877470 0.706821
6.959270 0.714078
7.041070 0.722787
7.122870 0.727141
7.204670 0.734398
7.286470 0.741655
7.368271 0.747460
7.450071 0.751814
7.531871 0.763425
7.613671 0.766328
7.695471 0.772134
7.777271 0.775036
7.859071 0.779390
7.940871 0.785196
8.022671 0.791001
8.104471 0.796807
8.186271 0.798258
8.268071 0.804064
8.349871 0.811321
8.431671 0.815675
8.513471 0.817126
8.595271 0.821480
8.677071 0.824383
8.758871 0.825835
8.840671 0.827286
8.922471 0.831640
9.004271 0.833091
9.086071 0.834543
9.167871 0.834543
9.249671 0.837446
9.331471 0.840348
9.413271 0.844702
9.495071 0.847605
9.576871 0.849057
9.658671 0.849057
9.740471 0.851959
9.822271 0.856313
9.904071 0.863570
9.985871 0.866473
10.067671 0.867925
10.149471 0.869376
10.231271 0.872279
10.313072 0.875181
10.394872 0.878084
10.476672 0.880987
10.558472 0.882438
10.640272 0.885341
10.722072 0.885341
10.803872 0.886792
10.885672 0.886792
10.967472 0.888244
11.049272 0.891147
11.131072 0.891147
11.212872 0.891147
11.294672 0.891147
11.376472 0.895501
11.458272 0.895501
11.540072 0.898403
11.621872 0.899855
11.703672 0.899855
11.785472 0.901306
11.867272 0.902758
11.949072 0.902758
12.030872 0.902758
12.112672 0.902758
12.194472 0.902758
12.276272 0.904209
12.358072 0.904209
12.439872 0.904209
12.521672 0.905660
12.603472 0.905660
12.685272 0.907112
12.767072 0.907112
12.848872 0.907112
12.930672 0.908563
13.012472 0.910015
13.094272 0.912917
13.176072 0.914369
13.257872 0.918723
13.339673 0.918723
13.421473 0.920174
13.503273 0.923077
13.585073 0.924528
13.666873 0.924528
13.748673 0.924528
13.830473 0.925980
13.912273 0.927431
13.994073 0.928882
14.075873 0.928882
14.157673 0.928882
14.239473 0.928882
14.321273 0.928882
14.403073 0.930334
14.484873 0.930334
14.566673 0.930334
14.648473 0.933237
14.730273 0.933237
14.812073 0.934688
14.893873 0.934688
14.975673 0.936139
15.057473 0.936139
15.139273 0.936139
15.221073 0.936139
15.302873 0.936139
15.384673 0.936139
15.466473 0.936139
15.548273 0.936139
15.630073 0.936139
15.711873 0.936139
15.793673 0.936139
15.875473 0.936139
15.957273 0.936139
16.039073 0.937591
16.120873 0.937591
16.202673 0.937591
16.284474 0.937591
16.366274 0.937591
16.448074 0.937591
16.529874 0.937591
16.611674 0.937591
16.693474 0.937591
16.775274 0.937591
16.857074 0.937591
16.938874 0.939042
17.020674 0.940493
17.102474 0.940493
17.184274 0.941945
17.266074 0.941945
17.347874 0.941945
17.429674 0.941945
17.511474 0.941945
17.593274 0.941945
17.675074 0.941945
17.756874 0.941945
17.838674 0.941945
17.920474 0.941945
18.002274 0.941945
18.084074 0.941945
18.165874 0.941945
18.247674 0.941945
18.329474 0.941945
18.411274 0.941945
18.493074 0.941945
18.574874 0.941945
18.656674 0.941945
18.738474 0.941945
18.820274 0.941945
18.902074 0.941945
18.983874 0.941945
19.065674 0.941945
19.147474 0.941945
19.229274 0.946299
19.311075 0.946299
19.392875 0.946299
19.474675 0.947750
19.556475 0.947750
19.638275 0.949202
19.720075 0.949202
19.801875 0.949202
19.883675 0.949202
19.965475 0.949202
20.047275 0.949202
20.129075 0.949202
20.210875 0.950653
20.292675 0.950653
20.374475 0.950653
20.456275 0.950653
20.538075 0.950653
20.619875 0.950653
20.701675 0.950653
20.783475 0.952104
20.865275 0.952104
20.947075 0.952104
21.028875 0.952104
21.110675 0.953556
21.192475 0.953556
21.274275 0.953556
21.356075 0.955007
21.437875 0.955007
21.519675 0.955007
21.601475 0.955007
21.683275 0.956459
21.765075 0.956459
21.846875 0.956459
21.928675 0.956459
22.010475 0.957910
22.092275 0.957910
22.174075 0.957910
22.255876 0.959361
22.337676 0.959361
22.419476 0.959361
22.501276 0.959361
22.583076 0.959361
22.664876 0.960813
22.746676 0.960813
22.828476 0.960813
22.910276 0.960813
22.992076 0.960813
23.073876 0.960813
23.155676 0.960813
23.237476 0.960813
23.319276 0.960813
23.401076 0.960813
23.482876 0.960813
23.564676 0.960813
23.646476 0.960813
23.728276 0.960813
23.810076 0.960813
23.891876 0.960813
23.973676 0.960813
24.055476 0.962264
24.137276 0.962264
24.219076 0.962264
24.300876 0.962264
24.382676 0.962264
24.464476 0.962264
24.546276 0.962264
24.628076 0.963716
24.709876 0.963716
24.791676 0.963716
24.873476 0.963716
24.955276 0.963716
25.037076 0.965167
25.118876 0.965167
25.200676 0.965167
25.282477 0.965167
25.364277 0.966618
25.446077 0.966618
25.527877 0.966618
25.609677 0.966618
25.691477 0.966618
25.773277 0.966618
25.855077 0.966618
25.936877 0.966618
26.018677 0.966618
26.100477 0.966618
26.182277 0.966618
26.264077 0.968070
26.345877 0.968070
26.427677 0.968070
26.509477 0.968070
26.591277 0.968070
26.673077 0.969521
26.754877 0.969521
26.836677 0.969521
26.918477 0.969521
27.000277 0.969521
27.082077 0.969521
27.163877 0.969521
27.245677 0.969521
27.327477 0.969521
27.409277 0.969521
27.491077 0.969521
27.572877 0.970972
27.654677 0.970972
27.736477 0.970972
27.818277 0.970972
27.900077 0.970972
27.981877 0.970972
28.063677 0.970972
28.145477 0.970972
28.227278 0.970972
28.309078 0.970972
28.390878 0.970972
28.472678 0.970972
28.554478 0.970972
28.636278 0.970972
28.718078 0.970972
28.799878 0.970972
28.881678 0.970972
28.963478 0.970972
29.045278 0.970972
29.127078 0.972424
29.208878 0.972424
29.290678 0.972424
29.372478 0.972424
29.454278 0.972424
29.536078 0.973875
29.617878 0.973875
29.699678 0.973875
29.781478 0.973875
29.863278 0.973875
29.945078 0.973875
30.026878 0.973875
30.108678 0.973875
30.190478 0.973875
30.272278 0.973875
30.354078 0.975327
30.435878 0.975327
30.517678 0.975327
30.599478 0.975327
30.681278 0.975327
30.763078 0.975327
30.844878 0.975327
30.926678 0.975327
31.008478 0.975327
31.090278 0.975327
31.172078 0.975327
31.253879 0.975327
31.335679 0.975327
31.417479 0.975327
31.499279 0.975327
31.581079 0.975327
31.662879 0.975327
31.744679 0.975327
31.826479 0.975327
31.908279 0.975327
31.990079 0.975327
32.071879 0.975327
32.153679 0.975327
32.235479 0.975327
32.317279 0.975327
32.399079 0.975327
32.480879 0.975327
32.562679 0.975327
32.644479 0.975327
32.726279 0.975327
32.808079 0.975327
32.889879 0.975327
32.971679 0.975327
33.053479 0.975327
33.135279 0.976778
33.217079 0.976778
33.298879 0.976778
33.380679 0.976778
33.462479 0.976778
33.544279 0.976778
33.626079 0.976778
33.707879 0.976778
33.789679 0.976778
33.871479 0.976778
33.953279 0.976778
34.035079 0.976778
34.116879 0.976778
34.198680 0.976778
34.280480 0.976778
34.362280 0.976778
34.444080 0.976778
34.525880 0.976778
34.607680 0.976778
34.689480 0.976778
34.771280 0.976778
34.853080 0.976778
34.934880 0.976778
35.016680 0.976778
35.098480 0.979681
35.180280 0.979681
35.262080 0.979681
35.343880 0.979681
35.425680 0.979681
35.507480 0.979681
35.589280 0.979681
35.671080 0.981132
35.752880 0.981132
35.834680 0.981132
35.916480 0.981132
35.998280 0.981132
36.080080 0.981132
36.161880 0.981132
36.243680 0.981132
36.325480 0.981132
36.407280 0.981132
36.489080 0.981132
36.570880 0.981132
36.652680 0.981132
36.734480 0.981132
36.816280 0.981132
36.898080 0.981132
36.979880 0.981132
37.061680 0.981132
37.143481 0.981132
37.225281 0.981132
37.307081 0.981132
37.388881 0.981132
37.470681 0.981132
37.552481 0.981132
37.634281 0.981132
37.716081 0.981132
37.797881 0.981132
37.879681 0.981132
37.961481 0.981132
38.043281 0.981132
38.125081 0.981132
38.206881 0.981132
38.288681 0.981132
38.370481 0.981132
38.452281 0.981132
38.534081 0.981132
38.615881 0.981132
38.697681 0.981132
38.779481 0.981132
38.861281 0.981132
38.943081 0.981132
39.024881 0.981132
39.106681 0.981132
39.188481 0.981132
39.270281 0.981132
39.352081 0.981132
39.433881 0.981132
39.515681 0.981132
39.597481 0.981132
39.679281 0.981132
39.761081 0.981132
39.842881 0.981132
39.924681 0.981132
40.006481 0.981132
40.088281 0.981132
40.170082 0.981132
40.251882 0.981132
40.333682 0.981132
40.415482 0.981132
40.497282 0.981132
40.579082 0.981132
40.660882 0.981132
40.742682 0.981132
40.824482 0.981132
40.906282 0.981132
40.988082 0.981132
41.069882 0.981132
41.151682 0.981132
41.233482 0.981132
41.315282 0.981132
41.397082 0.981132
41.478882 0.981132
41.560682 0.981132
41.642482 0.981132
41.724282 0.981132
41.806082 0.982583
41.887882 0.982583
41.969682 0.982583
42.051482 0.982583
42.133282 0.982583
42.215082 0.982583
42.296882 0.982583
42.378682 0.982583
42.460482 0.982583
42.542282 0.982583
42.624082 0.982583
42.705882 0.982583
42.787682 0.982583
42.869482 0.982583
42.951282 0.982583
43.033082 0.982583
43.114883 0.982583
43.196683 0.982583
43.278483 0.982583
43.360283 0.982583
43.442083 0.982583
43.523883 0.982583
43.605683 0.982583
43.687483 0.982583
43.769283 0.982583
43.851083 0.982583
43.932883 0.982583
44.014683 0.982583
44.096483 0.982583
44.178283 0.982583
44.260083 0.982583
44.341883 0.982583
44.423683 0.982583
44.505483 0.982583
44.587283 0.982583
44.669083 0.982583
44.750883 0.982583
44.832683 0.982583
44.914483 0.982583
44.996283 0.982583
45.078083 0.982583
45.159883 0.982583
45.241683 0.982583
45.323483 0.982583
45.405283 0.982583
45.487083 0.982583
45.568883 0.982583
45.650683 0.982583
45.732483 0.982583
45.814283 0.982583
45.896083 0.982583
45.977883 0.982583
46.059683 0.982583
46.141484 0.982583
46.223284 0.982583
46.305084 0.982583
46.386884 0.982583
46.468684 0.982583
46.550484 0.982583
46.632284 0.982583
46.714084 0.982583
46.795884 0.982583
46.877684 0.982583
46.959484 0.982583
47.041284 0.982583
47.123084 0.982583
47.204884 0.982583
47.286684 0.982583
47.368484 0.982583
47.450284 0.982583
47.532084 0.982583
47.613884 0.982583
47.695684 0.982583
47.777484 0.982583
47.859284 0.982583
47.941084 0.982583
48.022884 0.982583
48.104684 0.982583
48.186484 0.982583
48.268284 0.982583
48.350084 0.982583
48.431884 0.982583
48.513684 0.982583
48.595484 0.982583
48.677284 0.982583
48.759084 0.982583
48.840884 0.982583
48.922684 0.982583
49.004484 0.982583
49.086285 0.982583
49.168085 0.982583
49.249885 0.982583
49.331685 0.982583
49.413485 0.982583
49.495285 0.982583
49.577085 0.982583
49.658885 0.982583
49.740685 0.982583
49.822485 0.982583
49.904285 0.982583
49.986085 0.982583
50.067885 0.982583
50.149685 0.982583
50.231485 0.982583
50.313285 0.982583
50.395085 0.982583
50.476885 0.982583
50.558685 0.982583
50.640485 0.982583
50.722285 0.982583
50.804085 0.982583
50.885885 0.982583
50.967685 0.982583
51.049485 0.982583
51.131285 0.982583
51.213085 0.982583
51.294885 0.982583
51.376685 0.982583
51.458485 0.982583
51.540285 0.982583
51.622085 0.982583
51.703885 0.982583
51.785685 0.984035
51.867485 0.984035
51.949285 0.984035
52.031085 0.984035
52.112886 0.984035
52.194686 0.984035
52.276486 0.984035
52.358286 0.984035
52.440086 0.984035
52.521886 0.984035
52.603686 0.984035
52.685486 0.984035
52.767286 0.984035
52.849086 0.984035
52.930886 0.984035
53.012686 0.984035
53.094486 0.984035
53.176286 0.984035
53.258086 0.984035
53.339886 0.984035
53.421686 0.984035
53.503486 0.984035
53.585286 0.984035
53.667086 0.984035
53.748886 0.984035
53.830686 0.984035
53.912486 0.984035
53.994286 0.984035
54.076086 0.984035
54.157886 0.984035
54.239686 0.984035
54.321486 0.984035
54.403286 0.984035
54.485086 0.984035
54.566886 0.984035
54.648686 0.984035
54.730486 0.984035
54.812286 0.984035
54.894086 0.984035
54.975886 0.984035
55.057687 0.984035
55.139487 0.984035
55.221287 0.984035
55.303087 0.984035
55.384887 0.984035
55.466687 0.984035
55.548487 0.984035
55.630287 0.984035
55.712087 0.984035
55.793887 0.984035
55.875687 0.984035
55.957487 0.984035
56.039287 0.984035
56.121087 0.984035
56.202887 0.984035
56.284687 0.984035
56.366487 0.984035
56.448287 0.984035
56.530087 0.984035
56.611887 0.984035
56.693687 0.984035
56.775487 0.984035
56.857287 0.984035
56.939087 0.984035
57.020887 0.984035
57.102687 0.984035
57.184487 0.984035
57.266287 0.984035
57.348087 0.984035
57.429887 0.984035
57.511687 0.984035
57.593487 0.984035
57.675287 0.984035
57.757087 0.984035
57.838887 0.984035
57.920687 0.984035
58.002487 0.984035
58.084288 0.984035
58.166088 0.984035
58.247888 0.984035
58.329688 0.984035
58.411488 0.984035
58.493288 0.984035
58.575088 0.984035
58.656888 0.984035
58.738688 0.984035
58.820488 0.984035
58.902288 0.984035
58.984088 0.984035
59.065888 0.984035
59.147688 0.984035
59.229488 0.984035
59.311288 0.984035
59.393088 0.984035
59.474888 0.984035
59.556688 0.984035
59.638488 0.984035
59.720288 0.984035
59.802088 0.984035
59.883888 0.984035
59.965688 0.984035
60.047488 0.984035
60.129288 0.984035
60.211088 0.984035
60.292888 0.984035
60.374688 0.984035
60.456488 0.984035
60.538288 0.984035
60.620088 0.984035
60.701888 0.984035
60.783688 0.984035
60.865488 0.984035
60.947288 0.984035
61.029089 0.984035
61.110889 0.984035
61.192689 0.984035
61.274489 0.984035
61.356289 0.984035
61.438089 0.984035
61.519889 0.985486
61.601689 0.986938
61.683489 0.986938
61.765289 0.986938
61.847089 0.986938
61.928889 0.986938
62.010689 0.986938
62.092489 0.986938
62.174289 0.986938
62.256089 0.986938
62.337889 0.986938
62.419689 0.986938
62.501489 0.986938
62.583289 0.986938
62.665089 0.986938
62.746889 0.986938
62.828689 0.986938
62.910489 0.986938
62.992289 0.986938
63.074089 0.986938
63.155889 0.986938
63.237689 0.986938
63.319489 0.986938
63.401289 0.988389
63.483089 0.988389
63.564889 0.988389
63.646689 0.988389
63.728489 0.988389
63.810289 0.988389
63.892089 0.988389
63.973889 0.988389
64.055690 0.988389
64.137490 0.989840
64.219290 0.989840
64.301090 0.989840
64.382890 0.989840
64.464690 0.989840
64.546490 0.989840
64.628290 0.989840
64.710090 0.989840
64.791890 0.989840
64.873690 0.989840
64.955490 0.989840
65.037290 0.989840
65.119090 0.989840
65.200890 0.989840
65.282690 0.989840
65.364490 0.989840
65.446290 0.989840
65.528090 0.989840
65.609890 0.989840
65.691690 0.989840
65.773490 0.989840
65.855290 0.989840
65.937090 0.989840
66.018890 0.991292
66.100690 0.991292
66.182490 0.991292
66.264290 0.991292
66.346090 0.991292
66.427890 0.991292
66.509690 0.991292
66.591490 0.991292
66.673290 0.991292
66.755090 0.992743
66.836890 0.992743
66.918690 0.992743
67.000491 0.992743
67.082291 0.992743
67.164091 0.992743
67.245891 0.992743
67.327691 0.992743
67.409491 0.992743
67.491291 0.992743
67.573091 0.992743
67.654891 0.992743
67.736691 0.992743
67.818491 0.992743
67.900291 0.992743
67.982091 0.992743
68.063891 0.992743
68.145691 0.992743
68.227491 0.992743
68.309291 0.992743
68.391091 0.992743
68.472891 0.992743
68.554691 0.992743
68.636491 0.992743
68.718291 0.992743
68.800091 0.992743
68.881891 0.992743
68.963691 0.992743
69.045491 0.992743
69.127291 0.992743
69.209091 0.992743
69.290891 0.992743
69.372691 0.992743
69.454491 0.992743
69.536291 0.992743
69.618091 0.992743
69.699891 0.992743
69.781691 0.992743
69.863491 0.992743
69.945291 0.992743
70.027092 0.992743
70.108892 0.992743
70.190692 0.992743
70.272492 0.992743
70.354292 0.992743
70.436092 0.994194
70.517892 0.994194
70.599692 0.994194
70.681492 0.994194
70.763292 0.994194
70.845092 0.994194
70.926892 0.994194
71.008692 0.994194
71.090492 0.994194
71.172292 0.994194
71.254092 0.994194
71.335892 0.994194
71.417692 0.994194
71.499492 0.994194
71.581292 0.994194
71.663092 0.994194
71.744892 0.994194
71.826692 0.994194
71.908492 0.994194
71.990292 0.994194
72.072092 0.994194
72.153892 0.994194
72.235692 0.994194
72.317492 0.994194
72.399292 0.994194
72.481092 0.994194
72.562892 0.994194
72.644692 0.994194
72.726492 0.994194
72.808292 0.994194
72.890092 0.994194
72.971893 0.994194
73.053693 0.994194
73.135493 0.994194
73.217293 0.994194
73.299093 0.994194
73.380893 0.994194
73.462693 0.994194
73.544493 0.994194
73.626293 0.994194
73.708093 0.994194
73.789893 0.994194
73.871693 0.994194
73.953493 0.994194
74.035293 0.994194
74.117093 0.994194
74.198893 0.994194
74.280693 0.994194
74.362493 0.994194
74.444293 0.994194
74.526093 0.994194
74.607893 0.994194
74.689693 0.994194
74.771493 0.994194
74.853293 0.994194
74.935093 0.994194
75.016893 0.994194
75.098693 0.994194
75.180493 0.995646
75.262293 0.995646
75.344093 0.995646
75.425893 0.995646
75.507693 0.995646
75.589493 0.995646
75.671293 0.995646
75.753093 0.995646
75.834893 0.995646
75.916693 0.995646
75.998494 0.995646
76.080294 0.995646
76.162094 0.995646
76.243894 0.995646
76.325694 0.997097
76.407494 0.997097
76.489294 0.997097
76.571094 0.997097
76.652894 0.997097
76.734694 0.997097
76.816494 0.997097
76.898294 0.997097
76.980094 0.997097
77.061894 0.997097
77.143694 0.997097
77.225494 0.997097
77.307294 0.997097
77.389094 0.997097
77.470894 0.997097
77.552694 0.997097
77.634494 0.997097
77.716294 0.997097
77.798094 0.997097
77.879894 0.997097
77.961694 0.997097
78.043494 0.997097
78.125294 0.997097
78.207094 0.997097
78.288894 0.997097
78.370694 0.997097
78.452494 0.997097
78.534294 0.997097
78.616094 0.997097
78.697894 0.997097
78.779694 0.997097
78.861494 0.997097
78.943295 0.997097
79.025095 0.997097
79.106895 0.997097
79.188695 0.997097
79.270495 0.997097
79.352295 0.997097
79.434095 0.997097
79.515895 0.997097
79.597695 0.997097
79.679495 0.997097
79.761295 0.997097
79.843095 0.997097
79.924895 0.997097
80.006695 0.998549
80.088495 0.998549
80.170295 0.998549
80.252095 0.998549
80.333895 0.998549
80.415695 0.998549
80.497495 0.998549
80.579295 0.998549
80.661095 0.998549
80.742895 0.998549
80.824695 0.998549
80.906495 0.998549
80.988295 0.998549
81.070095 0.998549
81.151895 0.998549
81.233695 0.998549
81.315495 0.998549
81.397295 0.998549
81.479095 0.998549
81.560895 0.998549
81.642695 0.998549
81.724495 0.998549
81.806295 0.998549
81.888095 0.998549
81.969896 0.998549
82.051696 0.998549
82.133496 0.998549
82.215296 0.998549
82.297096 0.998549
82.378896 0.998549
82.460696 0.998549
82.542496 0.998549
82.624296 0.998549
82.706096 0.998549
82.787896 0.998549
82.869696 0.998549
82.951496 0.998549
83.033296 0.998549
83.115096 0.998549
83.196896 0.998549
83.278696 0.998549
83.360496 0.998549
83.442296 0.998549
83.524096 0.998549
83.605896 0.998549
83.687696 0.998549
83.769496 0.998549
83.851296 0.998549
83.933096 0.998549
84.014896 1.000000
