2.483438 0.001451
2.486367 0.001451
2.489296 0.001451
2.492226 0.001451
2.495155 0.001451
2.498085 0.001451
2.501014 0.001451
2.503944 0.001451
2.506873 0.001451
2.509803 0.001451
2.512732 0.001451
2.515661 0.001451
2.518591 0.001451
2.521520 0.001451
2.524450 0.001451
2.527379 0.001451
2.530309 0.001451
2.533238 0.001451
2.536168 0.001451
2.539097 0.001451
2.542027 0.001451
2.544956 0.001451
2.547885 0.001451
2.550815 0.001451
2.553744 0.001451
2.556674 0.001451
2.559603 0.001451
2.562533 0.001451
2.565462 0.001451
2.568392 0.001451
2.571321 0.001451
2.574251 0.001451
2.577180 0.002903
2.580109 0.002903
2.583039 0.002903
2.585968 0.002903
2.588898 0.002903
2.591827 0.002903
2.594757 0.002903
2.597686 0.002903
2.600616 0.002903
2.603545 0.002903
2.606475 0.002903
2.609404 0.002903
2.612333 0.004354
2.615263 0.005806
2.618192 0.005806
2.621122 0.005806
2.624051 0.005806
2.626981 0.005806
2.629910 0.005806
2.632840 0.005806
2.635769 0.005806
2.638698 0.005806
2.641628 0.005806
2.644557 0.005806
2.647487 0.007257
2.650416 0.007257
2.653346 0.007257
2.656275 0.007257
2.659205 0.007257
2.662134 0.007257
2.665064 0.007257
2.667993 0.007257
2.670922 0.008708
2.673852 0.008708
2.676781 0.008708
2.679711 0.008708
2.682640 0.008708
2.685570 0.008708
2.688499 0.008708
2.691429 0.008708
2.694358 0.008708
2.697288 0.008708
2.700217 0.010160
2.703146 0.010160
2.706076 0.010160
2.709005 0.010160
2.711935 0.010160
2.714864 0.010160
2.717794 0.010160
2.720723 0.010160
2.723653 0.010160
2.726582 0.010160
2.729511 0.010160
2.732441 0.010160
2.735370 0.010160
2.738300 0.010160
2.741229 0.010160
2.744159 0.010160
2.747088 0.011611
2.750018 0.011611
2.752947 0.011611
2.755877 0.011611
2.758806 0.011611
2.761735 0.011611
2.764665 0.011611
2.767594 0.013062
2.770524 0.014514
2.773453 0.014514
2.776383 0.014514
2.779312 0.015965
2.782242 0.015965
2.785171 0.017417
2.788101 0.017417
2.791030 0.018868
2.793959 0.018868
2.796889 0.018868
2.799818 0.018868
2.802748 0.018868
2.805677 0.020319
2.808607 0.020319
2.811536 0.020319
2.814466 0.021771
2.817395 0.021771
2.820324 0.023222
2.823254 0.023222
2.826183 0.023222
2.829113 0.023222
2.832042 0.023222
2.834972 0.023222
2.837901 0.023222
2.840831 0.023222
2.843760 0.023222
2.846690 0.023222
2.849619 0.023222
2.852548 0.023222
2.855478 0.023222
2.858407 0.023222
2.861337 0.023222
2.864266 0.023222
2.867196 0.024673
2.870125 0.026125
2.873055 0.026125
2.875984 0.027576
2.878914 0.027576
2.881843 0.027576
2.884772 0.027576
2.887702 0.027576
2.890631 0.027576
2.893561 0.027576
2.896490 0.027576
2.899420 0.027576
2.902349 0.027576
2.905279 0.027576
2.908208 0.027576
2.911137 0.027576
2.914067 0.027576
2.916996 0.027576
2.919926 0.027576
2.922855 0.027576
2.925785 0.027576
2.928714 0.027576
2.931644 0.027576
2.934573 0.027576
2.937503 0.027576
2.940432 0.027576
2.943361 0.027576
2.946291 0.027576
2.949220 0.027576
2.952150 0.027576
2.955079 0.027576
2.958009 0.029028
2.960938 0.029028
2.963868 0.029028
2.966797 0.029028
2.969727 0.029028
2.972656 0.029028
2.975585 0.029028
2.978515 0.029028
2.981444 0.029028
2.984374 0.029028
2.987303 0.029028
2.990233 0.029028
2.993162 0.029028
2.996092 0.029028
2.999021 0.029028
3.001950 0.030479
3.004880 0.030479
3.007809 0.030479
3.010739 0.030479
3.013668 0.030479
3.016598 0.031930
3.019527 0.031930
3.022457 0.031930
3.025386 0.031930
3.028316 0.031930
3.031245 0.031930
3.034174 0.031930
3.037104 0.031930
3.040033 0.033382
3.042963 0.033382
3.045892 0.033382
3.048822 0.033382
3.051751 0.033382
3.054681 0.033382
3.057610 0.034833
3.060540 0.034833
3.063469 0.034833
3.066398 0.034833
3.069328 0.034833
3.072257 0.034833
3.075187 0.034833
3.078116 0.034833
3.081046 0.034833
3.083975 0.034833
3.086905 0.034833
3.089834 0.034833
3.092763 0.034833
3.095693 0.036284
3.098622 0.036284
3.101552 0.036284
3.104481 0.036284
3.107411 0.037736
3.110340 0.037736
3.113270 0.037736
3.116199 0.037736
3.119129 0.037736
3.122058 0.037736
3.124987 0.037736
3.127917 0.037736
3.130846 0.039187
3.133776 0.039187
3.136705 0.039187
3.139635 0.039187
3.142564 0.039187
3.145494 0.039187
3.148423 0.039187
3.151353 0.039187
3.154282 0.039187
3.157211 0.039187
3.160141 0.039187
3.163070 0.039187
3.166000 0.039187
3.168929 0.039187
3.171859 0.039187
3.174788 0.040639
3.177718 0.040639
3.180647 0.040639
3.183576 0.040639
3.186506 0.042090
3.189435 0.042090
3.192365 0.042090
3.195294 0.046444
3.198224 0.047896
3.201153 0.047896
3.204083 0.047896
3.207012 0.047896
3.209942 0.047896
3.212871 0.047896
3.215800 0.047896
3.218730 0.049347
3.221659 0.049347
3.224589 0.049347
3.227518 0.049347
3.230448 0.049347
3.233377 0.049347
3.236307 0.049347
3.239236 0.049347
3.242166 0.049347
3.245095 0.049347
3.248024 0.050798
3.250954 0.052250
3.253883 0.053701
3.256813 0.053701
3.259742 0.053701
3.262672 0.053701
3.265601 0.053701
3.268531 0.055152
3.271460 0.055152
3.274389 0.055152
3.277319 0.055152
3.280248 0.059507
3.283178 0.059507
3.286107 0.059507
3.289037 0.059507
3.291966 0.060958
3.294896 0.060958
3.297825 0.062409
3.300755 0.062409
3.303684 0.062409
3.306613 0.062409
3.309543 0.062409
3.312472 0.062409
3.315402 0.065312
3.318331 0.065312
3.321261 0.065312
3.324190 0.065312
3.327120 0.066763
3.330049 0.066763
3.332979 0.066763
3.335908 0.066763
3.338837 0.066763
3.341767 0.066763
3.344696 0.066763
3.347626 0.066763
3.350555 0.066763
3.353485 0.068215
3.356414 0.068215
3.359344 0.069666
3.362273 0.069666
3.365202 0.069666
3.368132 0.071118
3.371061 0.071118
3.373991 0.074020
3.376920 0.074020
3.379850 0.074020
3.382779 0.075472
3.385709 0.075472
3.388638 0.075472
3.391568 0.075472
3.394497 0.075472
3.397426 0.076923
3.400356 0.076923
3.403285 0.076923
3.406215 0.076923
3.409144 0.078374
3.412074 0.079826
3.415003 0.081277
3.417933 0.081277
3.420862 0.084180
3.423792 0.084180
3.426721 0.084180
3.429650 0.085631
3.432580 0.087083
3.435509 0.087083
3.438439 0.088534
3.441368 0.088534
3.444298 0.088534
3.447227 0.088534
3.450157 0.089985
3.453086 0.089985
3.456015 0.091437
3.458945 0.091437
3.461874 0.091437
3.464804 0.092888
3.467733 0.095791
3.470663 0.095791
3.473592 0.095791
3.476522 0.095791
3.479451 0.097242
3.482381 0.100145
3.485310 0.100145
3.488239 0.100145
3.491169 0.100145
3.494098 0.101597
3.497028 0.101597
3.499957 0.101597
3.502887 0.101597
3.505816 0.103048
3.508746 0.103048
3.511675 0.103048
3.514605 0.103048
3.517534 0.103048
3.520463 0.104499
3.523393 0.104499
3.526322 0.105951
3.529252 0.105951
3.532181 0.107402
3.535111 0.107402
3.538040 0.107402
3.540970 0.107402
3.543899 0.107402
3.546829 0.107402
3.549758 0.108853
3.552687 0.108853
3.555617 0.108853
3.558546 0.110305
3.561476 0.110305
3.564405 0.110305
3.567335 0.113208
3.570264 0.113208
3.573194 0.113208
3.576123 0.113208
3.579052 0.113208
3.581982 0.114659
3.584911 0.116110
3.587841 0.119013
3.590770 0.120464
3.593700 0.120464
3.596629 0.121916
3.599559 0.123367
3.602488 0.123367
3.605418 0.126270
3.608347 0.126270
3.611276 0.126270
3.614206 0.126270
3.617135 0.126270
3.620065 0.126270
3.622994 0.127721
3.625924 0.127721
3.628853 0.134978
3.631783 0.136430
3.634712 0.137881
3.637642 0.137881
3.640571 0.137881
3.643500 0.137881
3.646430 0.137881
3.649359 0.137881
3.652289 0.139332
3.655218 0.140784
3.658148 0.143687
3.661077 0.148041
3.664007 0.149492
3.666936 0.149492
3.669865 0.152395
3.672795 0.152395
3.675724 0.152395
3.678654 0.152395
3.681583 0.152395
3.684513 0.152395
3.687442 0.152395
3.690372 0.152395
3.693301 0.153846
3.696231 0.153846
3.699160 0.153846
3.702089 0.156749
3.705019 0.158200
3.707948 0.158200
3.710878 0.158200
3.713807 0.158200
3.716737 0.159652
3.719666 0.159652
3.722596 0.161103
3.725525 0.161103
3.728455 0.162554
3.731384 0.162554
3.734313 0.165457
3.737243 0.165457
3.740172 0.166909
3.743102 0.166909
3.746031 0.168360
3.748961 0.168360
3.751890 0.168360
3.754820 0.168360
3.757749 0.169811
3.760678 0.171263
3.763608 0.171263
3.766537 0.171263
3.769467 0.171263
3.772396 0.171263
3.775326 0.171263
3.778255 0.171263
3.781185 0.174165
3.784114 0.174165
3.787044 0.174165
3.789973 0.175617
3.792902 0.175617
3.795832 0.175617
3.798761 0.175617
3.801691 0.175617
3.804620 0.178520
3.807550 0.178520
3.810479 0.179971
3.813409 0.179971
3.816338 0.182874
3.819268 0.182874
3.822197 0.182874
3.825126 0.184325
3.828056 0.184325
3.830985 0.184325
3.833915 0.184325
3.836844 0.185776
3.839774 0.188679
3.842703 0.188679
3.845633 0.188679
3.848562 0.188679
3.851491 0.188679
3.854421 0.190131
3.857350 0.190131
3.860280 0.191582
3.863209 0.191582
3.866139 0.191582
3.869068 0.193033
3.871998 0.193033
3.874927 0.194485
3.877857 0.194485
3.880786 0.194485
3.883715 0.194485
3.886645 0.194485
3.889574 0.194485
3.892504 0.195936
3.895433 0.195936
3.898363 0.195936
3.901292 0.195936
3.904222 0.195936
3.907151 0.195936
3.910081 0.197388
3.913010 0.198839
3.915939 0.201742
3.918869 0.201742
3.921798 0.201742
3.924728 0.204644
3.927657 0.207547
3.930587 0.207547
3.933516 0.208999
3.936446 0.208999
3.939375 0.208999
3.942304 0.208999
3.945234 0.208999
3.948163 0.208999
3.951093 0.210450
3.954022 0.211901
3.956952 0.213353
3.959881 0.213353
3.962811 0.213353
3.965740 0.214804
3.968670 0.216255
3.971599 0.219158
3.974528 0.219158
3.977458 0.220610
3.980387 0.220610
3.983317 0.220610
3.986246 0.222061
3.989176 0.222061
3.992105 0.223512
3.995035 0.224964
3.997964 0.224964
4.000894 0.226415
4.003823 0.226415
4.006752 0.226415
4.009682 0.227866
4.012611 0.227866
4.015541 0.229318
4.018470 0.233672
4.021400 0.236575
4.024329 0.239478
4.027259 0.239478
4.030188 0.239478
4.033117 0.243832
4.036047 0.243832
4.038976 0.243832
4.041906 0.243832
4.044835 0.243832
4.047765 0.243832
4.050694 0.245283
4.053624 0.245283
4.056553 0.245283
4.059483 0.246734
4.062412 0.249637
4.065341 0.249637
4.068271 0.249637
4.071200 0.249637
4.074130 0.249637
4.077059 0.251089
4.079989 0.251089
4.082918 0.252540
4.085848 0.253991
4.088777 0.255443
4.091707 0.255443
4.094636 0.255443
4.097565 0.255443
4.100495 0.256894
4.103424 0.256894
4.106354 0.256894
4.109283 0.256894
4.112213 0.258345
4.115142 0.258345
4.118072 0.258345
4.121001 0.259797
4.123930 0.259797
4.126860 0.259797
4.129789 0.259797
4.132719 0.259797
4.135648 0.262700
4.138578 0.262700
4.141507 0.264151
4.144437 0.265602
4.147366 0.267054
4.150296 0.267054
4.153225 0.267054
4.156154 0.267054
4.159084 0.267054
4.162013 0.268505
4.164943 0.269956
4.167872 0.269956
4.170802 0.269956
4.173731 0.271408
4.176661 0.271408
4.179590 0.271408
4.182520 0.271408
4.185449 0.272859
4.188378 0.274311
4.191308 0.275762
4.194237 0.278665
4.197167 0.280116
4.200096 0.280116
4.203026 0.280116
4.205955 0.283019
4.208885 0.285922
4.211814 0.287373
4.214743 0.287373
4.217673 0.290276
4.220602 0.291727
4.223532 0.291727
4.226461 0.291727
4.229391 0.291727
4.232320 0.291727
4.235250 0.291727
4.238179 0.291727
4.241109 0.291727
4.244038 0.293179
4.246967 0.294630
4.249897 0.296081
4.252826 0.296081
4.255756 0.298984
4.258685 0.298984
4.261615 0.300435
4.264544 0.300435
4.267474 0.301887
4.270403 0.301887
4.273333 0.301887
4.276262 0.301887
4.279191 0.301887
4.282121 0.303338
4.285050 0.304790
4.287980 0.304790
4.290909 0.304790
4.293839 0.304790
4.296768 0.306241
4.299698 0.309144
4.302627 0.309144
4.305556 0.312046
4.308486 0.312046
4.311415 0.313498
4.314345 0.313498
4.317274 0.314949
4.320204 0.314949
4.323133 0.314949
4.326063 0.316401
4.328992 0.317852
4.331922 0.319303
4.334851 0.320755
4.337780 0.320755
4.340710 0.322206
4.343639 0.323657
4.346569 0.323657
4.349498 0.325109
4.352428 0.326560
4.355357 0.326560
4.358287 0.326560
4.361216 0.328012
4.364146 0.328012
4.367075 0.329463
4.370004 0.330914
4.372934 0.332366
4.375863 0.332366
4.378793 0.333817
4.381722 0.333817
4.384652 0.333817
4.387581 0.335269
4.390511 0.339623
4.393440 0.341074
4.396370 0.341074
4.399299 0.342525
4.402228 0.345428
4.405158 0.345428
4.408087 0.345428
4.411017 0.346880
4.413946 0.348331
4.416876 0.348331
4.419805 0.348331
4.422735 0.348331
4.425664 0.349782
4.428593 0.351234
4.431523 0.351234
4.434452 0.351234
4.437382 0.352685
4.440311 0.352685
4.443241 0.354136
4.446170 0.354136
4.449100 0.354136
4.452029 0.354136
4.454959 0.355588
4.457888 0.355588
4.460817 0.355588
4.463747 0.357039
4.466676 0.357039
4.469606 0.357039
4.472535 0.357039
4.475465 0.357039
4.478394 0.358491
4.481324 0.359942
4.484253 0.361393
4.487183 0.361393
4.490112 0.362845
4.493041 0.362845
4.495971 0.362845
4.498900 0.362845
4.501830 0.362845
4.504759 0.364296
4.507689 0.364296
4.510618 0.364296
4.513548 0.364296
4.516477 0.364296
4.519406 0.364296
4.522336 0.364296
4.525265 0.364296
4.528195 0.364296
4.531124 0.365747
4.534054 0.365747
4.536983 0.365747
4.539913 0.367199
4.542842 0.367199
4.545772 0.367199
4.548701 0.367199
4.551630 0.368650
4.554560 0.370102
4.557489 0.371553
4.560419 0.373004
4.563348 0.374456
4.566278 0.377358
4.569207 0.377358
4.572137 0.378810
4.575066 0.380261
4.577996 0.381713
4.580925 0.381713
4.583854 0.383164
4.586784 0.383164
4.589713 0.384615
4.592643 0.386067
4.595572 0.386067
4.598502 0.386067
4.601431 0.387518
4.604361 0.387518
4.607290 0.387518
4.610219 0.388970
4.613149 0.390421
4.616078 0.390421
4.619008 0.390421
4.621937 0.390421
4.624867 0.390421
4.627796 0.391872
4.630726 0.393324
4.633655 0.394775
4.636585 0.397678
4.639514 0.399129
4.642443 0.399129
4.645373 0.400581
4.648302 0.402032
4.651232 0.403483
4.654161 0.406386
4.657091 0.406386
4.660020 0.407837
4.662950 0.409289
4.665879 0.409289
4.668809 0.409289
4.671738 0.409289
4.674667 0.409289
4.677597 0.409289
4.680526 0.409289
4.683456 0.409289
4.686385 0.409289
4.689315 0.409289
4.692244 0.409289
4.695174 0.409289
4.698103 0.409289
4.701032 0.409289
4.703962 0.409289
4.706891 0.409289
4.709821 0.409289
4.712750 0.409289
4.715680 0.409289
4.718609 0.409289
4.721539 0.410740
4.724468 0.410740
4.727398 0.412192
4.730327 0.413643
4.733256 0.413643
4.736186 0.415094
4.739115 0.416546
4.742045 0.416546
4.744974 0.416546
4.747904 0.416546
4.750833 0.416546
4.753763 0.416546
4.756692 0.416546
4.759622 0.417997
4.762551 0.420900
4.765480 0.420900
4.768410 0.422351
4.771339 0.423803
4.774269 0.423803
4.777198 0.423803
4.780128 0.425254
4.783057 0.425254
4.785987 0.425254
4.788916 0.425254
4.791845 0.426705
4.794775 0.426705
4.797704 0.428157
4.800634 0.429608
4.803563 0.431060
4.806493 0.432511
4.809422 0.432511
4.812352 0.432511
4.815281 0.433962
4.818211 0.433962
4.821140 0.433962
4.824069 0.435414
4.826999 0.436865
4.829928 0.438316
4.832858 0.438316
4.835787 0.438316
4.838717 0.438316
4.841646 0.439768
4.844576 0.441219
4.847505 0.442671
4.850435 0.442671
4.853364 0.442671
4.856293 0.444122
4.859223 0.444122
4.862152 0.444122
4.865082 0.445573
4.868011 0.447025
4.870941 0.447025
4.873870 0.449927
4.876800 0.452830
4.879729 0.454282
4.882658 0.454282
4.885588 0.455733
4.888517 0.455733
4.891447 0.455733
4.894376 0.455733
4.897306 0.455733
4.900235 0.455733
4.903165 0.455733
4.906094 0.455733
4.909024 0.457184
4.911953 0.458636
4.914882 0.458636
4.917812 0.458636
4.920741 0.460087
4.923671 0.460087
4.926600 0.461538
4.929530 0.461538
4.932459 0.461538
4.935389 0.461538
4.938318 0.461538
4.941248 0.462990
4.944177 0.462990
4.947106 0.465893
4.950036 0.467344
4.952965 0.468795
4.955895 0.468795
4.958824 0.468795
4.961754 0.468795
4.964683 0.468795
4.967613 0.468795
4.970542 0.468795
4.973471 0.468795
4.976401 0.470247
4.979330 0.470247
4.982260 0.470247
4.985189 0.471698
4.988119 0.471698
4.991048 0.471698
4.993978 0.473149
4.996907 0.473149
4.999837 0.473149
5.002766 0.473149
5.005695 0.473149
5.008625 0.473149
5.011554 0.473149
5.014484 0.474601
5.017413 0.474601
5.020343 0.476052
5.023272 0.476052
5.026202 0.476052
5.029131 0.476052
5.032061 0.477504
5.034990 0.477504
5.037919 0.477504
5.040849 0.477504
5.043778 0.478955
5.046708 0.481858
5.049637 0.481858
5.052567 0.481858
5.055496 0.484761
5.058426 0.484761
5.061355 0.486212
5.064284 0.486212
5.067214 0.486212
5.070143 0.486212
5.073073 0.487663
5.076002 0.487663
5.078932 0.487663
5.081861 0.490566
5.084791 0.490566
5.087720 0.492017
5.090650 0.492017
5.093579 0.492017
5.096508 0.493469
5.099438 0.493469
5.102367 0.494920
5.105297 0.494920
5.108226 0.496372
5.111156 0.497823
5.114085 0.497823
5.117015 0.497823
5.119944 0.497823
5.122874 0.497823
5.125803 0.499274
5.128732 0.499274
5.131662 0.499274
5.134591 0.500726
5.137521 0.500726
5.140450 0.500726
5.143380 0.503628
5.146309 0.505080
5.149239 0.505080
5.152168 0.505080
5.155097 0.505080
5.158027 0.505080
5.160956 0.506531
5.163886 0.506531
5.166815 0.506531
5.169745 0.507983
5.172674 0.512337
5.175604 0.512337
5.178533 0.512337
5.181463 0.512337
5.184392 0.513788
5.187321 0.513788
5.190251 0.513788
5.193180 0.515239
5.196110 0.515239
5.199039 0.516691
5.201969 0.516691
5.204898 0.518142
5.207828 0.519594
5.210757 0.523948
5.213687 0.523948
5.216616 0.523948
5.219545 0.523948
5.222475 0.525399
5.225404 0.526851
5.228334 0.526851
5.231263 0.528302
5.234193 0.528302
5.237122 0.528302
5.240052 0.529753
5.242981 0.529753
5.245910 0.529753
5.248840 0.529753
5.251769 0.531205
5.254699 0.532656
5.257628 0.534107
5.260558 0.534107
5.263487 0.534107
5.266417 0.534107
5.269346 0.535559
5.272276 0.538462
5.275205 0.539913
5.278134 0.539913
5.281064 0.539913
5.283993 0.539913
5.286923 0.539913
5.289852 0.539913
5.292782 0.541364
5.295711 0.541364
5.298641 0.541364
5.301570 0.541364
5.304500 0.542816
5.307429 0.542816
5.310358 0.544267
5.313288 0.545718
5.316217 0.545718
5.319147 0.547170
5.322076 0.547170
5.325006 0.548621
5.327935 0.550073
5.330865 0.550073
5.333794 0.552975
5.336724 0.552975
5.339653 0.552975
5.342582 0.552975
5.345512 0.552975
5.348441 0.552975
5.351371 0.554427
5.354300 0.554427
5.357230 0.554427
5.360159 0.555878
5.363089 0.555878
5.366018 0.557329
5.368947 0.558781
5.371877 0.558781
5.374806 0.560232
5.377736 0.561684
5.380665 0.561684
5.383595 0.561684
5.386524 0.563135
5.389454 0.563135
5.392383 0.564586
5.395313 0.564586
5.398242 0.564586
5.401171 0.566038
5.404101 0.566038
5.407030 0.567489
5.409960 0.568940
5.412889 0.570392
5.415819 0.570392
5.418748 0.570392
5.421678 0.570392
5.424607 0.571843
5.427537 0.571843
5.430466 0.571843
5.433395 0.571843
5.436325 0.573295
5.439254 0.574746
5.442184 0.574746
5.445113 0.574746
5.448043 0.574746
5.450972 0.574746
5.453902 0.574746
5.456831 0.576197
5.459760 0.576197
5.462690 0.577649
5.465619 0.579100
5.468549 0.579100
5.471478 0.579100
5.474408 0.579100
5.477337 0.579100
5.480267 0.579100
5.483196 0.580552
5.486126 0.580552
5.489055 0.580552
5.491984 0.580552
5.494914 0.580552
5.497843 0.582003
5.500773 0.582003
5.503702 0.584906
5.506632 0.584906
5.509561 0.584906
5.512491 0.586357
5.515420 0.586357
5.518350 0.587808
5.521279 0.587808
5.524208 0.587808
5.527138 0.587808
5.530067 0.587808
5.532997 0.589260
5.535926 0.589260
5.538856 0.589260
5.541785 0.589260
5.544715 0.590711
5.547644 0.590711
5.550573 0.592163
5.553503 0.592163
5.556432 0.592163
5.559362 0.592163
5.562291 0.592163
5.565221 0.592163
5.568150 0.592163
5.571080 0.592163
5.574009 0.592163
5.576939 0.593614
5.579868 0.593614
5.582797 0.593614
5.585727 0.593614
5.588656 0.593614
5.591586 0.593614
5.594515 0.593614
5.597445 0.596517
5.600374 0.596517
5.603304 0.596517
5.606233 0.596517
5.609163 0.597968
5.612092 0.597968
5.615021 0.597968
5.617951 0.597968
5.620880 0.597968
5.623810 0.597968
5.626739 0.599419
5.629669 0.599419
5.632598 0.600871
5.635528 0.600871
5.638457 0.600871
5.641386 0.600871
5.644316 0.600871
5.647245 0.602322
5.650175 0.602322
5.653104 0.602322
5.656034 0.602322
5.658963 0.602322
5.661893 0.602322
5.664822 0.602322
5.667752 0.602322
5.670681 0.603774
5.673610 0.605225
5.676540 0.605225
5.679469 0.605225
5.682399 0.605225
5.685328 0.606676
5.688258 0.608128
5.691187 0.608128
5.694117 0.608128
5.697046 0.608128
5.699976 0.608128
5.702905 0.609579
5.705834 0.609579
5.708764 0.612482
5.711693 0.613933
5.714623 0.613933
5.717552 0.615385
5.720482 0.616836
5.723411 0.616836
5.726341 0.616836
5.729270 0.616836
5.732199 0.618287
5.735129 0.618287
5.738058 0.618287
5.740988 0.618287
5.743917 0.619739
5.746847 0.619739
5.749776 0.619739
5.752706 0.619739
5.755635 0.619739
5.758565 0.622642
5.761494 0.622642
5.764423 0.622642
5.767353 0.622642
5.770282 0.622642
5.773212 0.622642
5.776141 0.622642
5.779071 0.622642
5.782000 0.624093
5.784930 0.625544
5.787859 0.626996
5.790789 0.626996
5.793718 0.626996
5.796647 0.628447
5.799577 0.628447
5.802506 0.629898
5.805436 0.629898
5.808365 0.629898
5.811295 0.629898
5.814224 0.629898
5.817154 0.629898
5.820083 0.629898
5.823012 0.629898
5.825942 0.629898
5.828871 0.629898
5.831801 0.629898
5.834730 0.631350
5.837660 0.631350
5.840589 0.631350
5.843519 0.631350
5.846448 0.632801
5.849378 0.632801
5.852307 0.634253
5.855236 0.635704
5.858166 0.635704
5.861095 0.635704
5.864025 0.635704
5.866954 0.635704
5.869884 0.637155
5.872813 0.637155
5.875743 0.638607
5.878672 0.638607
5.881602 0.638607
5.884531 0.640058
5.887460 0.640058
5.890390 0.641509
5.893319 0.641509
5.896249 0.641509
5.899178 0.641509
5.902108 0.641509
5.905037 0.641509
5.907967 0.642961
5.910896 0.642961
5.913825 0.642961
5.916755 0.642961
5.919684 0.642961
5.922614 0.642961
5.925543 0.642961
5.928473 0.642961
5.931402 0.644412
5.934332 0.644412
5.937261 0.644412
5.940191 0.644412
5.943120 0.644412
5.946049 0.644412
5.948979 0.644412
5.951908 0.644412
5.954838 0.644412
5.957767 0.644412
5.960697 0.644412
5.963626 0.644412
5.966556 0.644412
5.969485 0.644412
5.972415 0.644412
5.975344 0.644412
5.978273 0.645864
5.981203 0.647315
5.984132 0.647315
5.987062 0.647315
5.989991 0.648766
5.992921 0.648766
5.995850 0.648766
5.998780 0.648766
6.001709 0.648766
6.004638 0.648766
6.007568 0.648766
6.010497 0.650218
6.013427 0.650218
6.016356 0.650218
6.019286 0.651669
6.022215 0.651669
6.025145 0.651669
6.028074 0.653120
6.031004 0.654572
6.033933 0.654572
6.036862 0.654572
6.039792 0.654572
6.042721 0.654572
6.045651 0.654572
6.048580 0.656023
6.051510 0.657475
6.054439 0.658926
6.057369 0.658926
6.060298 0.660377
6.063228 0.663280
6.066157 0.663280
6.069086 0.664731
6.072016 0.664731
6.074945 0.664731
6.077875 0.664731
6.080804 0.664731
6.083734 0.664731
6.086663 0.664731
6.089593 0.664731
6.092522 0.666183
6.095451 0.666183
6.098381 0.666183
6.101310 0.666183
6.104240 0.669086
6.107169 0.669086
6.110099 0.669086
6.113028 0.669086
6.115958 0.671988
6.118887 0.671988
6.121817 0.671988
6.124746 0.673440
6.127675 0.674891
6.130605 0.674891
6.133534 0.674891
6.136464 0.674891
6.139393 0.674891
6.142323 0.676343
6.145252 0.679245
6.148182 0.679245
6.151111 0.679245
6.154041 0.679245
6.156970 0.679245
6.159899 0.679245
6.162829 0.679245
6.165758 0.679245
6.168688 0.679245
6.171617 0.680697
6.174547 0.680697
6.177476 0.682148
6.180406 0.682148
6.183335 0.682148
6.186264 0.682148
6.189194 0.682148
6.192123 0.682148
6.195053 0.682148
6.197982 0.682148
6.200912 0.682148
6.203841 0.682148
6.206771 0.682148
6.209700 0.683599
6.212630 0.685051
6.215559 0.685051
6.218488 0.685051
6.221418 0.687954
6.224347 0.687954
6.227277 0.687954
6.230206 0.687954
6.233136 0.687954
6.236065 0.687954
6.238995 0.689405
6.241924 0.689405
6.244854 0.689405
6.247783 0.689405
6.250712 0.689405
6.253642 0.690856
6.256571 0.693759
6.259501 0.693759
6.262430 0.693759
6.265360 0.693759
6.268289 0.693759
6.271219 0.696662
6.274148 0.696662
6.277078 0.696662
6.280007 0.696662
6.282936 0.696662
6.285866 0.696662
6.288795 0.696662
6.291725 0.696662
6.294654 0.699565
6.297584 0.699565
6.300513 0.699565
6.303443 0.701016
6.306372 0.701016
6.309301 0.701016
6.312231 0.701016
6.315160 0.701016
6.318090 0.701016
6.321019 0.701016
6.323949 0.701016
6.326878 0.701016
6.329808 0.701016
6.332737 0.701016
6.335667 0.703919
6.338596 0.703919
6.341525 0.703919
6.344455 0.705370
6.347384 0.705370
6.350314 0.706821
6.353243 0.706821
6.356173 0.706821
6.359102 0.708273
6.362032 0.708273
6.364961 0.708273
6.367891 0.708273
6.370820 0.708273
6.373749 0.709724
6.376679 0.709724
6.379608 0.709724
6.382538 0.711176
6.385467 0.711176
6.388397 0.711176
6.391326 0.712627
6.394256 0.714078
6.397185 0.714078
6.400114 0.714078
6.403044 0.715530
6.405973 0.716981
6.408903 0.716981
6.411832 0.716981
6.414762 0.716981
6.417691 0.716981
6.420621 0.718433
6.423550 0.719884
6.426480 0.719884
6.429409 0.721335
6.432338 0.721335
6.435268 0.721335
6.438197 0.721335
6.441127 0.721335
6.444056 0.721335
6.446986 0.721335
6.449915 0.721335
6.452845 0.721335
6.455774 0.721335
6.458704 0.721335
6.461633 0.721335
6.464562 0.721335
6.467492 0.721335
6.470421 0.721335
6.473351 0.721335
6.476280 0.722787
6.479210 0.724238
6.482139 0.724238
6.485069 0.725689
6.487998 0.725689
6.490927 0.725689
6.493857 0.727141
6.496786 0.728592
6.499716 0.728592
6.502645 0.728592
6.505575 0.728592
6.508504 0.730044
6.511434 0.730044
6.514363 0.730044
6.517293 0.730044
6.520222 0.730044
6.523151 0.730044
6.526081 0.731495
6.529010 0.731495
6.531940 0.731495
6.534869 0.731495
6.537799 0.731495
6.540728 0.731495
6.543658 0.731495
6.546587 0.731495
6.549517 0.731495
6.552446 0.731495
6.555375 0.731495
6.558305 0.731495
6.561234 0.731495
6.564164 0.731495
6.567093 0.734398
6.570023 0.734398
6.572952 0.734398
6.575882 0.734398
6.578811 0.734398
6.581740 0.734398
6.584670 0.734398
6.587599 0.735849
6.590529 0.735849
6.593458 0.735849
6.596388 0.735849
6.599317 0.735849
6.602247 0.735849
6.605176 0.735849
6.608106 0.735849
6.611035 0.735849
6.613964 0.737300
6.616894 0.737300
6.619823 0.737300
6.622753 0.737300
6.625682 0.737300
6.628612 0.737300
6.631541 0.737300
6.634471 0.740203
6.637400 0.740203
6.640330 0.740203
6.643259 0.740203
6.646188 0.740203
6.649118 0.740203
6.652047 0.740203
6.654977 0.740203
6.657906 0.740203
6.660836 0.740203
6.663765 0.740203
6.666695 0.743106
6.669624 0.743106
6.672553 0.743106
6.675483 0.743106
6.678412 0.743106
6.681342 0.743106
6.684271 0.743106
6.687201 0.743106
6.690130 0.743106
6.693060 0.743106
6.695989 0.744557
6.698919 0.744557
6.701848 0.744557
6.704777 0.744557
6.707707 0.744557
6.710636 0.744557
6.713566 0.744557
6.716495 0.744557
6.719425 0.744557
6.722354 0.744557
6.725284 0.747460
6.728213 0.747460
6.731143 0.747460
6.734072 0.748911
6.737001 0.748911
6.739931 0.751814
6.742860 0.751814
6.745790 0.751814
6.748719 0.753266
6.751649 0.753266
6.754578 0.753266
6.757508 0.753266
6.760437 0.753266
6.763366 0.753266
6.766296 0.754717
6.769225 0.754717
6.772155 0.754717
6.775084 0.754717
6.778014 0.754717
6.780943 0.754717
6.783873 0.754717
6.786802 0.754717
6.789732 0.754717
6.792661 0.754717
6.795590 0.754717
6.798520 0.754717
6.801449 0.754717
6.804379 0.754717
6.807308 0.754717
6.810238 0.754717
6.813167 0.754717
6.816097 0.754717
6.819026 0.754717
6.821956 0.754717
6.824885 0.756168
6.827814 0.756168
6.830744 0.757620
6.833673 0.757620
6.836603 0.757620
6.839532 0.757620
6.842462 0.759071
6.845391 0.759071
6.848321 0.759071
6.851250 0.759071
6.854179 0.759071
6.857109 0.759071
6.860038 0.759071
6.862968 0.760522
6.865897 0.760522
6.868827 0.760522
6.871756 0.760522
6.874686 0.760522
6.877615 0.760522
6.880545 0.760522
6.883474 0.760522
6.886403 0.760522
6.889333 0.761974
6.892262 0.761974
6.895192 0.761974
6.898121 0.761974
6.901051 0.761974
6.903980 0.761974
6.906910 0.761974
6.909839 0.761974
6.912769 0.761974
6.915698 0.761974
6.918627 0.761974
6.921557 0.761974
6.924486 0.761974
6.927416 0.761974
6.930345 0.763425
6.933275 0.763425
6.936204 0.763425
6.939134 0.763425
6.942063 0.763425
6.944992 0.763425
6.947922 0.763425
6.950851 0.763425
6.953781 0.763425
6.956710 0.763425
6.959640 0.764877
6.962569 0.766328
6.965499 0.766328
6.968428 0.766328
6.971358 0.766328
6.974287 0.766328
6.977216 0.767779
6.980146 0.767779
6.983075 0.769231
6.986005 0.769231
6.988934 0.769231
6.991864 0.769231
6.994793 0.769231
6.997723 0.769231
7.000652 0.770682
7.003582 0.770682
7.006511 0.772134
7.009440 0.772134
7.012370 0.772134
7.015299 0.773585
7.018229 0.775036
7.021158 0.776488
7.024088 0.776488
7.027017 0.776488
7.029947 0.777939
7.032876 0.779390
7.035805 0.780842
7.038735 0.783745
7.041664 0.783745
7.044594 0.783745
7.047523 0.783745
7.050453 0.783745
7.053382 0.785196
7.056312 0.785196
7.059241 0.785196
7.062171 0.785196
7.065100 0.785196
7.068029 0.785196
7.070959 0.785196
7.073888 0.785196
7.076818 0.786647
7.079747 0.788099
7.082677 0.788099
7.085606 0.788099
7.088536 0.788099
7.091465 0.788099
7.094395 0.788099
7.097324 0.788099
7.100253 0.789550
7.103183 0.789550
7.106112 0.789550
7.109042 0.789550
7.111971 0.792453
7.114901 0.792453
7.117830 0.793904
7.120760 0.793904
7.123689 0.793904
7.126618 0.795356
7.129548 0.795356
7.132477 0.795356
7.135407 0.795356
7.138336 0.795356
7.141266 0.795356
7.144195 0.795356
7.147125 0.795356
7.150054 0.795356
7.152984 0.795356
7.155913 0.795356
7.158842 0.795356
7.161772 0.795356
7.164701 0.795356
7.167631 0.796807
7.170560 0.796807
7.173490 0.796807
7.176419 0.796807
7.179349 0.796807
7.182278 0.798258
7.185208 0.799710
7.188137 0.799710
7.191066 0.799710
7.193996 0.799710
7.196925 0.801161
7.199855 0.802612
7.202784 0.802612
7.205714 0.802612
7.208643 0.802612
7.211573 0.804064
7.214502 0.804064
7.217432 0.804064
7.220361 0.805515
7.223290 0.805515
7.226220 0.805515
7.229149 0.805515
7.232079 0.805515
7.235008 0.806967
7.237938 0.808418
7.240867 0.808418
7.243797 0.808418
7.246726 0.808418
7.249655 0.808418
7.252585 0.808418
7.255514 0.809869
7.258444 0.809869
7.261373 0.809869
7.264303 0.809869
7.267232 0.809869
7.270162 0.809869
7.273091 0.809869
7.276021 0.809869
7.278950 0.809869
7.281879 0.809869
7.284809 0.809869
7.287738 0.809869
7.290668 0.809869
7.293597 0.809869
7.296527 0.809869
7.299456 0.809869
7.302386 0.809869
7.305315 0.809869
7.308245 0.809869
7.311174 0.809869
7.314103 0.811321
7.317033 0.811321
7.319962 0.811321
7.322892 0.811321
7.325821 0.811321
7.328751 0.811321
7.331680 0.811321
7.334610 0.811321
7.337539 0.811321
7.340468 0.811321
7.343398 0.811321
7.346327 0.811321
7.349257 0.811321
7.352186 0.812772
7.355116 0.812772
7.358045 0.812772
7.360975 0.812772
7.363904 0.812772
7.366834 0.815675
7.369763 0.815675
7.372692 0.815675
7.375622 0.815675
7.378551 0.815675
7.381481 0.815675
7.384410 0.815675
7.387340 0.815675
7.390269 0.815675
7.393199 0.815675
7.396128 0.815675
7.399058 0.815675
7.401987 0.815675
7.404916 0.815675
7.407846 0.815675
7.410775 0.815675
7.413705 0.815675
7.416634 0.815675
7.419564 0.815675
7.422493 0.815675
7.425423 0.815675
7.428352 0.815675
7.431281 0.815675
7.434211 0.815675
7.437140 0.815675
7.440070 0.815675
7.442999 0.815675
7.445929 0.815675
7.448858 0.815675
7.451788 0.815675
7.454717 0.815675
7.457647 0.815675
7.460576 0.815675
7.463505 0.815675
7.466435 0.815675
7.469364 0.815675
7.472294 0.815675
7.475223 0.817126
7.478153 0.817126
7.481082 0.817126
7.484012 0.817126
7.486941 0.817126
7.489871 0.817126
7.492800 0.817126
7.495729 0.817126
7.498659 0.817126
7.501588 0.817126
7.504518 0.817126
7.507447 0.818578
7.510377 0.818578
7.513306 0.818578
7.516236 0.818578
7.519165 0.818578
7.522094 0.818578
7.525024 0.818578
7.527953 0.818578
7.530883 0.818578
7.533812 0.818578
7.536742 0.818578
7.539671 0.818578
7.542601 0.818578
7.545530 0.818578
7.548460 0.818578
7.551389 0.818578
7.554318 0.818578
7.557248 0.820029
7.560177 0.821480
7.563107 0.821480
7.566036 0.821480
7.568966 0.821480
7.571895 0.821480
7.574825 0.821480
7.577754 0.821480
7.580684 0.821480
7.583613 0.821480
7.586542 0.821480
7.589472 0.821480
7.592401 0.821480
7.595331 0.821480
7.598260 0.821480
7.601190 0.821480
7.604119 0.821480
7.607049 0.821480
7.609978 0.821480
7.612907 0.821480
7.615837 0.821480
7.618766 0.821480
7.621696 0.821480
7.624625 0.821480
7.627555 0.821480
7.630484 0.821480
7.633414 0.821480
7.636343 0.821480
7.639273 0.821480
7.642202 0.821480
7.645131 0.822932
7.648061 0.822932
7.650990 0.822932
7.653920 0.822932
7.656849 0.822932
7.659779 0.822932
7.662708 0.822932
7.665638 0.822932
7.668567 0.822932
7.671497 0.822932
7.674426 0.822932
7.677355 0.822932
7.680285 0.822932
7.683214 0.822932
7.686144 0.822932
7.689073 0.822932
7.692003 0.822932
7.694932 0.822932
7.697862 0.822932
7.700791 0.822932
7.703720 0.822932
7.706650 0.822932
7.709579 0.822932
7.712509 0.822932
7.715438 0.822932
7.718368 0.822932
7.721297 0.822932
7.724227 0.822932
7.727156 0.822932
7.730086 0.822932
7.733015 0.822932
7.735944 0.822932
7.738874 0.822932
7.741803 0.822932
7.744733 0.822932
7.747662 0.822932
7.750592 0.822932
7.753521 0.822932
7.756451 0.822932
7.759380 0.822932
7.762310 0.822932
7.765239 0.822932
7.768168 0.822932
7.771098 0.822932
7.774027 0.822932
7.776957 0.822932
7.779886 0.824383
7.782816 0.824383
7.785745 0.824383
7.788675 0.824383
7.791604 0.824383
7.794533 0.824383
7.797463 0.824383
7.800392 0.824383
7.803322 0.824383
7.806251 0.824383
7.809181 0.824383
7.812110 0.824383
7.815040 0.824383
7.817969 0.824383
7.820899 0.824383
7.823828 0.824383
7.826757 0.824383
7.829687 0.824383
7.832616 0.824383
7.835546 0.824383
7.838475 0.824383
7.841405 0.824383
7.844334 0.825835
7.847264 0.825835
7.850193 0.827286
7.853123 0.828737
7.856052 0.828737
7.858981 0.830189
7.861911 0.830189
7.864840 0.831640
7.867770 0.831640
7.870699 0.831640
7.873629 0.831640
7.876558 0.831640
7.879488 0.831640
7.882417 0.831640
7.885346 0.831640
7.888276 0.831640
7.891205 0.833091
7.894135 0.834543
7.897064 0.834543
7.899994 0.834543
7.902923 0.834543
7.905853 0.834543
7.908782 0.834543
7.911712 0.834543
7.914641 0.834543
7.917570 0.835994
7.920500 0.835994
7.923429 0.835994
7.926359 0.837446
7.929288 0.837446
7.932218 0.837446
7.935147 0.837446
7.938077 0.837446
7.941006 0.837446
7.943936 0.837446
7.946865 0.837446
7.949794 0.837446
7.952724 0.837446
7.955653 0.837446
7.958583 0.838897
7.961512 0.838897
7.964442 0.838897
7.967371 0.838897
7.970301 0.838897
7.973230 0.838897
7.976159 0.838897
7.979089 0.838897
7.982018 0.838897
7.984948 0.838897
7.987877 0.838897
7.990807 0.838897
7.993736 0.840348
7.996666 0.840348
7.999595 0.840348
