2.214865 0.001451
2.217133 0.001451
2.219402 0.001451
2.221670 0.001451
2.223939 0.001451
2.226207 0.001451
2.228476 0.001451
2.230744 0.001451
2.233013 0.001451
2.235281 0.001451
2.237550 0.001451
2.239818 0.001451
2.242086 0.001451
2.244355 0.001451
2.246623 0.001451
2.248892 0.001451
2.251160 0.001451
2.253429 0.001451
2.255697 0.001451
2.257966 0.001451
2.260234 0.001451
2.262503 0.001451
2.264771 0.001451
2.267040 0.001451
2.269308 0.001451
2.271576 0.001451
2.273845 0.001451
2.276113 0.001451
2.278382 0.001451
2.280650 0.001451
2.282919 0.001451
2.285187 0.001451
2.287456 0.002903
2.289724 0.002903
2.291993 0.002903
2.294261 0.002903
2.296530 0.002903
2.298798 0.002903
2.301067 0.002903
2.303335 0.002903
2.305603 0.002903
2.307872 0.002903
2.310140 0.002903
2.312409 0.002903
2.314677 0.002903
2.316946 0.002903
2.319214 0.002903
2.321483 0.002903
2.323751 0.002903
2.326020 0.004354
2.328288 0.004354
2.330557 0.004354
2.332825 0.004354
2.335094 0.004354
2.337362 0.004354
2.339630 0.004354
2.341899 0.004354
2.344167 0.004354
2.346436 0.004354
2.348704 0.004354
2.350973 0.004354
2.353241 0.004354
2.355510 0.004354
2.357778 0.004354
2.360047 0.004354
2.362315 0.004354
2.364584 0.005806
2.366852 0.005806
2.369121 0.005806
2.371389 0.005806
2.373657 0.005806
2.375926 0.005806
2.378194 0.005806
2.380463 0.005806
2.382731 0.005806
2.385000 0.005806
2.387268 0.005806
2.389537 0.005806
2.391805 0.005806
2.394074 0.005806
2.396342 0.005806
2.398611 0.005806
2.400879 0.005806
2.403148 0.005806
2.405416 0.005806
2.407684 0.005806
2.409953 0.005806
2.412221 0.005806
2.414490 0.005806
2.416758 0.005806
2.419027 0.007257
2.421295 0.007257
2.423564 0.007257
2.425832 0.007257
2.428101 0.007257
2.430369 0.007257
2.432638 0.007257
2.434906 0.007257
2.437175 0.007257
2.439443 0.007257
2.441711 0.008708
2.443980 0.008708
2.446248 0.008708
2.448517 0.008708
2.450785 0.008708
2.453054 0.008708
2.455322 0.008708
2.457591 0.008708
2.459859 0.008708
2.462128 0.008708
2.464396 0.008708
2.466665 0.008708
2.468933 0.008708
2.471202 0.008708
2.473470 0.008708
2.475738 0.008708
2.478007 0.008708
2.480275 0.008708
2.482544 0.010160
2.484812 0.010160
2.487081 0.010160
2.489349 0.010160
2.491618 0.010160
2.493886 0.010160
2.496155 0.010160
2.498423 0.010160
2.500692 0.010160
2.502960 0.010160
2.505229 0.010160
2.507497 0.011611
2.509765 0.011611
2.512034 0.011611
2.514302 0.011611
2.516571 0.011611
2.518839 0.011611
2.521108 0.011611
2.523376 0.011611
2.525645 0.011611
2.527913 0.011611
2.530182 0.011611
2.532450 0.011611
2.534719 0.011611
2.536987 0.011611
2.539256 0.013062
2.541524 0.013062
2.543792 0.013062
2.546061 0.013062
2.548329 0.013062
2.550598 0.013062
2.552866 0.013062
2.555135 0.013062
2.557403 0.013062
2.559672 0.013062
2.561940 0.013062
2.564209 0.013062
2.566477 0.013062
2.568746 0.014514
2.571014 0.014514
2.573283 0.014514
2.575551 0.014514
2.577819 0.014514
2.580088 0.014514
2.582356 0.014514
2.584625 0.014514
2.586893 0.014514
2.589162 0.014514
2.591430 0.014514
2.593699 0.014514
2.595967 0.014514
2.598236 0.014514
2.600504 0.014514
2.602773 0.014514
2.605041 0.014514
2.607310 0.014514
2.609578 0.014514
2.611846 0.014514
2.614115 0.014514
2.616383 0.014514
2.618652 0.014514
2.620920 0.014514
2.623189 0.014514
2.625457 0.015965
2.627726 0.015965
2.629994 0.015965
2.632263 0.017417
2.634531 0.017417
2.636800 0.017417
2.639068 0.017417
2.641337 0.017417
2.643605 0.017417
2.645873 0.017417
2.648142 0.017417
2.650410 0.017417
2.652679 0.017417
2.654947 0.018868
2.657216 0.018868
2.659484 0.020319
2.661753 0.020319
2.664021 0.020319
2.666290 0.020319
2.668558 0.020319
2.670827 0.020319
2.673095 0.020319
2.675364 0.020319
2.677632 0.020319
2.679900 0.020319
2.682169 0.020319
2.684437 0.020319
2.686706 0.020319
2.688974 0.021771
2.691243 0.021771
2.693511 0.021771
2.695780 0.023222
2.698048 0.023222
2.700317 0.023222
2.702585 0.024673
2.704854 0.024673
2.707122 0.024673
2.709391 0.026125
2.711659 0.026125
2.713927 0.026125
2.716196 0.026125
2.718464 0.027576
2.720733 0.027576
2.723001 0.027576
2.725270 0.027576
2.727538 0.030479
2.729807 0.030479
2.732075 0.031930
2.734344 0.031930
2.736612 0.033382
2.738881 0.033382
2.741149 0.033382
2.743418 0.033382
2.745686 0.033382
2.747954 0.033382
2.750223 0.036284
2.752491 0.036284
2.754760 0.036284
2.757028 0.036284
2.759297 0.037736
2.761565 0.037736
2.763834 0.039187
2.766102 0.040639
2.768371 0.040639
2.770639 0.040639
2.772908 0.040639
2.775176 0.040639
2.777444 0.043541
2.779713 0.043541
2.781981 0.043541
2.784250 0.043541
2.786518 0.044993
2.788787 0.046444
2.791055 0.046444
2.793324 0.046444
2.795592 0.046444
2.797861 0.046444
2.800129 0.046444
2.802398 0.046444
2.804666 0.046444
2.806935 0.046444
2.809203 0.046444
2.811471 0.049347
2.813740 0.049347
2.816008 0.049347
2.818277 0.049347
2.820545 0.049347
2.822814 0.049347
2.825082 0.049347
2.827351 0.049347
2.829619 0.049347
2.831888 0.050798
2.834156 0.050798
2.836425 0.050798
2.838693 0.050798
2.840962 0.050798
2.843230 0.052250
2.845498 0.052250
2.847767 0.052250
2.850035 0.053701
2.852304 0.053701
2.854572 0.053701
2.856841 0.053701
2.859109 0.053701
2.861378 0.053701
2.863646 0.053701
2.865915 0.053701
2.868183 0.055152
2.870452 0.055152
2.872720 0.055152
2.874989 0.056604
2.877257 0.056604
2.879525 0.056604
2.881794 0.056604
2.884062 0.058055
2.886331 0.059507
2.888599 0.060958
2.890868 0.060958
2.893136 0.062409
2.895405 0.062409
2.897673 0.062409
2.899942 0.062409
2.902210 0.063861
2.904479 0.063861
2.906747 0.063861
2.909016 0.063861
2.911284 0.063861
2.913552 0.063861
2.915821 0.063861
2.918089 0.063861
2.920358 0.066763
2.922626 0.068215
2.924895 0.068215
2.927163 0.069666
2.929432 0.069666
2.931700 0.069666
2.933969 0.069666
2.936237 0.069666
2.938506 0.069666
2.940774 0.071118
2.943043 0.071118
2.945311 0.071118
2.947579 0.071118
2.949848 0.072569
2.952116 0.072569
2.954385 0.072569
2.956653 0.072569
2.958922 0.072569
2.961190 0.072569
2.963459 0.074020
2.965727 0.074020
2.967996 0.074020
2.970264 0.075472
2.972533 0.075472
2.974801 0.076923
2.977070 0.078374
2.979338 0.078374
2.981606 0.079826
2.983875 0.079826
2.986143 0.079826
2.988412 0.081277
2.990680 0.081277
2.992949 0.081277
2.995217 0.081277
2.997486 0.081277
2.999754 0.081277
3.002023 0.082729
3.004291 0.084180
3.006560 0.084180
3.008828 0.084180
3.011097 0.084180
3.013365 0.084180
3.015633 0.084180
3.017902 0.085631
3.020170 0.085631
3.022439 0.085631
3.024707 0.085631
3.026976 0.085631
3.029244 0.085631
3.031513 0.085631
3.033781 0.085631
3.036050 0.085631
3.038318 0.085631
3.040587 0.085631
3.042855 0.085631
3.045124 0.085631
3.047392 0.087083
3.049660 0.088534
3.051929 0.088534
3.054197 0.089985
3.056466 0.089985
3.058734 0.091437
3.061003 0.092888
3.063271 0.092888
3.065540 0.092888
3.067808 0.092888
3.070077 0.092888
3.072345 0.094340
3.074614 0.094340
3.076882 0.095791
3.079151 0.095791
3.081419 0.097242
3.083687 0.097242
3.085956 0.098694
3.088224 0.098694
3.090493 0.098694
3.092761 0.098694
3.095030 0.098694
3.097298 0.100145
3.099567 0.101597
3.101835 0.101597
3.104104 0.101597
3.106372 0.101597
3.108641 0.103048
3.110909 0.103048
3.113178 0.104499
3.115446 0.104499
3.117714 0.104499
3.119983 0.104499
3.122251 0.104499
3.124520 0.104499
3.126788 0.104499
3.129057 0.104499
3.131325 0.104499
3.133594 0.105951
3.135862 0.107402
3.138131 0.107402
3.140399 0.111756
3.142668 0.113208
3.144936 0.114659
3.147205 0.114659
3.149473 0.116110
3.151741 0.117562
3.154010 0.117562
3.156278 0.119013
3.158547 0.119013
3.160815 0.119013
3.163084 0.120464
3.165352 0.120464
3.167621 0.123367
3.169889 0.123367
3.172158 0.124819
3.174426 0.124819
3.176695 0.124819
3.178963 0.124819
3.181232 0.126270
3.183500 0.127721
3.185768 0.127721
3.188037 0.127721
3.190305 0.129173
3.192574 0.130624
3.194842 0.132075
3.197111 0.132075
3.199379 0.132075
3.201648 0.133527
3.203916 0.134978
3.206185 0.136430
3.208453 0.136430
3.210722 0.137881
3.212990 0.137881
3.215259 0.137881
3.217527 0.139332
3.219795 0.139332
3.222064 0.140784
3.224332 0.140784
3.226601 0.142235
3.228869 0.142235
3.231138 0.142235
3.233406 0.143687
3.235675 0.145138
3.237943 0.145138
3.240212 0.145138
3.242480 0.146589
3.244749 0.146589
3.247017 0.149492
3.249286 0.149492
3.251554 0.149492
3.253822 0.150943
3.256091 0.152395
3.258359 0.152395
3.260628 0.152395
3.262896 0.153846
3.265165 0.155298
3.267433 0.155298
3.269702 0.158200
3.271970 0.158200
3.274239 0.158200
3.276507 0.158200
3.278776 0.161103
3.281044 0.161103
3.283312 0.162554
3.285581 0.162554
3.287849 0.162554
3.290118 0.164006
3.292386 0.164006
3.294655 0.164006
3.296923 0.166909
3.299192 0.166909
3.301460 0.169811
3.303729 0.171263
3.305997 0.172714
3.308266 0.172714
3.310534 0.174165
3.312803 0.174165
3.315071 0.174165
3.317339 0.174165
3.319608 0.174165
3.321876 0.174165
3.324145 0.174165
3.326413 0.174165
3.328682 0.174165
3.330950 0.174165
3.333219 0.175617
3.335487 0.175617
3.337756 0.178520
3.340024 0.179971
3.342293 0.179971
3.344561 0.181422
3.346830 0.181422
3.349098 0.181422
3.351366 0.181422
3.353635 0.182874
3.355903 0.182874
3.358172 0.184325
3.360440 0.184325
3.362709 0.184325
3.364977 0.184325
3.367246 0.184325
3.369514 0.184325
3.371783 0.184325
3.374051 0.184325
3.376320 0.184325
3.378588 0.184325
3.380857 0.184325
3.383125 0.184325
3.385393 0.185776
3.387662 0.185776
3.389930 0.185776
3.392199 0.187228
3.394467 0.187228
3.396736 0.187228
3.399004 0.187228
3.401273 0.187228
3.403541 0.187228
3.405810 0.187228
3.408078 0.188679
3.410347 0.191582
3.412615 0.191582
3.414884 0.194485
3.417152 0.195936
3.419420 0.197388
3.421689 0.197388
3.423957 0.198839
3.426226 0.198839
3.428494 0.200290
3.430763 0.200290
3.433031 0.200290
3.435300 0.201742
3.437568 0.204644
3.439837 0.204644
3.442105 0.204644
3.444374 0.204644
3.446642 0.206096
3.448911 0.207547
3.451179 0.207547
3.453447 0.208999
3.455716 0.208999
3.457984 0.208999
3.460253 0.208999
3.462521 0.208999
3.464790 0.208999
3.467058 0.211901
3.469327 0.211901
3.471595 0.214804
3.473864 0.214804
3.476132 0.217707
3.478401 0.219158
3.480669 0.219158
3.482938 0.220610
3.485206 0.220610
3.487474 0.222061
3.489743 0.222061
3.492011 0.223512
3.494280 0.224964
3.496548 0.226415
3.498817 0.226415
3.501085 0.227866
3.503354 0.229318
3.505622 0.229318
3.507891 0.229318
3.510159 0.229318
3.512428 0.230769
3.514696 0.232221
3.516965 0.232221
3.519233 0.233672
3.521501 0.233672
3.523770 0.233672
3.526038 0.233672
3.528307 0.233672
3.530575 0.233672
3.532844 0.235123
3.535112 0.235123
3.537381 0.235123
3.539649 0.235123
3.541918 0.236575
3.544186 0.238026
3.546455 0.238026
3.548723 0.238026
3.550992 0.238026
3.553260 0.238026
3.555528 0.240929
3.557797 0.243832
3.560065 0.243832
3.562334 0.243832
3.564602 0.243832
3.566871 0.243832
3.569139 0.245283
3.571408 0.245283
3.573676 0.245283
3.575945 0.249637
3.578213 0.251089
3.580482 0.251089
3.582750 0.253991
3.585019 0.255443
3.587287 0.255443
3.589555 0.259797
3.591824 0.259797
3.594092 0.259797
3.596361 0.259797
3.598629 0.261248
3.600898 0.262700
3.603166 0.264151
3.605435 0.264151
3.607703 0.267054
3.609972 0.267054
3.612240 0.268505
3.614509 0.269956
3.616777 0.271408
3.619046 0.274311
3.621314 0.275762
3.623582 0.277213
3.625851 0.277213
3.628119 0.277213
3.630388 0.277213
3.632656 0.277213
3.634925 0.278665
3.637193 0.278665
3.639462 0.280116
3.641730 0.284470
3.643999 0.284470
3.646267 0.285922
3.648536 0.285922
3.650804 0.288824
3.653073 0.290276
3.655341 0.291727
3.657609 0.291727
3.659878 0.293179
3.662146 0.293179
3.664415 0.293179
3.666683 0.293179
3.668952 0.293179
3.671220 0.293179
3.673489 0.293179
3.675757 0.296081
3.678026 0.296081
3.680294 0.296081
3.682563 0.296081
3.684831 0.296081
3.687100 0.296081
3.689368 0.296081
3.691636 0.296081
3.693905 0.296081
3.696173 0.296081
3.698442 0.296081
3.700710 0.296081
3.702979 0.297533
3.705247 0.297533
3.707516 0.298984
3.709784 0.298984
3.712053 0.298984
3.714321 0.298984
3.716590 0.298984
3.718858 0.301887
3.721127 0.306241
3.723395 0.306241
3.725663 0.306241
3.727932 0.307692
3.730200 0.309144
3.732469 0.309144
3.734737 0.310595
3.737006 0.310595
3.739274 0.312046
3.741543 0.312046
3.743811 0.313498
3.746080 0.313498
3.748348 0.314949
3.750617 0.316401
3.752885 0.320755
3.755154 0.322206
3.757422 0.322206
3.759690 0.323657
3.761959 0.323657
3.764227 0.326560
3.766496 0.328012
3.768764 0.330914
3.771033 0.330914
3.773301 0.332366
3.775570 0.333817
3.777838 0.333817
3.780107 0.333817
3.782375 0.335269
3.784644 0.335269
3.786912 0.335269
3.789180 0.335269
3.791449 0.335269
3.793717 0.335269
3.795986 0.335269
3.798254 0.336720
3.800523 0.338171
3.802791 0.339623
3.805060 0.342525
3.807328 0.343977
3.809597 0.343977
3.811865 0.343977
3.814134 0.345428
3.816402 0.348331
3.818671 0.348331
3.820939 0.348331
3.823207 0.348331
3.825476 0.348331
3.827744 0.348331
3.830013 0.348331
3.832281 0.348331
3.834550 0.348331
3.836818 0.348331
3.839087 0.348331
3.841355 0.348331
3.843624 0.348331
3.845892 0.348331
3.848161 0.348331
3.850429 0.348331
3.852698 0.348331
3.854966 0.348331
3.857234 0.351234
3.859503 0.352685
3.861771 0.352685
3.864040 0.352685
3.866308 0.352685
3.868577 0.354136
3.870845 0.354136
3.873114 0.354136
3.875382 0.355588
3.877651 0.355588
3.879919 0.355588
3.882188 0.355588
3.884456 0.355588
3.886725 0.355588
3.888993 0.355588
3.891261 0.357039
3.893530 0.358491
3.895798 0.361393
3.898067 0.361393
3.900335 0.361393
3.902604 0.361393
3.904872 0.361393
3.907141 0.361393
3.909409 0.361393
3.911678 0.361393
3.913946 0.361393
3.916215 0.361393
3.918483 0.361393
3.920752 0.361393
3.923020 0.361393
3.925288 0.362845
3.927557 0.364296
3.929825 0.364296
3.932094 0.364296
3.934362 0.367199
3.936631 0.370102
3.938899 0.371553
3.941168 0.371553
3.943436 0.371553
3.945705 0.371553
3.947973 0.373004
3.950242 0.373004
3.952510 0.373004
3.954779 0.373004
3.957047 0.373004
3.959315 0.373004
3.961584 0.373004
3.963852 0.373004
3.966121 0.374456
3.968389 0.378810
3.970658 0.378810
3.972926 0.380261
3.975195 0.380261
3.977463 0.380261
3.979732 0.380261
3.982000 0.380261
3.984269 0.380261
3.986537 0.380261
3.988806 0.380261
3.991074 0.380261
3.993342 0.380261
3.995611 0.380261
3.997879 0.381713
4.000148 0.381713
4.002416 0.381713
4.004685 0.381713
4.006953 0.381713
4.009222 0.381713
4.011490 0.381713
4.013759 0.381713
4.016027 0.381713
4.018296 0.383164
4.020564 0.383164
4.022833 0.386067
4.025101 0.387518
4.027369 0.387518
4.029638 0.387518
4.031906 0.387518
4.034175 0.387518
4.036443 0.387518
4.038712 0.388970
4.040980 0.388970
4.043249 0.388970
4.045517 0.388970
4.047786 0.388970
4.050054 0.388970
4.052323 0.388970
4.054591 0.388970
4.056860 0.388970
4.059128 0.388970
4.061396 0.388970
4.063665 0.390421
4.065933 0.390421
4.068202 0.390421
4.070470 0.390421
4.072739 0.390421
4.075007 0.390421
4.077276 0.390421
4.079544 0.390421
4.081813 0.390421
4.084081 0.390421
4.086350 0.393324
4.088618 0.393324
4.090887 0.394775
4.093155 0.396226
4.095423 0.397678
4.097692 0.399129
4.099960 0.400581
4.102229 0.402032
4.104497 0.402032
4.106766 0.406386
4.109034 0.406386
4.111303 0.406386
4.113571 0.407837
4.115840 0.409289
4.118108 0.409289
4.120377 0.409289
4.122645 0.409289
4.124914 0.412192
4.127182 0.413643
4.129450 0.413643
4.131719 0.413643
4.133987 0.415094
4.136256 0.415094
4.138524 0.415094
4.140793 0.415094
4.143061 0.415094
4.145330 0.415094
4.147598 0.416546
4.149867 0.416546
4.152135 0.416546
4.154404 0.416546
4.156672 0.416546
4.158941 0.417997
4.161209 0.417997
4.163477 0.417997
4.165746 0.417997
4.168014 0.419448
4.170283 0.420900
4.172551 0.420900
4.174820 0.422351
4.177088 0.422351
4.179357 0.422351
4.181625 0.423803
4.183894 0.423803
4.186162 0.426705
4.188431 0.428157
4.190699 0.428157
4.192968 0.428157
4.195236 0.428157
4.197504 0.428157
4.199773 0.429608
4.202041 0.431060
4.204310 0.431060
4.206578 0.431060
4.208847 0.432511
4.211115 0.433962
4.213384 0.433962
4.215652 0.435414
4.217921 0.435414
4.220189 0.435414
4.222458 0.435414
4.224726 0.435414
4.226995 0.435414
4.229263 0.435414
4.231531 0.435414
4.233800 0.436865
4.236068 0.436865
4.238337 0.436865
4.240605 0.436865
4.242874 0.438316
4.245142 0.438316
4.247411 0.438316
4.249679 0.438316
4.251948 0.438316
4.254216 0.438316
4.256485 0.439768
4.258753 0.439768
4.261022 0.444122
4.263290 0.444122
4.265558 0.444122
4.267827 0.445573
4.270095 0.445573
4.272364 0.445573
4.274632 0.445573
4.276901 0.445573
4.279169 0.447025
4.281438 0.447025
4.283706 0.447025
4.285975 0.448476
4.288243 0.448476
4.290512 0.448476
4.292780 0.449927
4.295048 0.449927
4.297317 0.451379
4.299585 0.451379
4.301854 0.451379
4.304122 0.452830
4.306391 0.452830
4.308659 0.452830
4.310928 0.458636
4.313196 0.458636
4.315465 0.458636
4.317733 0.458636
4.320002 0.458636
4.322270 0.460087
4.324539 0.460087
4.326807 0.460087
4.329075 0.460087
4.331344 0.460087
4.333612 0.460087
4.335881 0.460087
4.338149 0.460087
4.340418 0.461538
4.342686 0.462990
4.344955 0.465893
4.347223 0.465893
4.349492 0.465893
4.351760 0.465893
4.354029 0.465893
4.356297 0.465893
4.358566 0.465893
4.360834 0.465893
4.363102 0.465893
4.365371 0.467344
4.367639 0.468795
4.369908 0.470247
4.372176 0.471698
4.374445 0.471698
4.376713 0.473149
4.378982 0.473149
4.381250 0.474601
4.383519 0.474601
4.385787 0.474601
4.388056 0.474601
4.390324 0.474601
4.392593 0.474601
4.394861 0.474601
4.397129 0.474601
4.399398 0.474601
4.401666 0.476052
4.403935 0.476052
4.406203 0.476052
4.408472 0.477504
4.410740 0.478955
4.413009 0.478955
4.415277 0.478955
4.417546 0.478955
4.419814 0.478955
4.422083 0.478955
4.424351 0.478955
4.426620 0.480406
4.428888 0.483309
4.431156 0.483309
4.433425 0.483309
4.435693 0.483309
4.437962 0.483309
4.440230 0.483309
4.442499 0.483309
4.444767 0.483309
4.447036 0.484761
4.449304 0.484761
4.451573 0.484761
4.453841 0.484761
4.456110 0.486212
4.458378 0.487663
4.460647 0.490566
4.462915 0.490566
4.465183 0.490566
4.467452 0.490566
4.469720 0.490566
4.471989 0.490566
4.474257 0.490566
4.476526 0.490566
4.478794 0.492017
4.481063 0.494920
4.483331 0.497823
4.485600 0.497823
4.487868 0.497823
4.490137 0.497823
4.492405 0.499274
4.494674 0.500726
4.496942 0.500726
4.499210 0.500726
4.501479 0.502177
4.503747 0.502177
4.506016 0.503628
4.508284 0.503628
4.510553 0.505080
4.512821 0.505080
4.515090 0.506531
4.517358 0.506531
4.519627 0.506531
4.521895 0.506531
4.524164 0.506531
4.526432 0.506531
4.528701 0.506531
4.530969 0.506531
4.533237 0.506531
4.535506 0.506531
4.537774 0.506531
4.540043 0.506531
4.542311 0.507983
4.544580 0.507983
4.546848 0.509434
4.549117 0.510885
4.551385 0.510885
4.553654 0.510885
4.555922 0.510885
4.558191 0.510885
4.560459 0.510885
4.562728 0.510885
4.564996 0.510885
4.567264 0.510885
4.569533 0.513788
4.571801 0.513788
4.574070 0.513788
4.576338 0.515239
4.578607 0.516691
4.580875 0.516691
4.583144 0.516691
4.585412 0.519594
4.587681 0.519594
4.589949 0.521045
4.592218 0.521045
4.594486 0.521045
4.596755 0.521045
4.599023 0.521045
4.601291 0.521045
4.603560 0.521045
4.605828 0.522496
4.608097 0.523948
4.610365 0.525399
4.612634 0.528302
4.614902 0.528302
4.617171 0.528302
4.619439 0.528302
4.621708 0.529753
4.623976 0.529753
4.626245 0.529753
4.628513 0.529753
4.630782 0.529753
4.633050 0.529753
4.635318 0.529753
4.637587 0.529753
4.639855 0.532656
4.642124 0.532656
4.644392 0.534107
4.646661 0.534107
4.648929 0.534107
4.651198 0.534107
4.653466 0.534107
4.655735 0.534107
4.658003 0.534107
4.660272 0.534107
4.662540 0.534107
4.664809 0.535559
4.667077 0.535559
4.669345 0.535559
4.671614 0.535559
4.673882 0.535559
4.676151 0.538462
4.678419 0.539913
4.680688 0.539913
4.682956 0.539913
4.685225 0.539913
4.687493 0.541364
4.689762 0.541364
4.692030 0.541364
4.694299 0.542816
4.696567 0.542816
4.698836 0.542816
4.701104 0.542816
4.703372 0.542816
4.705641 0.544267
4.707909 0.545718
4.710178 0.545718
4.712446 0.545718
4.714715 0.545718
4.716983 0.545718
4.719252 0.547170
4.721520 0.548621
4.723789 0.550073
4.726057 0.550073
4.728326 0.550073
4.730594 0.550073
4.732863 0.550073
4.735131 0.551524
4.737399 0.552975
4.739668 0.552975
4.741936 0.552975
4.744205 0.554427
4.746473 0.554427
4.748742 0.554427
4.751010 0.555878
4.753279 0.555878
4.755547 0.557329
4.757816 0.558781
4.760084 0.558781
4.762353 0.560232
4.764621 0.560232
4.766890 0.560232
4.769158 0.560232
4.771426 0.560232
4.773695 0.560232
4.775963 0.560232
4.778232 0.560232
4.780500 0.561684
4.782769 0.564586
4.785037 0.564586
4.787306 0.564586
4.789574 0.564586
4.791843 0.564586
4.794111 0.564586
4.796380 0.564586
4.798648 0.564586
4.800916 0.564586
4.803185 0.564586
4.805453 0.564586
4.807722 0.564586
4.809990 0.564586
4.812259 0.564586
4.814527 0.567489
4.816796 0.567489
4.819064 0.567489
4.821333 0.568940
4.823601 0.568940
4.825870 0.568940
4.828138 0.568940
4.830407 0.570392
4.832675 0.570392
4.834943 0.570392
4.837212 0.570392
4.839480 0.570392
4.841749 0.570392
4.844017 0.571843
4.846286 0.571843
4.848554 0.573295
4.850823 0.573295
4.853091 0.576197
4.855360 0.576197
4.857628 0.576197
4.859897 0.579100
4.862165 0.579100
4.864434 0.579100
4.866702 0.579100
4.868970 0.579100
4.871239 0.580552
4.873507 0.582003
4.875776 0.583454
4.878044 0.583454
4.880313 0.583454
4.882581 0.583454
4.884850 0.583454
4.887118 0.583454
4.889387 0.584906
4.891655 0.584906
4.893924 0.584906
4.896192 0.584906
4.898461 0.586357
4.900729 0.587808
4.902997 0.587808
4.905266 0.587808
4.907534 0.587808
4.909803 0.587808
4.912071 0.587808
4.914340 0.587808
4.916608 0.587808
4.918877 0.587808
4.921145 0.587808
4.923414 0.587808
4.925682 0.587808
4.927951 0.587808
4.930219 0.587808
4.932488 0.589260
4.934756 0.589260
4.937024 0.590711
4.939293 0.592163
4.941561 0.592163
4.943830 0.592163
4.946098 0.592163
4.948367 0.592163
4.950635 0.592163
4.952904 0.595065
4.955172 0.596517
4.957441 0.596517
4.959709 0.596517
4.961978 0.596517
4.964246 0.596517
4.966515 0.597968
4.968783 0.597968
4.971051 0.597968
4.973320 0.597968
4.975588 0.602322
4.977857 0.602322
4.980125 0.602322
4.982394 0.602322
4.984662 0.602322
4.986931 0.602322
4.989199 0.602322
4.991468 0.602322
4.993736 0.602322
4.996005 0.602322
4.998273 0.603774
5.000542 0.605225
5.002810 0.606676
5.005078 0.606676
5.007347 0.606676
5.009615 0.608128
5.011884 0.608128
5.014152 0.609579
5.016421 0.609579
5.018689 0.609579
5.020958 0.609579
5.023226 0.611030
5.025495 0.611030
5.027763 0.612482
5.030032 0.612482
5.032300 0.613933
5.034569 0.613933
5.036837 0.615385
5.039105 0.616836
5.041374 0.618287
5.043642 0.618287
5.045911 0.618287
5.048179 0.618287
5.050448 0.618287
5.052716 0.618287
5.054985 0.618287
5.057253 0.618287
5.059522 0.618287
5.061790 0.619739
5.064059 0.621190
5.066327 0.621190
5.068596 0.622642
5.070864 0.624093
5.073132 0.625544
5.075401 0.626996
5.077669 0.626996
5.079938 0.628447
5.082206 0.628447
5.084475 0.628447
5.086743 0.628447
5.089012 0.628447
5.091280 0.628447
5.093549 0.628447
5.095817 0.628447
5.098086 0.631350
5.100354 0.631350
5.102623 0.631350
5.104891 0.631350
5.107159 0.631350
5.109428 0.631350
5.111696 0.631350
5.113965 0.631350
5.116233 0.631350
5.118502 0.631350
5.120770 0.631350
5.123039 0.631350
5.125307 0.631350
5.127576 0.631350
5.129844 0.631350
5.132113 0.631350
5.134381 0.631350
5.136650 0.631350
5.138918 0.631350
5.141186 0.631350
5.143455 0.632801
5.145723 0.634253
5.147992 0.634253
5.150260 0.635704
5.152529 0.635704
5.154797 0.635704
5.157066 0.635704
5.159334 0.635704
5.161603 0.635704
5.163871 0.635704
5.166140 0.635704
5.168408 0.638607
5.170677 0.638607
5.172945 0.638607
5.175213 0.638607
5.177482 0.638607
5.179750 0.638607
5.182019 0.638607
5.184287 0.638607
5.186556 0.638607
5.188824 0.640058
5.191093 0.640058
5.193361 0.641509
5.195630 0.641509
5.197898 0.641509
5.200167 0.642961
5.202435 0.644412
5.204704 0.644412
5.206972 0.644412
5.209240 0.644412
5.211509 0.645864
5.213777 0.645864
5.216046 0.645864
5.218314 0.647315
5.220583 0.647315
5.222851 0.647315
5.225120 0.647315
5.227388 0.647315
5.229657 0.647315
5.231925 0.647315
5.234194 0.647315
5.236462 0.647315
5.238731 0.647315
5.240999 0.647315
5.243267 0.647315
5.245536 0.648766
5.247804 0.648766
5.250073 0.648766
5.252341 0.648766
5.254610 0.648766
5.256878 0.648766
5.259147 0.648766
5.261415 0.650218
5.263684 0.650218
5.265952 0.650218
5.268221 0.650218
5.270489 0.650218
5.272758 0.650218
5.275026 0.651669
5.277294 0.651669
5.279563 0.651669
5.281831 0.653120
5.284100 0.654572
5.286368 0.654572
5.288637 0.654572
5.290905 0.654572
5.293174 0.654572
5.295442 0.654572
5.297711 0.654572
5.299979 0.654572
5.302248 0.654572
5.304516 0.654572
5.306784 0.654572
5.309053 0.654572
5.311321 0.656023
5.313590 0.656023
5.315858 0.656023
5.318127 0.656023
5.320395 0.657475
5.322664 0.658926
5.324932 0.658926
5.327201 0.658926
5.329469 0.661829
5.331738 0.661829
5.334006 0.661829
5.336275 0.663280
5.338543 0.663280
5.340811 0.663280
5.343080 0.663280
5.345348 0.664731
5.347617 0.664731
5.349885 0.666183
5.352154 0.666183
5.354422 0.667634
5.356691 0.667634
5.358959 0.667634
5.361228 0.667634
5.363496 0.667634
5.365765 0.667634
5.368033 0.667634
5.370302 0.667634
5.372570 0.669086
5.374838 0.669086
5.377107 0.669086
5.379375 0.669086
5.381644 0.669086
5.383912 0.669086
5.386181 0.670537
5.388449 0.670537
5.390718 0.670537
5.392986 0.670537
5.395255 0.670537
5.397523 0.670537
5.399792 0.670537
5.402060 0.670537
5.404329 0.670537
5.406597 0.670537
5.408865 0.670537
5.411134 0.671988
5.413402 0.671988
5.415671 0.671988
5.417939 0.671988
5.420208 0.671988
5.422476 0.673440
5.424745 0.674891
5.427013 0.676343
5.429282 0.677794
5.431550 0.677794
5.433819 0.677794
5.436087 0.677794
5.438356 0.677794
5.440624 0.677794
5.442892 0.677794
5.445161 0.677794
5.447429 0.677794
5.449698 0.677794
5.451966 0.677794
5.454235 0.677794
5.456503 0.677794
5.458772 0.677794
5.461040 0.677794
5.463309 0.679245
5.465577 0.679245
5.467846 0.680697
5.470114 0.682148
5.472383 0.682148
5.474651 0.682148
5.476919 0.682148
5.479188 0.682148
5.481456 0.682148
5.483725 0.682148
5.485993 0.682148
5.488262 0.682148
5.490530 0.685051
5.492799 0.685051
5.495067 0.686502
5.497336 0.687954
5.499604 0.687954
5.501873 0.687954
5.504141 0.687954
5.506410 0.689405
5.508678 0.689405
5.510946 0.689405
5.513215 0.690856
5.515483 0.692308
5.517752 0.692308
5.520020 0.692308
5.522289 0.692308
5.524557 0.692308
5.526826 0.692308
5.529094 0.692308
5.531363 0.692308
5.533631 0.692308
5.535900 0.693759
5.538168 0.693759
5.540437 0.693759
5.542705 0.693759
5.544973 0.693759
5.547242 0.693759
5.549510 0.695210
5.551779 0.695210
5.554047 0.695210
5.556316 0.696662
5.558584 0.696662
5.560853 0.696662
5.563121 0.696662
5.565390 0.696662
5.567658 0.696662
5.569927 0.698113
5.572195 0.698113
5.574464 0.698113
5.576732 0.698113
5.579000 0.698113
5.581269 0.698113
5.583537 0.698113
5.585806 0.698113
5.588074 0.701016
5.590343 0.701016
5.592611 0.701016
5.594880 0.701016
5.597148 0.701016
5.599417 0.701016
5.601685 0.701016
5.603954 0.701016
5.606222 0.701016
5.608491 0.702467
5.610759 0.702467
5.613027 0.702467
5.615296 0.702467
5.617564 0.702467
5.619833 0.703919
5.622101 0.703919
5.624370 0.705370
5.626638 0.705370
5.628907 0.705370
5.631175 0.706821
5.633444 0.706821
5.635712 0.708273
5.637981 0.708273
5.640249 0.708273
5.642518 0.708273
5.644786 0.708273
5.647054 0.708273
5.649323 0.708273
5.651591 0.708273
5.653860 0.709724
5.656128 0.709724
5.658397 0.712627
5.660665 0.712627
5.662934 0.712627
5.665202 0.712627
5.667471 0.712627
5.669739 0.714078
5.672008 0.714078
5.674276 0.714078
5.676545 0.714078
5.678813 0.714078
5.681081 0.714078
5.683350 0.714078
5.685618 0.714078
5.687887 0.714078
5.690155 0.715530
5.692424 0.715530
5.694692 0.715530
5.696961 0.715530
5.699229 0.716981
5.701498 0.716981
5.703766 0.719884
5.706035 0.719884
5.708303 0.721335
5.710572 0.721335
5.712840 0.721335
5.715108 0.721335
5.717377 0.721335
5.719645 0.722787
5.721914 0.722787
5.724182 0.722787
5.726451 0.724238
5.728719 0.724238
5.730988 0.724238
5.733256 0.724238
5.735525 0.724238
5.737793 0.725689
5.740062 0.725689
5.742330 0.725689
5.744599 0.727141
5.746867 0.727141
5.749135 0.727141
5.751404 0.727141
5.753672 0.727141
5.755941 0.727141
5.758209 0.728592
5.760478 0.728592
5.762746 0.728592
5.765015 0.728592
5.767283 0.728592
5.769552 0.730044
5.771820 0.730044
5.774089 0.730044
5.776357 0.730044
5.778626 0.730044
5.780894 0.730044
5.783162 0.730044
5.785431 0.730044
5.787699 0.730044
5.789968 0.730044
5.792236 0.730044
5.794505 0.730044
5.796773 0.731495
5.799042 0.732946
5.801310 0.732946
5.803579 0.734398
5.805847 0.735849
5.808116 0.737300
5.810384 0.737300
5.812652 0.737300
5.814921 0.737300
5.817189 0.737300
5.819458 0.738752
5.821726 0.738752
5.823995 0.738752
5.826263 0.740203
5.828532 0.740203
5.830800 0.740203
5.833069 0.740203
5.835337 0.740203
5.837606 0.740203
5.839874 0.740203
5.842143 0.740203
5.844411 0.741655
5.846679 0.741655
5.848948 0.741655
5.851216 0.741655
5.853485 0.743106
5.855753 0.743106
5.858022 0.743106
5.860290 0.743106
5.862559 0.743106
5.864827 0.743106
5.867096 0.743106
5.869364 0.743106
5.871633 0.743106
5.873901 0.743106
5.876170 0.743106
5.878438 0.743106
5.880706 0.746009
5.882975 0.746009
5.885243 0.746009
5.887512 0.746009
5.889780 0.746009
5.892049 0.746009
5.894317 0.746009
5.896586 0.746009
5.898854 0.746009
5.901123 0.746009
5.903391 0.746009
5.905660 0.746009
5.907928 0.746009
5.910197 0.746009
5.912465 0.746009
5.914733 0.746009
5.917002 0.747460
5.919270 0.747460
5.921539 0.747460
5.923807 0.748911
5.926076 0.748911
5.928344 0.748911
5.930613 0.750363
5.932881 0.750363
5.935150 0.750363
5.937418 0.750363
5.939687 0.750363
5.941955 0.751814
5.944224 0.751814
5.946492 0.751814
5.948760 0.751814
5.951029 0.751814
5.953297 0.753266
5.955566 0.753266
5.957834 0.754717
5.960103 0.756168
5.962371 0.756168
5.964640 0.756168
5.966908 0.756168
5.969177 0.756168
5.971445 0.756168
5.973714 0.756168
5.975982 0.756168
5.978251 0.756168
5.980519 0.756168
5.982787 0.756168
5.985056 0.756168
5.987324 0.756168
5.989593 0.756168
5.991861 0.756168
5.994130 0.756168
5.996398 0.756168
5.998667 0.756168
6.000935 0.756168
6.003204 0.756168
6.005472 0.756168
6.007741 0.756168
6.010009 0.756168
6.012278 0.756168
6.014546 0.756168
6.016814 0.756168
6.019083 0.756168
6.021351 0.756168
6.023620 0.756168
6.025888 0.757620
6.028157 0.757620
6.030425 0.757620
6.032694 0.757620
6.034962 0.759071
6.037231 0.759071
6.039499 0.759071
6.041768 0.759071
6.044036 0.759071
6.046305 0.759071
6.048573 0.759071
6.050841 0.759071
6.053110 0.759071
6.055378 0.759071
6.057647 0.759071
6.059915 0.759071
6.062184 0.760522
6.064452 0.760522
6.066721 0.760522
6.068989 0.760522
6.071258 0.760522
6.073526 0.760522
6.075795 0.760522
6.078063 0.760522
6.080332 0.760522
6.082600 0.760522
6.084868 0.760522
6.087137 0.760522
6.089405 0.760522
6.091674 0.760522
6.093942 0.760522
6.096211 0.760522
6.098479 0.760522
6.100748 0.760522
6.103016 0.760522
6.105285 0.760522
6.107553 0.761974
6.109822 0.761974
6.112090 0.761974
6.114359 0.761974
6.116627 0.761974
6.118895 0.761974
6.121164 0.764877
6.123432 0.766328
6.125701 0.766328
6.127969 0.766328
6.130238 0.766328
6.132506 0.766328
6.134775 0.767779
6.137043 0.767779
6.139312 0.767779
6.141580 0.767779
6.143849 0.769231
6.146117 0.770682
6.148386 0.770682
6.150654 0.772134
6.152922 0.772134
6.155191 0.772134
6.157459 0.772134
6.159728 0.773585
6.161996 0.773585
6.164265 0.773585
6.166533 0.773585
6.168802 0.773585
6.171070 0.773585
6.173339 0.773585
6.175607 0.773585
6.177876 0.773585
6.180144 0.773585
6.182413 0.773585
6.184681 0.773585
6.186949 0.773585
6.189218 0.773585
6.191486 0.773585
6.193755 0.773585
6.196023 0.773585
6.198292 0.773585
6.200560 0.773585
6.202829 0.773585
6.205097 0.773585
6.207366 0.773585
6.209634 0.773585
6.211903 0.775036
6.214171 0.775036
6.216440 0.776488
6.218708 0.776488
6.220976 0.776488
6.223245 0.776488
6.225513 0.777939
6.227782 0.779390
6.230050 0.779390
6.232319 0.779390
6.234587 0.779390
6.236856 0.779390
6.239124 0.779390
6.241393 0.779390
6.243661 0.779390
6.245930 0.779390
6.248198 0.779390
6.250467 0.779390
6.252735 0.779390
6.255003 0.779390
6.257272 0.779390
6.259540 0.779390
6.261809 0.779390
6.264077 0.779390
6.266346 0.780842
6.268614 0.782293
6.270883 0.782293
6.273151 0.782293
6.275420 0.782293
6.277688 0.782293
6.279957 0.782293
6.282225 0.783745
6.284494 0.783745
6.286762 0.783745
6.289030 0.783745
6.291299 0.783745
6.293567 0.783745
6.295836 0.783745
6.298104 0.783745
6.300373 0.783745
6.302641 0.783745
6.304910 0.783745
6.307178 0.783745
6.309447 0.783745
6.311715 0.783745
6.313984 0.783745
6.316252 0.783745
6.318520 0.783745
6.320789 0.783745
6.323057 0.783745
6.325326 0.783745
6.327594 0.783745
6.329863 0.785196
6.332131 0.785196
6.334400 0.786647
6.336668 0.786647
6.338937 0.786647
6.341205 0.786647
6.343474 0.786647
6.345742 0.786647
6.348011 0.786647
6.350279 0.786647
6.352547 0.786647
6.354816 0.786647
6.357084 0.786647
6.359353 0.788099
6.361621 0.788099
6.363890 0.788099
6.366158 0.788099
6.368427 0.788099
6.370695 0.788099
6.372964 0.788099
6.375232 0.788099
6.377501 0.788099
6.379769 0.788099
6.382038 0.788099
6.384306 0.788099
6.386574 0.789550
6.388843 0.791001
6.391111 0.791001
6.393380 0.791001
6.395648 0.791001
6.397917 0.792453
6.400185 0.792453
6.402454 0.792453
6.404722 0.792453
6.406991 0.792453
6.409259 0.792453
6.411528 0.792453
6.413796 0.792453
6.416065 0.792453
6.418333 0.792453
6.420601 0.792453
6.422870 0.792453
6.425138 0.792453
6.427407 0.792453
6.429675 0.792453
6.431944 0.792453
6.434212 0.792453
6.436481 0.792453
6.438749 0.793904
6.441018 0.793904
6.443286 0.793904
6.445555 0.793904
6.447823 0.793904
6.450092 0.793904
6.452360 0.793904
6.454628 0.793904
6.456897 0.793904
6.459165 0.793904
6.461434 0.795356
6.463702 0.795356
6.465971 0.795356
6.468239 0.795356
6.470508 0.795356
6.472776 0.798258
6.475045 0.798258
6.477313 0.798258
6.479582 0.798258
6.481850 0.799710
6.484119 0.799710
6.486387 0.799710
6.488655 0.799710
6.490924 0.799710
6.493192 0.799710
6.495461 0.799710
6.497729 0.799710
6.499998 0.799710
6.502266 0.799710
6.504535 0.799710
6.506803 0.799710
6.509072 0.799710
6.511340 0.801161
6.513609 0.801161
6.515877 0.801161
6.518146 0.801161
6.520414 0.801161
6.522682 0.802612
6.524951 0.802612
6.527219 0.802612
6.529488 0.802612
6.531756 0.804064
6.534025 0.804064
6.536293 0.804064
6.538562 0.805515
6.540830 0.805515
6.543099 0.805515
6.545367 0.805515
6.547636 0.805515
6.549904 0.805515
6.552173 0.805515
6.554441 0.805515
6.556709 0.805515
6.558978 0.805515
6.561246 0.805515
6.563515 0.805515
6.565783 0.805515
6.568052 0.805515
6.570320 0.805515
6.572589 0.805515
6.574857 0.805515
6.577126 0.805515
6.579394 0.805515
6.581663 0.805515
6.583931 0.805515
6.586200 0.805515
6.588468 0.806967
6.590736 0.808418
6.593005 0.808418
6.595273 0.808418
6.597542 0.808418
6.599810 0.808418
6.602079 0.808418
6.604347 0.808418
6.606616 0.808418
6.608884 0.808418
6.611153 0.808418
6.613421 0.808418
6.615690 0.808418
6.617958 0.808418
6.620227 0.808418
6.622495 0.808418
6.624763 0.808418
6.627032 0.809869
6.629300 0.809869
6.631569 0.809869
6.633837 0.809869
6.636106 0.811321
6.638374 0.811321
6.640643 0.811321
6.642911 0.812772
6.645180 0.812772
6.647448 0.812772
6.649717 0.814224
6.651985 0.814224
6.654254 0.814224
6.656522 0.814224
6.658790 0.815675
6.661059 0.815675
6.663327 0.815675
6.665596 0.815675
6.667864 0.815675
6.670133 0.815675
6.672401 0.815675
6.674670 0.815675
6.676938 0.815675
6.679207 0.815675
6.681475 0.815675
6.683744 0.815675
6.686012 0.815675
6.688281 0.815675
6.690549 0.815675
6.692817 0.815675
6.695086 0.815675
6.697354 0.815675
6.699623 0.815675
6.701891 0.815675
6.704160 0.815675
6.706428 0.815675
6.708697 0.815675
6.710965 0.815675
6.713234 0.815675
6.715502 0.817126
6.717771 0.817126
6.720039 0.817126
6.722308 0.817126
6.724576 0.817126
6.726844 0.817126
6.729113 0.817126
6.731381 0.818578
6.733650 0.818578
6.735918 0.818578
6.738187 0.818578
6.740455 0.818578
6.742724 0.818578
6.744992 0.818578
6.747261 0.818578
6.749529 0.818578
6.751798 0.818578
6.754066 0.818578
6.756335 0.818578
6.758603 0.818578
6.760871 0.820029
6.763140 0.820029
6.765408 0.820029
6.767677 0.820029
6.769945 0.820029
6.772214 0.820029
6.774482 0.820029
6.776751 0.820029
6.779019 0.820029
6.781288 0.820029
6.783556 0.820029
6.785825 0.820029
6.788093 0.820029
6.790362 0.820029
6.792630 0.820029
6.794898 0.820029
6.797167 0.820029
6.799435 0.820029
6.801704 0.820029
6.803972 0.820029
6.806241 0.820029
6.808509 0.820029
6.810778 0.820029
6.813046 0.820029
6.815315 0.820029
6.817583 0.820029
6.819852 0.820029
6.822120 0.820029
6.824389 0.821480
6.826657 0.822932
6.828925 0.822932
6.831194 0.822932
6.833462 0.822932
6.835731 0.822932
6.837999 0.822932
6.840268 0.822932
6.842536 0.822932
6.844805 0.822932
6.847073 0.822932
6.849342 0.822932
6.851610 0.822932
6.853879 0.822932
6.856147 0.822932
6.858415 0.822932
6.860684 0.822932
6.862952 0.824383
6.865221 0.824383
6.867489 0.824383
6.869758 0.825835
6.872026 0.825835
6.874295 0.825835
6.876563 0.825835
6.878832 0.825835
6.881100 0.825835
6.883369 0.825835
6.885637 0.825835
6.887906 0.830189
6.890174 0.830189
6.892442 0.830189
6.894711 0.830189
6.896979 0.830189
6.899248 0.830189
6.901516 0.830189
6.903785 0.830189
6.906053 0.830189
6.908322 0.831640
6.910590 0.831640
6.912859 0.831640
6.915127 0.831640
6.917396 0.831640
6.919664 0.831640
6.921933 0.831640
6.924201 0.831640
6.926469 0.831640
6.928738 0.831640
6.931006 0.831640
6.933275 0.831640
6.935543 0.831640
6.937812 0.831640
6.940080 0.831640
6.942349 0.831640
6.944617 0.831640
6.946886 0.831640
6.949154 0.831640
6.951423 0.831640
6.953691 0.831640
6.955960 0.831640
6.958228 0.831640
6.960496 0.831640
6.962765 0.831640
6.965033 0.831640
6.967302 0.831640
6.969570 0.833091
6.971839 0.833091
6.974107 0.833091
6.976376 0.833091
6.978644 0.833091
6.980913 0.833091
6.983181 0.833091
6.985450 0.833091
6.987718 0.833091
6.989987 0.833091
6.992255 0.833091
6.994523 0.833091
6.996792 0.833091
6.999060 0.833091
7.001329 0.833091
7.003597 0.833091
7.005866 0.833091
7.008134 0.834543
7.010403 0.834543
7.012671 0.834543
7.014940 0.834543
7.017208 0.834543
7.019477 0.834543
7.021745 0.835994
7.024014 0.835994
7.026282 0.835994
7.028550 0.835994
7.030819 0.835994
7.033087 0.835994
7.035356 0.835994
7.037624 0.835994
7.039893 0.835994
7.042161 0.835994
7.044430 0.835994
7.046698 0.835994
7.048967 0.835994
7.051235 0.835994
7.053504 0.835994
7.055772 0.835994
7.058041 0.835994
7.060309 0.835994
7.062577 0.835994
7.064846 0.835994
7.067114 0.835994
7.069383 0.835994
7.071651 0.835994
7.073920 0.835994
7.076188 0.835994
7.078457 0.835994
7.080725 0.835994
7.082994 0.835994
7.085262 0.835994
7.087531 0.835994
7.089799 0.835994
7.092068 0.835994
7.094336 0.835994
7.096604 0.835994
7.098873 0.835994
7.101141 0.837446
7.103410 0.838897
7.105678 0.838897
7.107947 0.838897
7.110215 0.838897
7.112484 0.838897
7.114752 0.838897
7.117021 0.838897
7.119289 0.840348
7.121558 0.840348
7.123826 0.840348
7.126095 0.840348
7.128363 0.840348
7.130631 0.841800
7.132900 0.841800
7.135168 0.841800
7.137437 0.841800
7.139705 0.841800
7.141974 0.841800
7.144242 0.841800
7.146511 0.841800
7.148779 0.841800
7.151048 0.841800
7.153316 0.841800
7.155585 0.841800
7.157853 0.841800
7.160122 0.841800
7.162390 0.841800
7.164658 0.841800
7.166927 0.841800
7.169195 0.841800
7.171464 0.841800
7.173732 0.841800
7.176001 0.841800
7.178269 0.841800
7.180538 0.841800
7.182806 0.841800
7.185075 0.841800
7.187343 0.841800
7.189612 0.841800
7.191880 0.841800
7.194149 0.841800
7.196417 0.841800
7.198685 0.841800
7.200954 0.841800
7.203222 0.841800
7.205491 0.841800
7.207759 0.841800
7.210028 0.841800
7.212296 0.841800
7.214565 0.841800
7.216833 0.841800
7.219102 0.841800
7.221370 0.841800
7.223639 0.841800
7.225907 0.841800
7.228176 0.841800
7.230444 0.841800
7.232712 0.841800
7.234981 0.841800
7.237249 0.841800
7.239518 0.841800
7.241786 0.841800
7.244055 0.841800
7.246323 0.841800
7.248592 0.841800
7.250860 0.841800
7.253129 0.841800
7.255397 0.841800
7.257666 0.841800
7.259934 0.843251
7.262203 0.843251
7.264471 0.843251
7.266739 0.843251
7.269008 0.843251
7.271276 0.843251
7.273545 0.843251
7.275813 0.843251
7.278082 0.843251
7.280350 0.843251
7.282619 0.843251
7.284887 0.844702
7.287156 0.844702
7.289424 0.844702
7.291693 0.844702
7.293961 0.844702
7.296230 0.844702
7.298498 0.844702
7.300766 0.844702
7.303035 0.844702
7.305303 0.844702
7.307572 0.844702
7.309840 0.844702
7.312109 0.844702
7.314377 0.844702
7.316646 0.844702
7.318914 0.844702
7.321183 0.844702
7.323451 0.844702
7.325720 0.844702
7.327988 0.844702
7.330257 0.844702
7.332525 0.844702
7.334793 0.844702
7.337062 0.844702
7.339330 0.844702
7.341599 0.844702
7.343867 0.844702
7.346136 0.844702
7.348404 0.844702
7.350673 0.844702
7.352941 0.844702
7.355210 0.844702
7.357478 0.844702
7.359747 0.844702
7.362015 0.844702
7.364283 0.844702
7.366552 0.844702
7.368820 0.844702
7.371089 0.844702
7.373357 0.844702
7.375626 0.844702
7.377894 0.844702
7.380163 0.844702
7.382431 0.844702
7.384700 0.844702
7.386968 0.844702
7.389237 0.844702
7.391505 0.844702
7.393774 0.844702
7.396042 0.844702
7.398310 0.844702
7.400579 0.844702
7.402847 0.844702
7.405116 0.844702
7.407384 0.844702
7.409653 0.844702
7.411921 0.846154
7.414190 0.846154
7.416458 0.846154
7.418727 0.846154
7.420995 0.847605
7.423264 0.847605
7.425532 0.847605
7.427801 0.847605
7.430069 0.847605
7.432337 0.847605
7.434606 0.847605
7.436874 0.849057
7.439143 0.849057
7.441411 0.849057
7.443680 0.849057
7.445948 0.849057
7.448217 0.850508
7.450485 0.850508
7.452754 0.850508
7.455022 0.850508
7.457291 0.850508
7.459559 0.850508
7.461828 0.850508
7.464096 0.850508
7.466364 0.850508
7.468633 0.850508
7.470901 0.850508
7.473170 0.850508
7.475438 0.850508
7.477707 0.850508
7.479975 0.850508
7.482244 0.850508
7.484512 0.850508
7.486781 0.850508
7.489049 0.850508
7.491318 0.850508
7.493586 0.850508
7.495855 0.850508
7.498123 0.850508
7.500391 0.850508
7.502660 0.851959
7.504928 0.851959
7.507197 0.851959
7.509465 0.851959
7.511734 0.851959
7.514002 0.851959
7.516271 0.851959
7.518539 0.851959
7.520808 0.851959
7.523076 0.851959
7.525345 0.851959
7.527613 0.851959
7.529882 0.851959
7.532150 0.851959
7.534418 0.851959
7.536687 0.851959
7.538955 0.851959
7.541224 0.851959
7.543492 0.851959
7.545761 0.851959
7.548029 0.851959
7.550298 0.851959
7.552566 0.851959
7.554835 0.851959
7.557103 0.851959
7.559372 0.851959
7.561640 0.851959
7.563909 0.851959
7.566177 0.851959
7.568445 0.853411
7.570714 0.853411
7.572982 0.853411
7.575251 0.853411
7.577519 0.853411
7.579788 0.853411
7.582056 0.853411
7.584325 0.853411
7.586593 0.853411
7.588862 0.853411
7.591130 0.853411
7.593399 0.853411
7.595667 0.853411
7.597936 0.853411
7.600204 0.853411
7.602472 0.853411
7.604741 0.853411
7.607009 0.853411
7.609278 0.853411
7.611546 0.853411
7.613815 0.853411
7.616083 0.853411
7.618352 0.853411
7.620620 0.853411
7.622889 0.853411
7.625157 0.853411
7.627426 0.853411
7.629694 0.853411
7.631963 0.853411
7.634231 0.853411
7.636499 0.854862
7.638768 0.854862
7.641036 0.854862
7.643305 0.854862
7.645573 0.854862
7.647842 0.854862
7.650110 0.854862
7.652379 0.854862
7.654647 0.854862
7.656916 0.854862
7.659184 0.854862
7.661453 0.854862
7.663721 0.854862
7.665990 0.854862
7.668258 0.854862
7.670526 0.856313
7.672795 0.856313
7.675063 0.856313
7.677332 0.856313
7.679600 0.856313
7.681869 0.856313
7.684137 0.856313
7.686406 0.856313
7.688674 0.856313
7.690943 0.856313
7.693211 0.856313
7.695480 0.856313
7.697748 0.856313
7.700017 0.856313
7.702285 0.856313
7.704553 0.856313
7.706822 0.856313
7.709090 0.856313
7.711359 0.856313
7.713627 0.857765
7.715896 0.857765
7.718164 0.857765
7.720433 0.857765
7.722701 0.857765
7.724970 0.857765
7.727238 0.857765
7.729507 0.857765
7.731775 0.857765
7.734044 0.857765
7.736312 0.857765
7.738580 0.859216
7.740849 0.859216
7.743117 0.859216
7.745386 0.859216
7.747654 0.859216
7.749923 0.859216
7.752191 0.859216
7.754460 0.859216
7.756728 0.859216
7.758997 0.859216
7.761265 0.859216
7.763534 0.859216
7.765802 0.859216
7.768071 0.859216
7.770339 0.859216
7.772607 0.859216
7.774876 0.859216
7.777144 0.859216
7.779413 0.859216
7.781681 0.860668
7.783950 0.862119
7.786218 0.863570
7.788487 0.863570
7.790755 0.863570
7.793024 0.863570
7.795292 0.863570
7.797561 0.863570
7.799829 0.863570
7.802098 0.863570
7.804366 0.863570
7.806634 0.863570
7.808903 0.863570
7.811171 0.863570
7.813440 0.863570
7.815708 0.863570
7.817977 0.863570
7.820245 0.863570
7.822514 0.863570
7.824782 0.863570
7.827051 0.863570
7.829319 0.865022
7.831588 0.865022
7.833856 0.865022
7.836125 0.865022
7.838393 0.865022
7.840661 0.866473
7.842930 0.866473
7.845198 0.866473
7.847467 0.866473
7.849735 0.867925
7.852004 0.867925
7.854272 0.867925
7.856541 0.867925
7.858809 0.867925
7.861078 0.867925
7.863346 0.867925
7.865615 0.869376
7.867883 0.870827
7.870151 0.870827
7.872420 0.870827
7.874688 0.870827
7.876957 0.870827
7.879225 0.870827
7.881494 0.870827
7.883762 0.870827
7.886031 0.870827
7.888299 0.870827
7.890568 0.870827
7.892836 0.870827
7.895105 0.872279
7.897373 0.873730
7.899642 0.873730
7.901910 0.873730
7.904178 0.873730
7.906447 0.873730
7.908715 0.873730
7.910984 0.875181
7.913252 0.875181
7.915521 0.878084
7.917789 0.878084
7.920058 0.878084
7.922326 0.878084
7.924595 0.878084
7.926863 0.878084
7.929132 0.878084
7.931400 0.878084
7.933669 0.878084
7.935937 0.878084
7.938205 0.878084
7.940474 0.878084
7.942742 0.878084
7.945011 0.878084
7.947279 0.878084
7.949548 0.878084
7.951816 0.878084
7.954085 0.878084
7.956353 0.878084
7.958622 0.878084
7.960890 0.878084
7.963159 0.878084
7.965427 0.878084
7.967696 0.878084
7.969964 0.879536
7.972232 0.879536
7.974501 0.879536
7.976769 0.879536
7.979038 0.879536
7.981306 0.879536
7.983575 0.879536
7.985843 0.879536
7.988112 0.879536
7.990380 0.880987
7.992649 0.880987
7.994917 0.880987
7.997186 0.882438
7.999454 0.883890
