2.183588 0.001451
2.193554 0.001451
2.203521 0.001451
2.213487 0.002903
2.223454 0.002903
2.233420 0.002903
2.243387 0.002903
2.253353 0.004354
2.263320 0.004354
2.273286 0.004354
2.283253 0.004354
2.293219 0.004354
2.303186 0.004354
2.313152 0.004354
2.323119 0.004354
2.333086 0.004354
2.343052 0.005806
2.353019 0.007257
2.362985 0.007257
2.372952 0.007257
2.382918 0.007257
2.392885 0.007257
2.402851 0.007257
2.412818 0.007257
2.422784 0.010160
2.432751 0.011611
2.442717 0.011611
2.452684 0.011611
2.462650 0.011611
2.472617 0.011611
2.482583 0.011611
2.492550 0.011611
2.502516 0.011611
2.512483 0.011611
2.522450 0.011611
2.532416 0.011611
2.542383 0.011611
2.552349 0.011611
2.562316 0.011611
2.572282 0.011611
2.582249 0.013062
2.592215 0.014514
2.602182 0.015965
2.612148 0.018868
2.622115 0.018868
2.632081 0.018868
2.642048 0.018868
2.652014 0.018868
2.661981 0.018868
2.671947 0.023222
2.681914 0.023222
2.691880 0.023222
2.701847 0.023222
2.711814 0.024673
2.721780 0.026125
2.731747 0.026125
2.741713 0.026125
2.751680 0.027576
2.761646 0.029028
2.771613 0.029028
2.781579 0.030479
2.791546 0.031930
2.801512 0.033382
2.811479 0.034833
2.821445 0.037736
2.831412 0.039187
2.841378 0.039187
2.851345 0.040639
2.861311 0.040639
2.871278 0.042090
2.881244 0.042090
2.891211 0.042090
2.901178 0.043541
2.911144 0.046444
2.921111 0.049347
2.931077 0.049347
2.941044 0.049347
2.951010 0.049347
2.960977 0.053701
2.970943 0.053701
2.980910 0.055152
2.990876 0.055152
3.000843 0.055152
3.010809 0.058055
3.020776 0.060958
3.030742 0.063861
3.040709 0.063861
3.050675 0.065312
3.060642 0.068215
3.070608 0.072569
3.080575 0.072569
3.090541 0.074020
3.100508 0.076923
3.110475 0.078374
3.120441 0.078374
3.130408 0.081277
3.140374 0.081277
3.150341 0.085631
3.160307 0.088534
3.170274 0.092888
3.180240 0.097242
3.190207 0.097242
3.200173 0.100145
3.210140 0.103048
3.220106 0.105951
3.230073 0.107402
3.240039 0.108853
3.250006 0.110305
3.259972 0.110305
3.269939 0.111756
3.279905 0.113208
3.289872 0.114659
3.299839 0.119013
3.309805 0.120464
3.319772 0.121916
3.329738 0.123367
3.339705 0.124819
3.349671 0.127721
3.359638 0.129173
3.369604 0.132075
3.379571 0.134978
3.389537 0.137881
3.399504 0.143687
3.409470 0.148041
3.419437 0.149492
3.429403 0.149492
3.439370 0.153846
3.449336 0.155298
3.459303 0.155298
3.469269 0.156749
3.479236 0.156749
3.489203 0.156749
3.499169 0.158200
3.509136 0.161103
3.519102 0.164006
3.529069 0.166909
3.539035 0.166909
3.549002 0.171263
3.558968 0.174165
3.568935 0.174165
3.578901 0.174165
3.588868 0.178520
3.598834 0.181422
3.608801 0.181422
3.618767 0.182874
3.628734 0.187228
3.638700 0.191582
3.648667 0.194485
3.658633 0.197388
3.668600 0.198839
3.678567 0.198839
3.688533 0.201742
3.698500 0.201742
3.708466 0.206096
3.718433 0.207547
3.728399 0.210450
3.738366 0.210450
3.748332 0.210450
3.758299 0.210450
3.768265 0.210450
3.778232 0.210450
3.788198 0.210450
3.798165 0.214804
3.808131 0.216255
3.818098 0.219158
3.828064 0.219158
3.838031 0.222061
3.847997 0.223512
3.857964 0.224964
3.867930 0.226415
3.877897 0.227866
3.887864 0.227866
3.897830 0.229318
3.907797 0.236575
3.917763 0.239478
3.927730 0.239478
3.937696 0.242380
3.947663 0.246734
3.957629 0.248186
3.967596 0.252540
3.977562 0.253991
3.987529 0.255443
3.997495 0.262700
4.007462 0.265602
4.017428 0.268505
4.027395 0.268505
4.037361 0.269956
4.047328 0.271408
4.057294 0.271408
4.067261 0.271408
4.077228 0.274311
4.087194 0.278665
4.097161 0.280116
4.107127 0.283019
4.117094 0.287373
4.127060 0.294630
4.137027 0.296081
4.146993 0.296081
4.156960 0.296081
4.166926 0.298984
4.176893 0.301887
4.186859 0.304790
4.196826 0.310595
4.206792 0.317852
4.216759 0.319303
4.226725 0.322206
4.236692 0.323657
4.246658 0.328012
4.256625 0.330914
4.266592 0.332366
4.276558 0.332366
4.286525 0.333817
4.296491 0.335269
4.306458 0.336720
4.316424 0.339623
4.326391 0.339623
4.336357 0.342525
4.346324 0.343977
4.356290 0.345428
4.366257 0.345428
4.376223 0.348331
4.386190 0.349782
4.396156 0.349782
4.406123 0.349782
4.416089 0.352685
4.426056 0.358491
4.436022 0.361393
4.445989 0.364296
4.455956 0.368650
4.465922 0.373004
4.475889 0.374456
4.485855 0.375907
4.495822 0.380261
4.505788 0.381713
4.515755 0.384615
4.525721 0.387518
4.535688 0.388970
4.545654 0.388970
4.555621 0.390421
4.565587 0.393324
4.575554 0.394775
4.585520 0.396226
4.595487 0.397678
4.605453 0.400581
4.615420 0.402032
4.625386 0.403483
4.635353 0.404935
4.645320 0.407837
4.655286 0.407837
4.665253 0.407837
4.675219 0.407837
4.685186 0.407837
4.695152 0.410740
4.705119 0.410740
4.715085 0.413643
4.725052 0.417997
4.735018 0.419448
4.744985 0.422351
4.754951 0.422351
4.764918 0.425254
4.774884 0.429608
4.784851 0.433962
4.794817 0.438316
4.804784 0.439768
4.814750 0.439768
4.824717 0.441219
4.834683 0.444122
4.844650 0.445573
4.854617 0.445573
4.864583 0.448476
4.874550 0.448476
4.884516 0.448476
4.894483 0.452830
4.904449 0.455733
4.914416 0.457184
4.924382 0.458636
4.934349 0.460087
4.944315 0.460087
4.954282 0.462990
4.964248 0.462990
4.974215 0.462990
4.984181 0.465893
4.994148 0.465893
5.004114 0.467344
5.014081 0.467344
5.024047 0.468795
5.034014 0.471698
5.043981 0.473149
5.053947 0.474601
5.063914 0.476052
5.073880 0.477504
5.083847 0.478955
5.093813 0.487663
5.103780 0.490566
5.113746 0.492017
5.123713 0.492017
5.133679 0.494920
5.143646 0.496372
5.153612 0.499274
5.163579 0.502177
5.173545 0.502177
5.183512 0.503628
5.193478 0.503628
5.203445 0.503628
5.213411 0.505080
5.223378 0.505080
5.233345 0.506531
5.243311 0.507983
5.253278 0.507983
5.263244 0.507983
5.273211 0.507983
5.283177 0.509434
5.293144 0.509434
5.303110 0.509434
5.313077 0.513788
5.323043 0.516691
5.333010 0.518142
5.342976 0.521045
5.352943 0.523948
5.362909 0.526851
5.372876 0.529753
5.382842 0.532656
5.392809 0.534107
5.402775 0.535559
5.412742 0.538462
5.422709 0.541364
5.432675 0.542816
5.442642 0.544267
5.452608 0.545718
5.462575 0.548621
5.472541 0.548621
5.482508 0.550073
5.492474 0.552975
5.502441 0.557329
5.512407 0.560232
5.522374 0.563135
5.532340 0.564586
5.542307 0.566038
5.552273 0.567489
5.562240 0.571843
5.572206 0.571843
5.582173 0.574746
5.592139 0.574746
5.602106 0.579100
5.612073 0.579100
5.622039 0.583454
5.632006 0.584906
5.641972 0.586357
5.651939 0.587808
5.661905 0.587808
5.671872 0.589260
5.681838 0.589260
5.691805 0.589260
5.701771 0.589260
5.711738 0.589260
5.721704 0.590711
5.731671 0.590711
5.741637 0.592163
5.751604 0.595065
5.761570 0.596517
5.771537 0.596517
5.781503 0.596517
5.791470 0.597968
5.801436 0.597968
5.811403 0.599419
5.821370 0.599419
5.831336 0.599419
5.841303 0.599419
5.851269 0.600871
5.861236 0.600871
5.871202 0.603774
5.881169 0.603774
5.891135 0.603774
5.901102 0.603774
5.911068 0.603774
5.921035 0.603774
5.931001 0.605225
5.940968 0.605225
5.950934 0.605225
5.960901 0.605225
5.970867 0.606676
5.980834 0.611030
5.990800 0.612482
6.000767 0.613933
6.010734 0.615385
6.020700 0.616836
6.030667 0.616836
6.040633 0.616836
6.050600 0.616836
6.060566 0.616836
6.070533 0.616836
6.080499 0.618287
6.090466 0.618287
6.100432 0.618287
6.110399 0.619739
6.120365 0.619739
6.130332 0.622642
6.140298 0.622642
6.150265 0.625544
6.160231 0.625544
6.170198 0.626996
6.180164 0.628447
6.190131 0.631350
6.200098 0.631350
6.210064 0.635704
6.220031 0.637155
6.229997 0.637155
6.239964 0.637155
6.249930 0.638607
6.259897 0.638607
6.269863 0.640058
6.279830 0.641509
6.289796 0.641509
6.299763 0.641509
6.309729 0.642961
6.319696 0.642961
6.329662 0.642961
6.339629 0.648766
6.349595 0.648766
6.359562 0.651669
6.369528 0.651669
6.379495 0.651669
6.389462 0.654572
6.399428 0.654572
6.409395 0.654572
6.419361 0.654572
6.429328 0.656023
6.439294 0.657475
6.449261 0.657475
6.459227 0.660377
6.469194 0.661829
6.479160 0.663280
6.489127 0.664731
6.499093 0.669086
6.509060 0.669086
6.519026 0.670537
6.528993 0.670537
6.538959 0.670537
6.548926 0.670537
6.558892 0.670537
6.568859 0.670537
6.578826 0.671988
6.588792 0.673440
6.598759 0.673440
6.608725 0.677794
6.618692 0.677794
6.628658 0.677794
6.638625 0.679245
6.648591 0.680697
6.658558 0.682148
6.668524 0.682148
6.678491 0.682148
6.688457 0.683599
6.698424 0.683599
6.708390 0.683599
6.718357 0.683599
6.728323 0.683599
6.738290 0.683599
6.748256 0.683599
6.758223 0.686502
6.768189 0.687954
6.778156 0.687954
6.788123 0.687954
6.798089 0.690856
6.808056 0.690856
6.818022 0.690856
6.827989 0.692308
6.837955 0.693759
6.847922 0.695210
6.857888 0.696662
6.867855 0.698113
6.877821 0.698113
6.887788 0.699565
6.897754 0.699565
6.907721 0.699565
6.917687 0.702467
6.927654 0.702467
6.937620 0.703919
6.947587 0.703919
6.957553 0.705370
6.967520 0.705370
6.977487 0.706821
6.987453 0.706821
6.997420 0.708273
7.007386 0.708273
7.017353 0.711176
7.027319 0.711176
7.037286 0.714078
7.047252 0.715530
7.057219 0.716981
7.067185 0.716981
7.077152 0.716981
7.087118 0.716981
7.097085 0.716981
7.107051 0.718433
7.117018 0.719884
7.126984 0.719884
7.136951 0.719884
7.146917 0.721335
7.156884 0.721335
7.166851 0.722787
7.176817 0.724238
7.186784 0.724238
7.196750 0.727141
7.206717 0.727141
7.216683 0.727141
7.226650 0.727141
7.236616 0.727141
7.246583 0.727141
7.256549 0.727141
7.266516 0.727141
7.276482 0.728592
7.286449 0.728592
7.296415 0.728592
7.306382 0.728592
7.316348 0.730044
7.326315 0.732946
7.336281 0.734398
7.346248 0.734398
7.356215 0.735849
7.366181 0.735849
7.376148 0.737300
7.386114 0.737300
7.396081 0.737300
7.406047 0.737300
7.416014 0.738752
7.425980 0.738752
7.435947 0.740203
7.445913 0.740203
7.455880 0.740203
7.465846 0.740203
7.475813 0.740203
7.485779 0.740203
7.495746 0.740203
7.505712 0.741655
7.515679 0.743106
7.525645 0.743106
7.535612 0.743106
7.545579 0.743106
7.555545 0.744557
7.565512 0.744557
7.575478 0.744557
7.585445 0.746009
7.595411 0.746009
7.605378 0.746009
7.615344 0.747460
7.625311 0.748911
7.635277 0.748911
7.645244 0.748911
7.655210 0.748911
7.665177 0.748911
7.675143 0.748911
7.685110 0.748911
7.695076 0.748911
7.705043 0.748911
7.715009 0.751814
7.724976 0.751814
7.734942 0.751814
7.744909 0.751814
7.754876 0.754717
7.764842 0.756168
7.774809 0.757620
7.784775 0.759071
7.794742 0.761974
7.804708 0.761974
7.814675 0.761974
7.824641 0.761974
7.834608 0.763425
7.844574 0.763425
7.854541 0.763425
7.864507 0.763425
7.874474 0.764877
7.884440 0.764877
7.894407 0.764877
7.904373 0.764877
7.914340 0.766328
7.924306 0.766328
7.934273 0.766328
7.944240 0.767779
7.954206 0.767779
7.964173 0.767779
7.974139 0.767779
7.984106 0.769231
7.994072 0.769231
