1.806606 0.001451
1.814826 0.001451
1.823046 0.001451
1.831267 0.001451
1.839487 0.001451
1.847707 0.001451
1.855928 0.001451
1.864148 0.001451
1.872368 0.002903
1.880589 0.002903
1.888809 0.002903
1.897029 0.002903
1.905249 0.002903
1.913470 0.002903
1.921690 0.002903
1.929910 0.002903
1.938131 0.002903
1.946351 0.002903
1.954571 0.002903
1.962792 0.002903
1.971012 0.002903
1.979232 0.004354
1.987453 0.004354
1.995673 0.004354
2.003893 0.004354
2.012114 0.004354
2.020334 0.004354
2.028554 0.005806
2.036774 0.005806
2.044995 0.008708
2.053215 0.008708
2.061435 0.008708
2.069656 0.008708
2.077876 0.008708
2.086096 0.010160
2.094317 0.010160
2.102537 0.011611
2.110757 0.011611
2.118978 0.011611
2.127198 0.011611
2.135418 0.011611
2.143638 0.011611
2.151859 0.011611
2.160079 0.011611
2.168299 0.013062
2.176520 0.013062
2.184740 0.013062
2.192960 0.014514
2.201181 0.014514
2.209401 0.014514
2.217621 0.015965
2.225842 0.015965
2.234062 0.015965
2.242282 0.015965
2.250503 0.017417
2.258723 0.017417
2.266943 0.017417
2.275163 0.017417
2.283384 0.017417
2.291604 0.017417
2.299824 0.023222
2.308045 0.023222
2.316265 0.023222
2.324485 0.024673
2.332706 0.026125
2.340926 0.026125
2.349146 0.026125
2.357367 0.026125
2.365587 0.027576
2.373807 0.027576
2.382027 0.027576
2.390248 0.030479
2.398468 0.031930
2.406688 0.031930
2.414909 0.031930
2.423129 0.031930
2.431349 0.031930
2.439570 0.033382
2.447790 0.034833
2.456010 0.034833
2.464231 0.037736
2.472451 0.039187
2.480671 0.040639
2.488892 0.040639
2.497112 0.040639
2.505332 0.042090
2.513552 0.043541
2.521773 0.049347
2.529993 0.050798
2.538213 0.052250
2.546434 0.053701
2.554654 0.055152
2.562874 0.059507
2.571095 0.059507
2.579315 0.060958
2.587535 0.063861
2.595756 0.063861
2.603976 0.066763
2.612196 0.069666
2.620417 0.072569
2.628637 0.072569
2.636857 0.074020
2.645077 0.075472
2.653298 0.076923
2.661518 0.076923
2.669738 0.081277
2.677959 0.087083
2.686179 0.088534
2.694399 0.091437
2.702620 0.091437
2.710840 0.095791
2.719060 0.097242
2.727281 0.098694
2.735501 0.101597
2.743721 0.103048
2.751941 0.108853
2.760162 0.108853
2.768382 0.110305
2.776602 0.110305
2.784823 0.113208
2.793043 0.113208
2.801263 0.117562
2.809484 0.117562
2.817704 0.119013
2.825924 0.121916
2.834145 0.124819
2.842365 0.129173
2.850585 0.133527
2.858806 0.136430
2.867026 0.136430
2.875246 0.136430
2.883466 0.136430
2.891687 0.140784
2.899907 0.142235
2.908127 0.143687
2.916348 0.146589
2.924568 0.148041
2.932788 0.153846
2.941009 0.156749
2.949229 0.162554
2.957449 0.165457
2.965670 0.166909
2.973890 0.168360
2.982110 0.169811
2.990330 0.172714
2.998551 0.178520
3.006771 0.178520
3.014991 0.178520
3.023212 0.179971
3.031432 0.184325
3.039652 0.185776
3.047873 0.187228
3.056093 0.188679
3.064313 0.188679
3.072534 0.188679
3.080754 0.191582
3.088974 0.193033
3.097195 0.194485
3.105415 0.200290
3.113635 0.201742
3.121855 0.203193
3.130076 0.204644
3.138296 0.206096
3.146516 0.207547
3.154737 0.211901
3.162957 0.213353
3.171177 0.217707
3.179398 0.222061
3.187618 0.224964
3.195838 0.224964
3.204059 0.224964
3.212279 0.224964
3.220499 0.226415
3.228720 0.226415
3.236940 0.227866
3.245160 0.230769
3.253380 0.233672
3.261601 0.233672
3.269821 0.233672
3.278041 0.236575
3.286262 0.236575
3.294482 0.236575
3.302702 0.238026
3.310923 0.240929
3.319143 0.243832
3.327363 0.245283
3.335584 0.248186
3.343804 0.252540
3.352024 0.259797
3.360244 0.259797
3.368465 0.262700
3.376685 0.264151
3.384905 0.268505
3.393126 0.268505
3.401346 0.272859
3.409566 0.272859
3.417787 0.274311
3.426007 0.278665
3.434227 0.280116
3.442448 0.281567
3.450668 0.283019
3.458888 0.283019
3.467109 0.284470
3.475329 0.285922
3.483549 0.290276
3.491769 0.297533
3.499990 0.297533
3.508210 0.300435
3.516430 0.301887
3.524651 0.303338
3.532871 0.304790
3.541091 0.306241
3.549312 0.313498
3.557532 0.316401
3.565752 0.316401
3.573973 0.317852
3.582193 0.319303
3.590413 0.319303
3.598633 0.319303
3.606854 0.320755
3.615074 0.325109
3.623294 0.325109
3.631515 0.325109
3.639735 0.329463
3.647955 0.329463
3.656176 0.332366
3.664396 0.335269
3.672616 0.336720
3.680837 0.339623
3.689057 0.341074
3.697277 0.342525
3.705498 0.343977
3.713718 0.348331
3.721938 0.348331
3.730158 0.348331
3.738379 0.348331
3.746599 0.348331
3.754819 0.354136
3.763040 0.355588
3.771260 0.357039
3.779480 0.361393
3.787701 0.361393
3.795921 0.365747
3.804141 0.365747
3.812362 0.367199
3.820582 0.368650
3.828802 0.370102
3.837023 0.373004
3.845243 0.374456
3.853463 0.375907
3.861683 0.375907
3.869904 0.378810
3.878124 0.381713
3.886344 0.383164
3.894565 0.384615
3.902785 0.384615
3.911005 0.384615
3.919226 0.384615
3.927446 0.387518
3.935666 0.390421
3.943887 0.396226
3.952107 0.399129
3.960327 0.400581
3.968547 0.404935
3.976768 0.404935
3.984988 0.407837
3.993208 0.409289
4.001429 0.412192
4.009649 0.412192
4.017869 0.415094
4.026090 0.417997
4.034310 0.422351
4.042530 0.423803
4.050751 0.425254
4.058971 0.428157
4.067191 0.431060
4.075412 0.432511
4.083632 0.432511
4.091852 0.433962
4.100072 0.438316
4.108293 0.438316
4.116513 0.439768
4.124733 0.439768
4.132954 0.439768
4.141174 0.442671
4.149394 0.448476
4.157615 0.451379
4.165835 0.452830
4.174055 0.455733
4.182276 0.457184
4.190496 0.457184
4.198716 0.457184
4.206936 0.458636
4.215157 0.458636
4.223377 0.462990
4.231597 0.468795
4.239818 0.470247
4.248038 0.471698
4.256258 0.473149
4.264479 0.473149
4.272699 0.474601
4.280919 0.476052
4.289140 0.477504
4.297360 0.478955
4.305580 0.478955
4.313801 0.478955
4.322021 0.480406
4.330241 0.480406
4.338461 0.481858
4.346682 0.483309
4.354902 0.486212
4.363122 0.487663
4.371343 0.487663
4.379563 0.487663
4.387783 0.487663
4.396004 0.490566
4.404224 0.496372
4.412444 0.497823
4.420665 0.497823
4.428885 0.497823
4.437105 0.497823
4.445326 0.500726
4.453546 0.500726
4.461766 0.500726
4.469986 0.500726
4.478207 0.502177
4.486427 0.502177
4.494647 0.503628
4.502868 0.506531
4.511088 0.507983
4.519308 0.509434
4.527529 0.510885
4.535749 0.512337
4.543969 0.513788
4.552190 0.513788
4.560410 0.516691
4.568630 0.519594
4.576850 0.523948
4.585071 0.523948
4.593291 0.523948
4.601511 0.525399
4.609732 0.526851
4.617952 0.526851
4.626172 0.528302
4.634393 0.531205
4.642613 0.531205
4.650833 0.531205
4.659054 0.532656
4.667274 0.537010
4.675494 0.538462
4.683715 0.538462
4.691935 0.541364
4.700155 0.542816
4.708375 0.544267
4.716596 0.544267
4.724816 0.545718
4.733036 0.547170
4.741257 0.547170
4.749477 0.548621
4.757697 0.551524
4.765918 0.554427
4.774138 0.554427
4.782358 0.555878
4.790579 0.558781
4.798799 0.560232
4.807019 0.560232
4.815240 0.563135
4.823460 0.564586
4.831680 0.564586
4.839900 0.566038
4.848121 0.566038
4.856341 0.566038
4.864561 0.567489
4.872782 0.568940
4.881002 0.570392
4.889222 0.571843
4.897443 0.574746
4.905663 0.574746
4.913883 0.577649
4.922104 0.582003
4.930324 0.582003
4.938544 0.584906
4.946764 0.584906
4.954985 0.584906
4.963205 0.584906
4.971425 0.584906
4.979646 0.584906
4.987866 0.586357
4.996086 0.587808
5.004307 0.587808
5.012527 0.589260
5.020747 0.589260
5.028968 0.590711
5.037188 0.595065
5.045408 0.595065
5.053629 0.596517
5.061849 0.597968
5.070069 0.597968
5.078289 0.599419
5.086510 0.600871
5.094730 0.602322
5.102950 0.605225
5.111171 0.608128
5.119391 0.608128
5.127611 0.608128
5.135832 0.609579
5.144052 0.609579
5.152272 0.609579
5.160493 0.612482
5.168713 0.615385
5.176933 0.616836
5.185153 0.618287
5.193374 0.619739
5.201594 0.619739
5.209814 0.622642
5.218035 0.624093
5.226255 0.628447
5.234475 0.634253
5.242696 0.638607
5.250916 0.638607
5.259136 0.638607
5.267357 0.640058
5.275577 0.641509
5.283797 0.644412
5.292018 0.647315
5.300238 0.647315
5.308458 0.647315
5.316678 0.647315
5.324899 0.648766
5.333119 0.650218
5.341339 0.651669
5.349560 0.651669
5.357780 0.651669
5.366000 0.653120
5.374221 0.654572
5.382441 0.654572
5.390661 0.654572
5.398882 0.654572
5.407102 0.654572
5.415322 0.657475
5.423543 0.658926
5.431763 0.658926
5.439983 0.663280
5.448203 0.664731
5.456424 0.669086
5.464644 0.670537
5.472864 0.671988
5.481085 0.673440
5.489305 0.677794
5.497525 0.677794
5.505746 0.679245
5.513966 0.682148
5.522186 0.682148
5.530407 0.682148
5.538627 0.685051
5.546847 0.685051
5.555067 0.686502
5.563288 0.686502
5.571508 0.686502
5.579728 0.690856
5.587949 0.690856
5.596169 0.690856
5.604389 0.692308
5.612610 0.692308
5.620830 0.692308
5.629050 0.692308
5.637271 0.695210
5.645491 0.695210
5.653711 0.696662
5.661932 0.698113
5.670152 0.698113
5.678372 0.699565
5.686592 0.699565
5.694813 0.701016
5.703033 0.701016
5.711253 0.702467
5.719474 0.703919
5.727694 0.703919
5.735914 0.705370
5.744135 0.705370
5.752355 0.706821
5.760575 0.706821
5.768796 0.708273
5.777016 0.708273
5.785236 0.708273
5.793456 0.709724
5.801677 0.709724
5.809897 0.709724
5.818117 0.711176
5.826338 0.711176
5.834558 0.711176
5.842778 0.712627
5.850999 0.712627
5.859219 0.712627
5.867439 0.712627
5.875660 0.712627
5.883880 0.712627
5.892100 0.712627
5.900321 0.714078
5.908541 0.714078
5.916761 0.714078
5.924981 0.716981
5.933202 0.718433
5.941422 0.718433
5.949642 0.719884
5.957863 0.721335
5.966083 0.722787
5.974303 0.724238
5.982524 0.724238
5.990744 0.727141
5.998964 0.727141
6.007185 0.730044
6.015405 0.730044
6.023625 0.732946
6.031846 0.732946
6.040066 0.732946
6.048286 0.732946
6.056506 0.732946
6.064727 0.734398
6.072947 0.735849
6.081167 0.738752
6.089388 0.738752
6.097608 0.738752
6.105828 0.738752
6.114049 0.740203
6.122269 0.740203
6.130489 0.740203
6.138710 0.741655
6.146930 0.743106
6.155150 0.743106
6.163370 0.744557
6.171591 0.744557
6.179811 0.744557
6.188031 0.744557
6.196252 0.744557
6.204472 0.746009
6.212692 0.746009
6.220913 0.746009
6.229133 0.746009
6.237353 0.746009
6.245574 0.746009
6.253794 0.747460
6.262014 0.748911
6.270235 0.748911
6.278455 0.748911
6.286675 0.748911
6.294895 0.748911
6.303116 0.751814
6.311336 0.751814
6.319556 0.753266
6.327777 0.753266
6.335997 0.754717
6.344217 0.754717
6.352438 0.754717
6.360658 0.754717
6.368878 0.754717
6.377099 0.757620
6.385319 0.759071
6.393539 0.759071
6.401759 0.760522
6.409980 0.760522
6.418200 0.760522
6.426420 0.761974
6.434641 0.761974
6.442861 0.761974
6.451081 0.761974
6.459302 0.761974
6.467522 0.761974
6.475742 0.763425
6.483963 0.767779
6.492183 0.767779
6.500403 0.767779
6.508624 0.767779
6.516844 0.767779
6.525064 0.767779
6.533284 0.767779
6.541505 0.769231
6.549725 0.772134
6.557945 0.773585
6.566166 0.773585
6.574386 0.773585
6.582606 0.775036
6.590827 0.775036
6.599047 0.775036
6.607267 0.775036
6.615488 0.776488
6.623708 0.776488
6.631928 0.777939
6.640149 0.779390
6.648369 0.779390
6.656589 0.779390
6.664809 0.780842
6.673030 0.780842
6.681250 0.780842
6.689470 0.780842
6.697691 0.780842
6.705911 0.780842
6.714131 0.782293
6.722352 0.782293
6.730572 0.783745
6.738792 0.783745
6.747013 0.783745
6.755233 0.785196
6.763453 0.785196
6.771673 0.785196
6.779894 0.786647
6.788114 0.786647
6.796334 0.786647
6.804555 0.789550
6.812775 0.789550
6.820995 0.791001
6.829216 0.791001
6.837436 0.792453
6.845656 0.793904
6.853877 0.793904
6.862097 0.793904
6.870317 0.793904
6.878538 0.793904
6.886758 0.793904
6.894978 0.795356
6.903198 0.795356
6.911419 0.795356
6.919639 0.795356
6.927859 0.795356
6.936080 0.795356
6.944300 0.796807
6.952520 0.798258
6.960741 0.798258
6.968961 0.798258
6.977181 0.801161
6.985402 0.801161
6.993622 0.802612
7.001842 0.802612
7.010062 0.802612
7.018283 0.804064
7.026503 0.804064
7.034723 0.804064
7.042944 0.805515
7.051164 0.805515
7.059384 0.805515
7.067605 0.806967
7.075825 0.806967
7.084045 0.808418
7.092266 0.808418
7.100486 0.808418
7.108706 0.808418
7.116927 0.808418
7.125147 0.808418
7.133367 0.808418
7.141587 0.809869
7.149808 0.811321
7.158028 0.811321
7.166248 0.811321
7.174469 0.811321
7.182689 0.811321
7.190909 0.811321
7.199130 0.811321
7.207350 0.811321
7.215570 0.811321
7.223791 0.812772
7.232011 0.812772
7.240231 0.815675
7.248452 0.817126
7.256672 0.818578
7.264892 0.820029
7.273112 0.821480
7.281333 0.822932
7.289553 0.822932
7.297773 0.822932
7.305994 0.822932
7.314214 0.822932
7.322434 0.822932
7.330655 0.822932
7.338875 0.822932
7.347095 0.822932
7.355316 0.822932
7.363536 0.824383
7.371756 0.825835
7.379976 0.825835
7.388197 0.825835
7.396417 0.825835
7.404637 0.825835
7.412858 0.825835
7.421078 0.827286
7.429298 0.827286
7.437519 0.828737
7.445739 0.828737
7.453959 0.828737
7.462180 0.828737
7.470400 0.828737
7.478620 0.828737
7.486841 0.830189
7.495061 0.830189
7.503281 0.830189
7.511501 0.830189
7.519722 0.830189
7.527942 0.830189
7.536162 0.830189
7.544383 0.830189
7.552603 0.831640
7.560823 0.831640
7.569044 0.833091
7.577264 0.833091
7.585484 0.833091
7.593705 0.834543
7.601925 0.835994
7.610145 0.835994
7.618365 0.837446
7.626586 0.838897
7.634806 0.838897
7.643026 0.838897
7.651247 0.838897
7.659467 0.840348
7.667687 0.840348
7.675908 0.840348
7.684128 0.841800
7.692348 0.841800
7.700569 0.841800
7.708789 0.841800
7.717009 0.841800
7.725230 0.841800
7.733450 0.843251
7.741670 0.843251
7.749890 0.843251
7.758111 0.843251
7.766331 0.844702
7.774551 0.846154
7.782772 0.846154
7.790992 0.846154
7.799212 0.847605
7.807433 0.847605
7.815653 0.847605
7.823873 0.850508
7.832094 0.850508
7.840314 0.851959
7.848534 0.851959
7.856755 0.851959
7.864975 0.851959
7.873195 0.851959
7.881415 0.851959
7.889636 0.853411
7.897856 0.853411
7.906076 0.853411
7.914297 0.853411
7.922517 0.853411
7.930737 0.853411
7.938958 0.854862
7.947178 0.854862
7.955398 0.856313
7.963619 0.857765
7.971839 0.857765
7.980059 0.857765
7.988279 0.859216
7.996500 0.859216
