2.220866 0.001451
2.222320 0.001451
2.223774 0.001451
2.225229 0.001451
2.226683 0.001451
2.228137 0.001451
2.229591 0.001451
2.231046 0.001451
2.232500 0.001451
2.233954 0.001451
2.235408 0.001451
2.236863 0.001451
2.238317 0.001451
2.239771 0.001451
2.241225 0.001451
2.242680 0.001451
2.244134 0.001451
2.245588 0.002903
2.247042 0.002903
2.248497 0.002903
2.249951 0.002903
2.251405 0.002903
2.252859 0.002903
2.254314 0.002903
2.255768 0.002903
2.257222 0.002903
2.258676 0.002903
2.260131 0.002903
2.261585 0.002903
2.263039 0.002903
2.264493 0.004354
2.265948 0.004354
2.267402 0.004354
2.268856 0.004354
2.270310 0.004354
2.271765 0.004354
2.273219 0.004354
2.274673 0.004354
2.276127 0.004354
2.277582 0.004354
2.279036 0.004354
2.280490 0.004354
2.281944 0.004354
2.283399 0.004354
2.284853 0.004354
2.286307 0.004354
2.287761 0.004354
2.289216 0.004354
2.290670 0.005806
2.292124 0.005806
2.293578 0.005806
2.295033 0.005806
2.296487 0.005806
2.297941 0.005806
2.299395 0.005806
2.300850 0.005806
2.302304 0.005806
2.303758 0.005806
2.305212 0.005806
2.306667 0.005806
2.308121 0.005806
2.309575 0.005806
2.311029 0.005806
2.312484 0.005806
2.313938 0.005806
2.315392 0.005806
2.316846 0.005806
2.318301 0.005806
2.319755 0.005806
2.321209 0.005806
2.322663 0.005806
2.324118 0.005806
2.325572 0.005806
2.327026 0.005806
2.328480 0.005806
2.329935 0.005806
2.331389 0.007257
2.332843 0.008708
2.334297 0.008708
2.335752 0.008708
2.337206 0.008708
2.338660 0.008708
2.340114 0.008708
2.341569 0.008708
2.343023 0.008708
2.344477 0.008708
2.345931 0.008708
2.347386 0.008708
2.348840 0.008708
2.350294 0.008708
2.351748 0.008708
2.353203 0.010160
2.354657 0.010160
2.356111 0.010160
2.357565 0.010160
2.359020 0.010160
2.360474 0.010160
2.361928 0.010160
2.363382 0.010160
2.364837 0.010160
2.366291 0.010160
2.367745 0.010160
2.369199 0.010160
2.370654 0.010160
2.372108 0.010160
2.373562 0.010160
2.375016 0.010160
2.376470 0.010160
2.377925 0.010160
2.379379 0.010160
2.380833 0.010160
2.382287 0.010160
2.383742 0.010160
2.385196 0.010160
2.386650 0.010160
2.388104 0.010160
2.389559 0.010160
2.391013 0.010160
2.392467 0.010160
2.393921 0.010160
2.395376 0.010160
2.396830 0.010160
2.398284 0.010160
2.399738 0.010160
2.401193 0.010160
2.402647 0.010160
2.404101 0.010160
2.405555 0.010160
2.407010 0.010160
2.408464 0.010160
2.409918 0.010160
2.411372 0.010160
2.412827 0.010160
2.414281 0.010160
2.415735 0.011611
2.417189 0.011611
2.418644 0.011611
2.420098 0.011611
2.421552 0.011611
2.423006 0.011611
2.424461 0.013062
2.425915 0.013062
2.427369 0.013062
2.428823 0.013062
2.430278 0.013062
2.431732 0.013062
2.433186 0.013062
2.434640 0.013062
2.436095 0.014514
2.437549 0.014514
2.439003 0.014514
2.440457 0.014514
2.441912 0.014514
2.443366 0.014514
2.444820 0.014514
2.446274 0.014514
2.447729 0.014514
2.449183 0.014514
2.450637 0.014514
2.452091 0.014514
2.453546 0.014514
2.455000 0.014514
2.456454 0.014514
2.457908 0.014514
2.459363 0.015965
2.460817 0.015965
2.462271 0.015965
2.463725 0.015965
2.465180 0.015965
2.466634 0.015965
2.468088 0.015965
2.469542 0.015965
2.470997 0.015965
2.472451 0.015965
2.473905 0.015965
2.475359 0.015965
2.476814 0.015965
2.478268 0.015965
2.479722 0.015965
2.481176 0.015965
2.482631 0.015965
2.484085 0.015965
2.485539 0.015965
2.486993 0.015965
2.488448 0.015965
2.489902 0.017417
2.491356 0.017417
2.492810 0.017417
2.494265 0.017417
2.495719 0.018868
2.497173 0.018868
2.498627 0.018868
2.500082 0.018868
2.501536 0.018868
2.502990 0.018868
2.504444 0.018868
2.505899 0.018868
2.507353 0.018868
2.508807 0.018868
2.510261 0.018868
2.511716 0.018868
2.513170 0.018868
2.514624 0.018868
2.516078 0.018868
2.517533 0.018868
2.518987 0.018868
2.520441 0.018868
2.521895 0.018868
2.523350 0.018868
2.524804 0.018868
2.526258 0.020319
2.527712 0.020319
2.529167 0.020319
2.530621 0.020319
2.532075 0.020319
2.533529 0.020319
2.534984 0.020319
2.536438 0.020319
2.537892 0.020319
2.539346 0.020319
2.540801 0.020319
2.542255 0.020319
2.543709 0.020319
2.545163 0.020319
2.546618 0.020319
2.548072 0.020319
2.549526 0.020319
2.550980 0.020319
2.552435 0.020319
2.553889 0.020319
2.555343 0.020319
2.556797 0.020319
2.558252 0.020319
2.559706 0.020319
2.561160 0.020319
2.562614 0.020319
2.564069 0.020319
2.565523 0.020319
2.566977 0.020319
2.568431 0.020319
2.569886 0.020319
2.571340 0.020319
2.572794 0.020319
2.574248 0.020319
2.575703 0.020319
2.577157 0.020319
2.578611 0.020319
2.580065 0.020319
2.581520 0.020319
2.582974 0.020319
2.584428 0.020319
2.585882 0.020319
2.587337 0.020319
2.588791 0.021771
2.590245 0.021771
2.591699 0.021771
2.593154 0.021771
2.594608 0.021771
2.596062 0.021771
2.597516 0.021771
2.598970 0.021771
2.600425 0.023222
2.601879 0.023222
2.603333 0.023222
2.604787 0.023222
2.606242 0.023222
2.607696 0.023222
2.609150 0.023222
2.610604 0.023222
2.612059 0.023222
2.613513 0.023222
2.614967 0.024673
2.616421 0.024673
2.617876 0.024673
2.619330 0.026125
2.620784 0.026125
2.622238 0.026125
2.623693 0.026125
2.625147 0.026125
2.626601 0.026125
2.628055 0.026125
2.629510 0.026125
2.630964 0.026125
2.632418 0.026125
2.633872 0.026125
2.635327 0.027576
2.636781 0.027576
2.638235 0.027576
2.639689 0.029028
2.641144 0.029028
2.642598 0.029028
2.644052 0.029028
2.645506 0.029028
2.646961 0.029028
2.648415 0.029028
2.649869 0.030479
2.651323 0.030479
2.652778 0.031930
2.654232 0.031930
2.655686 0.031930
2.657140 0.031930
2.658595 0.031930
2.660049 0.033382
2.661503 0.033382
2.662957 0.033382
2.664412 0.033382
2.665866 0.033382
2.667320 0.034833
2.668774 0.034833
2.670229 0.034833
2.671683 0.034833
2.673137 0.034833
2.674591 0.034833
2.676046 0.034833
2.677500 0.034833
2.678954 0.034833
2.680408 0.034833
2.681863 0.034833
2.683317 0.034833
2.684771 0.034833
2.686225 0.036284
2.687680 0.036284
2.689134 0.036284
2.690588 0.036284
2.692042 0.036284
2.693497 0.036284
2.694951 0.036284
2.696405 0.036284
2.697859 0.036284
2.699314 0.036284
2.700768 0.036284
2.702222 0.036284
2.703676 0.036284
2.705131 0.036284
2.706585 0.036284
2.708039 0.036284
2.709493 0.036284
2.710948 0.036284
2.712402 0.037736
2.713856 0.037736
2.715310 0.039187
2.716765 0.039187
2.718219 0.039187
2.719673 0.039187
2.721127 0.039187
2.722582 0.039187
2.724036 0.039187
2.725490 0.039187
2.726944 0.039187
2.728399 0.039187
2.729853 0.039187
2.731307 0.039187
2.732761 0.039187
2.734216 0.039187
2.735670 0.039187
2.737124 0.039187
2.738578 0.039187
2.740033 0.040639
2.741487 0.040639
2.742941 0.040639
2.744395 0.040639
2.745850 0.040639
2.747304 0.040639
2.748758 0.040639
2.750212 0.040639
2.751667 0.040639
2.753121 0.040639
2.754575 0.040639
2.756029 0.040639
2.757484 0.040639
2.758938 0.040639
2.760392 0.040639
2.761846 0.040639
2.763301 0.040639
2.764755 0.040639
2.766209 0.040639
2.767663 0.042090
2.769118 0.042090
2.770572 0.042090
2.772026 0.043541
2.773480 0.043541
2.774935 0.043541
2.776389 0.043541
2.777843 0.043541
2.779297 0.043541
2.780752 0.043541
2.782206 0.044993
2.783660 0.044993
2.785114 0.044993
2.786569 0.044993
2.788023 0.044993
2.789477 0.044993
2.790931 0.044993
2.792386 0.044993
2.793840 0.044993
2.795294 0.044993
2.796748 0.044993
2.798203 0.044993
2.799657 0.044993
2.801111 0.044993
2.802565 0.044993
2.804020 0.044993
2.805474 0.044993
2.806928 0.044993
2.808382 0.044993
2.809837 0.044993
2.811291 0.044993
2.812745 0.044993
2.814199 0.046444
2.815654 0.049347
2.817108 0.049347
2.818562 0.050798
2.820016 0.050798
2.821471 0.050798
2.822925 0.052250
2.824379 0.052250
2.825833 0.053701
2.827287 0.053701
2.828742 0.053701
2.830196 0.053701
2.831650 0.053701
2.833104 0.053701
2.834559 0.055152
2.836013 0.055152
2.837467 0.055152
2.838921 0.055152
2.840376 0.055152
2.841830 0.055152
2.843284 0.055152
2.844738 0.055152
2.846193 0.055152
2.847647 0.056604
2.849101 0.056604
2.850555 0.056604
2.852010 0.056604
2.853464 0.058055
2.854918 0.059507
2.856372 0.059507
2.857827 0.059507
2.859281 0.060958
2.860735 0.060958
2.862189 0.060958
2.863644 0.060958
2.865098 0.060958
2.866552 0.062409
2.868006 0.062409
2.869461 0.062409
2.870915 0.063861
2.872369 0.063861
2.873823 0.063861
2.875278 0.063861
2.876732 0.063861
2.878186 0.063861
2.879640 0.065312
2.881095 0.065312
2.882549 0.065312
2.884003 0.065312
2.885457 0.065312
2.886912 0.065312
2.888366 0.065312
2.889820 0.065312
2.891274 0.065312
2.892729 0.065312
2.894183 0.066763
2.895637 0.066763
2.897091 0.066763
2.898546 0.066763
2.900000 0.066763
2.901454 0.066763
2.902908 0.066763
2.904363 0.066763
2.905817 0.066763
2.907271 0.066763
2.908725 0.066763
2.910180 0.066763
2.911634 0.066763
2.913088 0.066763
2.914542 0.066763
2.915997 0.066763
2.917451 0.066763
2.918905 0.066763
2.920359 0.066763
2.921814 0.066763
2.923268 0.066763
2.924722 0.066763
2.926176 0.068215
2.927631 0.068215
2.929085 0.068215
2.930539 0.068215
2.931993 0.069666
2.933448 0.071118
2.934902 0.071118
2.936356 0.071118
2.937810 0.071118
2.939265 0.071118
2.940719 0.071118
2.942173 0.072569
2.943627 0.074020
2.945082 0.074020
2.946536 0.074020
2.947990 0.074020
2.949444 0.074020
2.950899 0.074020
2.952353 0.074020
2.953807 0.074020
2.955261 0.075472
2.956716 0.076923
2.958170 0.076923
2.959624 0.076923
2.961078 0.076923
2.962533 0.076923
2.963987 0.076923
2.965441 0.076923
2.966895 0.076923
2.968350 0.076923
2.969804 0.076923
2.971258 0.078374
2.972712 0.078374
2.974167 0.078374
2.975621 0.078374
2.977075 0.078374
2.978529 0.078374
2.979984 0.078374
2.981438 0.078374
2.982892 0.078374
2.984346 0.078374
2.985801 0.078374
2.987255 0.078374
2.988709 0.078374
2.990163 0.078374
2.991618 0.078374
2.993072 0.078374
2.994526 0.078374
2.995980 0.078374
2.997435 0.078374
2.998889 0.078374
3.000343 0.078374
3.001797 0.078374
3.003252 0.078374
3.004706 0.078374
3.006160 0.079826
3.007614 0.079826
3.009069 0.081277
3.010523 0.081277
3.011977 0.081277
3.013431 0.081277
3.014886 0.081277
3.016340 0.082729
3.017794 0.082729
3.019248 0.082729
3.020703 0.082729
3.022157 0.082729
3.023611 0.085631
3.025065 0.085631
3.026520 0.085631
3.027974 0.085631
3.029428 0.087083
3.030882 0.087083
3.032337 0.087083
3.033791 0.087083
3.035245 0.087083
3.036699 0.087083
3.038154 0.087083
3.039608 0.087083
3.041062 0.087083
3.042516 0.088534
3.043971 0.088534
3.045425 0.088534
3.046879 0.088534
3.048333 0.088534
3.049788 0.088534
3.051242 0.088534
3.052696 0.088534
3.054150 0.091437
3.055604 0.091437
3.057059 0.092888
3.058513 0.094340
3.059967 0.094340
3.061421 0.094340
3.062876 0.094340
3.064330 0.094340
3.065784 0.094340
3.067238 0.094340
3.068693 0.094340
3.070147 0.094340
3.071601 0.095791
3.073055 0.095791
3.074510 0.095791
3.075964 0.095791
3.077418 0.095791
3.078872 0.095791
3.080327 0.095791
3.081781 0.095791
3.083235 0.095791
3.084689 0.097242
3.086144 0.098694
3.087598 0.098694
3.089052 0.098694
3.090506 0.098694
3.091961 0.098694
3.093415 0.098694
3.094869 0.098694
3.096323 0.098694
3.097778 0.098694
3.099232 0.098694
3.100686 0.100145
3.102140 0.100145
3.103595 0.101597
3.105049 0.103048
3.106503 0.103048
3.107957 0.103048
3.109412 0.104499
3.110866 0.104499
3.112320 0.104499
3.113774 0.104499
3.115229 0.104499
3.116683 0.104499
3.118137 0.105951
3.119591 0.105951
3.121046 0.108853
3.122500 0.108853
3.123954 0.108853
3.125408 0.110305
3.126863 0.110305
3.128317 0.110305
3.129771 0.110305
3.131225 0.110305
3.132680 0.111756
3.134134 0.111756
3.135588 0.113208
3.137042 0.114659
3.138497 0.114659
3.139951 0.114659
3.141405 0.114659
3.142859 0.114659
3.144314 0.114659
3.145768 0.114659
3.147222 0.114659
3.148676 0.114659
3.150131 0.114659
3.151585 0.114659
3.153039 0.114659
3.154493 0.114659
3.155948 0.114659
3.157402 0.114659
3.158856 0.114659
3.160310 0.114659
3.161765 0.116110
3.163219 0.116110
3.164673 0.116110
3.166127 0.116110
3.167582 0.120464
3.169036 0.120464
3.170490 0.121916
3.171944 0.123367
3.173399 0.123367
3.174853 0.123367
3.176307 0.124819
3.177761 0.124819
3.179216 0.124819
3.180670 0.124819
3.182124 0.126270
3.183578 0.127721
3.185033 0.127721
3.186487 0.127721
3.187941 0.127721
3.189395 0.127721
3.190850 0.127721
3.192304 0.129173
3.193758 0.129173
3.195212 0.129173
3.196667 0.129173
3.198121 0.129173
3.199575 0.129173
3.201029 0.130624
3.202484 0.130624
3.203938 0.130624
3.205392 0.130624
3.206846 0.132075
3.208301 0.132075
3.209755 0.132075
3.211209 0.132075
3.212663 0.132075
3.214118 0.132075
3.215572 0.132075
3.217026 0.132075
3.218480 0.133527
3.219935 0.133527
3.221389 0.133527
3.222843 0.134978
3.224297 0.134978
3.225752 0.134978
3.227206 0.134978
3.228660 0.137881
3.230114 0.137881
3.231569 0.137881
3.233023 0.137881
3.234477 0.137881
3.235931 0.137881
3.237386 0.137881
3.238840 0.137881
3.240294 0.139332
3.241748 0.140784
3.243203 0.140784
3.244657 0.140784
3.246111 0.140784
3.247565 0.142235
3.249020 0.142235
3.250474 0.142235
3.251928 0.142235
3.253382 0.143687
3.254837 0.143687
3.256291 0.143687
3.257745 0.143687
3.259199 0.143687
3.260654 0.143687
3.262108 0.143687
3.263562 0.145138
3.265016 0.145138
3.266471 0.146589
3.267925 0.146589
3.269379 0.146589
3.270833 0.148041
3.272288 0.148041
3.273742 0.148041
3.275196 0.148041
3.276650 0.148041
3.278105 0.148041
3.279559 0.148041
3.281013 0.148041
3.282467 0.149492
3.283921 0.149492
3.285376 0.149492
3.286830 0.149492
3.288284 0.149492
3.289738 0.149492
3.291193 0.149492
3.292647 0.150943
3.294101 0.150943
3.295555 0.150943
3.297010 0.152395
3.298464 0.153846
3.299918 0.153846
3.301372 0.153846
3.302827 0.153846
3.304281 0.153846
3.305735 0.153846
3.307189 0.153846
3.308644 0.153846
3.310098 0.153846
3.311552 0.153846
3.313006 0.153846
3.314461 0.153846
3.315915 0.155298
3.317369 0.155298
3.318823 0.155298
3.320278 0.155298
3.321732 0.155298
3.323186 0.155298
3.324640 0.155298
3.326095 0.155298
3.327549 0.155298
3.329003 0.155298
3.330457 0.155298
3.331912 0.156749
3.333366 0.156749
3.334820 0.156749
3.336274 0.156749
3.337729 0.156749
3.339183 0.161103
3.340637 0.161103
3.342091 0.161103
3.343546 0.161103
3.345000 0.161103
3.346454 0.161103
3.347908 0.161103
3.349363 0.161103
3.350817 0.161103
3.352271 0.162554
3.353725 0.162554
3.355180 0.162554
3.356634 0.162554
3.358088 0.162554
3.359542 0.162554
3.360997 0.164006
3.362451 0.164006
3.363905 0.164006
3.365359 0.164006
3.366814 0.165457
3.368268 0.166909
3.369722 0.166909
3.371176 0.166909
3.372631 0.166909
3.374085 0.166909
3.375539 0.166909
3.376993 0.166909
3.378448 0.166909
3.379902 0.166909
3.381356 0.166909
3.382810 0.166909
3.384265 0.168360
3.385719 0.168360
3.387173 0.168360
3.388627 0.168360
3.390082 0.168360
3.391536 0.168360
3.392990 0.169811
3.394444 0.169811
3.395899 0.171263
3.397353 0.171263
3.398807 0.171263
3.400261 0.171263
3.401716 0.171263
3.403170 0.171263
3.404624 0.171263
3.406078 0.171263
3.407533 0.171263
3.408987 0.172714
3.410441 0.172714
3.411895 0.174165
3.413350 0.174165
3.414804 0.174165
3.416258 0.174165
3.417712 0.174165
3.419167 0.174165
3.420621 0.174165
3.422075 0.174165
3.423529 0.174165
3.424984 0.174165
3.426438 0.175617
3.427892 0.175617
3.429346 0.177068
3.430801 0.177068
3.432255 0.177068
3.433709 0.177068
3.435163 0.179971
3.436618 0.181422
3.438072 0.182874
3.439526 0.184325
3.440980 0.184325
3.442435 0.184325
3.443889 0.184325
3.445343 0.184325
3.446797 0.185776
3.448252 0.185776
3.449706 0.185776
3.451160 0.187228
3.452614 0.187228
3.454069 0.187228
3.455523 0.187228
3.456977 0.187228
3.458431 0.187228
3.459886 0.190131
3.461340 0.190131
3.462794 0.190131
3.464248 0.190131
3.465703 0.190131
3.467157 0.190131
3.468611 0.191582
3.470065 0.191582
3.471520 0.191582
3.472974 0.191582
3.474428 0.191582
3.475882 0.191582
3.477337 0.193033
3.478791 0.193033
3.480245 0.193033
3.481699 0.193033
3.483154 0.193033
3.484608 0.193033
3.486062 0.193033
3.487516 0.194485
3.488971 0.195936
3.490425 0.197388
3.491879 0.198839
3.493333 0.200290
3.494788 0.200290
3.496242 0.200290
3.497696 0.200290
3.499150 0.200290
3.500605 0.200290
3.502059 0.200290
3.503513 0.200290
3.504967 0.201742
3.506422 0.201742
3.507876 0.201742
3.509330 0.201742
3.510784 0.201742
3.512238 0.201742
3.513693 0.201742
3.515147 0.201742
3.516601 0.201742
3.518055 0.201742
3.519510 0.203193
3.520964 0.203193
3.522418 0.204644
3.523872 0.206096
3.525327 0.207547
3.526781 0.207547
3.528235 0.208999
3.529689 0.208999
3.531144 0.208999
3.532598 0.208999
3.534052 0.208999
3.535506 0.208999
3.536961 0.208999
3.538415 0.208999
3.539869 0.210450
3.541323 0.211901
3.542778 0.211901
3.544232 0.211901
3.545686 0.214804
3.547140 0.214804
3.548595 0.214804
3.550049 0.214804
3.551503 0.216255
3.552957 0.216255
3.554412 0.216255
3.555866 0.216255
3.557320 0.216255
3.558774 0.216255
3.560229 0.216255
3.561683 0.217707
3.563137 0.217707
3.564591 0.219158
3.566046 0.219158
3.567500 0.219158
3.568954 0.219158
3.570408 0.220610
3.571863 0.220610
3.573317 0.222061
3.574771 0.222061
3.576225 0.222061
3.577680 0.222061
3.579134 0.223512
3.580588 0.223512
3.582042 0.224964
3.583497 0.224964
3.584951 0.226415
3.586405 0.226415
3.587859 0.226415
3.589314 0.226415
3.590768 0.226415
3.592222 0.226415
3.593676 0.227866
3.595131 0.230769
3.596585 0.230769
3.598039 0.230769
3.599493 0.230769
3.600948 0.232221
3.602402 0.232221
3.603856 0.233672
3.605310 0.236575
3.606765 0.238026
3.608219 0.240929
3.609673 0.242380
3.611127 0.243832
3.612582 0.243832
3.614036 0.243832
3.615490 0.243832
3.616944 0.243832
3.618399 0.243832
3.619853 0.243832
3.621307 0.245283
3.622761 0.246734
3.624216 0.248186
3.625670 0.248186
3.627124 0.248186
3.628578 0.249637
3.630033 0.251089
3.631487 0.251089
3.632941 0.251089
3.634395 0.252540
3.635850 0.252540
3.637304 0.252540
3.638758 0.253991
3.640212 0.253991
3.641667 0.253991
3.643121 0.253991
3.644575 0.255443
3.646029 0.255443
3.647484 0.256894
3.648938 0.258345
3.650392 0.258345
3.651846 0.258345
3.653301 0.258345
3.654755 0.258345
3.656209 0.258345
3.657663 0.259797
3.659118 0.259797
3.660572 0.259797
3.662026 0.261248
3.663480 0.261248
3.664935 0.262700
3.666389 0.262700
3.667843 0.262700
3.669297 0.262700
3.670752 0.262700
3.672206 0.262700
3.673660 0.264151
3.675114 0.264151
3.676569 0.264151
3.678023 0.265602
3.679477 0.265602
3.680931 0.265602
3.682386 0.267054
3.683840 0.268505
3.685294 0.269956
3.686748 0.271408
3.688203 0.271408
3.689657 0.271408
3.691111 0.271408
3.692565 0.271408
3.694020 0.272859
3.695474 0.272859
3.696928 0.275762
3.698382 0.275762
3.699837 0.277213
3.701291 0.277213
3.702745 0.278665
3.704199 0.278665
3.705654 0.280116
3.707108 0.281567
3.708562 0.281567
3.710016 0.281567
3.711471 0.283019
3.712925 0.283019
3.714379 0.283019
3.715833 0.284470
3.717288 0.285922
3.718742 0.285922
3.720196 0.285922
3.721650 0.287373
3.723105 0.288824
3.724559 0.288824
3.726013 0.290276
3.727467 0.291727
3.728922 0.291727
3.730376 0.291727
3.731830 0.294630
3.733284 0.294630
3.734739 0.294630
3.736193 0.294630
3.737647 0.294630
3.739101 0.294630
3.740555 0.294630
3.742010 0.294630
3.743464 0.294630
3.744918 0.296081
3.746372 0.296081
3.747827 0.296081
3.749281 0.298984
3.750735 0.298984
3.752189 0.298984
3.753644 0.298984
3.755098 0.298984
3.756552 0.298984
3.758006 0.300435
3.759461 0.300435
3.760915 0.300435
3.762369 0.300435
3.763823 0.300435
3.765278 0.300435
3.766732 0.300435
3.768186 0.300435
3.769640 0.300435
3.771095 0.300435
3.772549 0.303338
3.774003 0.303338
3.775457 0.303338
3.776912 0.303338
3.778366 0.303338
3.779820 0.303338
3.781274 0.303338
3.782729 0.304790
3.784183 0.304790
3.785637 0.306241
3.787091 0.306241
3.788546 0.306241
3.790000 0.307692
3.791454 0.309144
3.792908 0.309144
3.794363 0.309144
3.795817 0.309144
3.797271 0.309144
3.798725 0.309144
3.800180 0.309144
3.801634 0.309144
3.803088 0.310595
3.804542 0.310595
3.805997 0.310595
3.807451 0.310595
3.808905 0.310595
3.810359 0.310595
3.811814 0.310595
3.813268 0.312046
3.814722 0.312046
3.816176 0.314949
3.817631 0.316401
3.819085 0.317852
3.820539 0.317852
3.821993 0.317852
3.823448 0.317852
3.824902 0.317852
3.826356 0.317852
3.827810 0.317852
3.829265 0.319303
3.830719 0.319303
3.832173 0.319303
3.833627 0.320755
3.835082 0.320755
3.836536 0.320755
3.837990 0.322206
3.839444 0.322206
3.840899 0.323657
3.842353 0.325109
3.843807 0.325109
3.845261 0.325109
3.846716 0.325109
3.848170 0.325109
3.849624 0.325109
3.851078 0.326560
3.852533 0.326560
3.853987 0.329463
3.855441 0.329463
3.856895 0.330914
3.858350 0.332366
3.859804 0.332366
3.861258 0.332366
3.862712 0.332366
3.864167 0.333817
3.865621 0.333817
3.867075 0.333817
3.868529 0.333817
3.869984 0.333817
3.871438 0.333817
3.872892 0.335269
3.874346 0.335269
3.875801 0.336720
3.877255 0.336720
3.878709 0.338171
3.880163 0.338171
3.881618 0.338171
3.883072 0.338171
3.884526 0.338171
3.885980 0.338171
3.887435 0.338171
3.888889 0.339623
3.890343 0.341074
3.891797 0.341074
3.893252 0.341074
3.894706 0.341074
3.896160 0.341074
3.897614 0.341074
3.899069 0.341074
3.900523 0.342525
3.901977 0.342525
3.903431 0.342525
3.904886 0.342525
3.906340 0.342525
3.907794 0.342525
3.909248 0.342525
3.910703 0.342525
3.912157 0.342525
3.913611 0.345428
3.915065 0.345428
3.916520 0.345428
3.917974 0.345428
3.919428 0.345428
3.920882 0.345428
3.922337 0.345428
3.923791 0.346880
3.925245 0.346880
3.926699 0.348331
3.928154 0.348331
3.929608 0.348331
3.931062 0.348331
3.932516 0.348331
3.933971 0.348331
3.935425 0.348331
3.936879 0.348331
3.938333 0.348331
3.939788 0.348331
3.941242 0.348331
3.942696 0.349782
3.944150 0.349782
3.945605 0.352685
3.947059 0.352685
3.948513 0.352685
3.949967 0.352685
3.951422 0.354136
3.952876 0.354136
3.954330 0.354136
3.955784 0.354136
3.957239 0.355588
3.958693 0.355588
3.960147 0.355588
3.961601 0.355588
3.963056 0.355588
3.964510 0.355588
3.965964 0.355588
3.967418 0.355588
3.968872 0.355588
3.970327 0.355588
3.971781 0.355588
3.973235 0.355588
3.974689 0.355588
3.976144 0.355588
3.977598 0.355588
3.979052 0.355588
3.980506 0.357039
3.981961 0.357039
3.983415 0.357039
3.984869 0.357039
3.986323 0.357039
3.987778 0.357039
3.989232 0.357039
3.990686 0.358491
3.992140 0.359942
3.993595 0.361393
3.995049 0.361393
3.996503 0.361393
3.997957 0.361393
3.999412 0.361393
4.000866 0.361393
4.002320 0.362845
4.003774 0.362845
4.005229 0.364296
4.006683 0.364296
4.008137 0.365747
4.009591 0.365747
4.011046 0.365747
4.012500 0.365747
4.013954 0.367199
4.015408 0.367199
4.016863 0.367199
4.018317 0.368650
4.019771 0.368650
4.021225 0.370102
4.022680 0.370102
4.024134 0.370102
4.025588 0.370102
4.027042 0.371553
4.028497 0.373004
4.029951 0.374456
4.031405 0.374456
4.032859 0.375907
4.034314 0.377358
4.035768 0.378810
4.037222 0.378810
4.038676 0.378810
4.040131 0.378810
4.041585 0.378810
4.043039 0.378810
4.044493 0.380261
4.045948 0.380261
4.047402 0.380261
4.048856 0.380261
4.050310 0.380261
4.051765 0.380261
4.053219 0.380261
4.054673 0.383164
4.056127 0.384615
4.057582 0.384615
4.059036 0.384615
4.060490 0.384615
4.061944 0.384615
4.063399 0.384615
4.064853 0.386067
4.066307 0.386067
4.067761 0.386067
4.069216 0.386067
4.070670 0.386067
4.072124 0.386067
4.073578 0.386067
4.075033 0.386067
4.076487 0.386067
4.077941 0.386067
4.079395 0.386067
4.080850 0.386067
4.082304 0.387518
4.083758 0.387518
4.085212 0.387518
4.086667 0.387518
4.088121 0.388970
4.089575 0.390421
4.091029 0.390421
4.092484 0.390421
4.093938 0.390421
4.095392 0.391872
4.096846 0.391872
4.098301 0.393324
4.099755 0.393324
4.101209 0.394775
4.102663 0.394775
4.104118 0.394775
4.105572 0.394775
4.107026 0.396226
4.108480 0.397678
4.109935 0.397678
4.111389 0.397678
4.112843 0.397678
4.114297 0.397678
4.115752 0.399129
4.117206 0.399129
4.118660 0.400581
4.120114 0.402032
4.121569 0.403483
4.123023 0.404935
4.124477 0.404935
4.125931 0.406386
4.127386 0.406386
4.128840 0.406386
4.130294 0.406386
4.131748 0.407837
4.133203 0.407837
4.134657 0.407837
4.136111 0.407837
4.137565 0.407837
4.139020 0.407837
4.140474 0.409289
4.141928 0.409289
4.143382 0.409289
4.144837 0.410740
4.146291 0.410740
4.147745 0.410740
4.149199 0.410740
4.150654 0.410740
4.152108 0.410740
4.153562 0.410740
4.155016 0.410740
4.156471 0.410740
4.157925 0.410740
4.159379 0.410740
4.160833 0.410740
4.162288 0.410740
4.163742 0.410740
4.165196 0.412192
4.166650 0.412192
4.168105 0.413643
4.169559 0.415094
4.171013 0.415094
4.172467 0.415094
4.173922 0.415094
4.175376 0.415094
4.176830 0.415094
4.178284 0.416546
4.179739 0.416546
4.181193 0.416546
4.182647 0.416546
4.184101 0.417997
4.185556 0.419448
4.187010 0.419448
4.188464 0.419448
4.189918 0.420900
4.191373 0.420900
4.192827 0.420900
4.194281 0.422351
4.195735 0.422351
4.197189 0.422351
4.198644 0.422351
4.200098 0.422351
4.201552 0.422351
4.203006 0.423803
4.204461 0.423803
4.205915 0.423803
4.207369 0.423803
4.208823 0.423803
4.210278 0.423803
4.211732 0.423803
4.213186 0.423803
4.214640 0.425254
4.216095 0.425254
4.217549 0.426705
4.219003 0.428157
4.220457 0.428157
4.221912 0.429608
4.223366 0.431060
4.224820 0.431060
4.226274 0.431060
4.227729 0.431060
4.229183 0.431060
4.230637 0.431060
4.232091 0.431060
4.233546 0.431060
4.235000 0.431060
4.236454 0.431060
4.237908 0.431060
4.239363 0.431060
4.240817 0.431060
4.242271 0.431060
4.243725 0.433962
4.245180 0.433962
4.246634 0.433962
4.248088 0.433962
4.249542 0.433962
4.250997 0.433962
4.252451 0.433962
4.253905 0.433962
4.255359 0.433962
4.256814 0.433962
4.258268 0.435414
4.259722 0.435414
4.261176 0.438316
4.262631 0.439768
4.264085 0.439768
4.265539 0.439768
4.266993 0.441219
4.268448 0.441219
4.269902 0.441219
4.271356 0.441219
4.272810 0.441219
4.274265 0.441219
4.275719 0.441219
4.277173 0.441219
4.278627 0.441219
4.280082 0.441219
4.281536 0.441219
4.282990 0.441219
4.284444 0.441219
4.285899 0.441219
4.287353 0.442671
4.288807 0.442671
4.290261 0.444122
4.291716 0.444122
4.293170 0.444122
4.294624 0.444122
4.296078 0.444122
4.297533 0.444122
4.298987 0.444122
4.300441 0.444122
4.301895 0.445573
4.303350 0.445573
4.304804 0.445573
4.306258 0.445573
4.307712 0.447025
4.309167 0.447025
4.310621 0.447025
4.312075 0.447025
4.313529 0.447025
4.314984 0.447025
4.316438 0.447025
4.317892 0.447025
4.319346 0.447025
4.320801 0.447025
4.322255 0.447025
4.323709 0.449927
4.325163 0.449927
4.326618 0.449927
4.328072 0.449927
4.329526 0.449927
4.330980 0.449927
4.332435 0.449927
4.333889 0.449927
4.335343 0.449927
4.336797 0.449927
4.338252 0.449927
4.339706 0.449927
4.341160 0.449927
4.342614 0.451379
4.344069 0.451379
4.345523 0.451379
4.346977 0.451379
4.348431 0.451379
4.349886 0.451379
4.351340 0.451379
4.352794 0.451379
4.354248 0.452830
4.355703 0.452830
4.357157 0.452830
4.358611 0.457184
4.360065 0.457184
4.361520 0.457184
4.362974 0.457184
4.364428 0.460087
4.365882 0.460087
4.367337 0.460087
4.368791 0.460087
4.370245 0.460087
4.371699 0.460087
4.373154 0.461538
4.374608 0.462990
4.376062 0.462990
4.377516 0.462990
4.378971 0.462990
4.380425 0.462990
4.381879 0.462990
4.383333 0.462990
4.384788 0.462990
4.386242 0.462990
4.387696 0.464441
4.389150 0.464441
4.390605 0.464441
4.392059 0.464441
4.393513 0.464441
4.394967 0.465893
4.396422 0.465893
4.397876 0.465893
4.399330 0.465893
4.400784 0.465893
4.402239 0.467344
4.403693 0.468795
4.405147 0.468795
4.406601 0.468795
4.408056 0.470247
4.409510 0.471698
4.410964 0.471698
4.412418 0.471698
4.413873 0.473149
4.415327 0.473149
4.416781 0.473149
4.418235 0.473149
4.419690 0.473149
4.421144 0.473149
4.422598 0.473149
4.424052 0.473149
4.425506 0.473149
4.426961 0.473149
4.428415 0.473149
4.429869 0.473149
4.431323 0.473149
4.432778 0.473149
4.434232 0.473149
4.435686 0.473149
4.437140 0.473149
4.438595 0.473149
4.440049 0.473149
4.441503 0.474601
4.442957 0.474601
4.444412 0.476052
4.445866 0.476052
4.447320 0.477504
4.448774 0.477504
4.450229 0.477504
4.451683 0.477504
4.453137 0.477504
4.454591 0.477504
4.456046 0.477504
4.457500 0.477504
4.458954 0.480406
4.460408 0.480406
4.461863 0.481858
4.463317 0.481858
4.464771 0.481858
4.466225 0.481858
4.467680 0.481858
4.469134 0.481858
4.470588 0.481858
4.472042 0.481858
4.473497 0.481858
4.474951 0.481858
4.476405 0.481858
4.477859 0.481858
4.479314 0.481858
4.480768 0.481858
4.482222 0.481858
4.483676 0.483309
4.485131 0.483309
4.486585 0.483309
4.488039 0.483309
4.489493 0.483309
4.490948 0.484761
4.492402 0.484761
4.493856 0.484761
4.495310 0.484761
4.496765 0.484761
4.498219 0.486212
4.499673 0.486212
4.501127 0.487663
4.502582 0.487663
4.504036 0.487663
4.505490 0.487663
4.506944 0.487663
4.508399 0.489115
4.509853 0.489115
4.511307 0.490566
4.512761 0.490566
4.514216 0.490566
4.515670 0.492017
4.517124 0.492017
4.518578 0.492017
4.520033 0.492017
4.521487 0.492017
4.522941 0.492017
4.524395 0.492017
4.525850 0.492017
4.527304 0.492017
4.528758 0.492017
4.530212 0.493469
4.531667 0.493469
4.533121 0.493469
4.534575 0.494920
4.536029 0.494920
4.537484 0.494920
4.538938 0.494920
4.540392 0.494920
4.541846 0.494920
4.543301 0.494920
4.544755 0.494920
4.546209 0.494920
4.547663 0.494920
4.549118 0.494920
4.550572 0.494920
4.552026 0.494920
4.553480 0.494920
4.554935 0.494920
4.556389 0.494920
4.557843 0.494920
4.559297 0.494920
4.560752 0.496372
4.562206 0.496372
4.563660 0.496372
4.565114 0.497823
4.566569 0.497823
4.568023 0.497823
4.569477 0.497823
4.570931 0.499274
4.572386 0.499274
4.573840 0.499274
4.575294 0.500726
4.576748 0.502177
4.578203 0.503628
4.579657 0.503628
4.581111 0.505080
4.582565 0.505080
4.584020 0.505080
4.585474 0.506531
4.586928 0.506531
4.588382 0.506531
4.589837 0.509434
4.591291 0.509434
4.592745 0.509434
4.594199 0.509434
4.595654 0.510885
4.597108 0.513788
4.598562 0.513788
4.600016 0.513788
4.601471 0.513788
4.602925 0.513788
4.604379 0.513788
4.605833 0.515239
4.607288 0.518142
4.608742 0.518142
4.610196 0.518142
4.611650 0.518142
4.613105 0.518142
4.614559 0.519594
4.616013 0.519594
4.617467 0.519594
4.618922 0.519594
4.620376 0.519594
4.621830 0.521045
4.623284 0.522496
4.624739 0.522496
4.626193 0.522496
4.627647 0.522496
4.629101 0.522496
4.630556 0.522496
4.632010 0.522496
4.633464 0.522496
4.634918 0.522496
4.636373 0.522496
4.637827 0.522496
4.639281 0.522496
4.640735 0.522496
4.642190 0.522496
4.643644 0.522496
4.645098 0.522496
4.646552 0.522496
4.648007 0.522496
4.649461 0.523948
4.650915 0.523948
4.652369 0.523948
4.653823 0.523948
4.655278 0.523948
4.656732 0.525399
4.658186 0.525399
4.659640 0.526851
4.661095 0.528302
4.662549 0.528302
4.664003 0.528302
4.665457 0.528302
4.666912 0.528302
4.668366 0.528302
4.669820 0.528302
4.671274 0.528302
4.672729 0.531205
4.674183 0.531205
4.675637 0.531205
4.677091 0.531205
4.678546 0.531205
4.680000 0.531205
4.681454 0.531205
4.682908 0.531205
4.684363 0.531205
4.685817 0.531205
4.687271 0.531205
4.688725 0.531205
4.690180 0.531205
4.691634 0.531205
4.693088 0.531205
4.694542 0.531205
4.695997 0.531205
4.697451 0.531205
4.698905 0.532656
4.700359 0.532656
4.701814 0.532656
4.703268 0.532656
4.704722 0.534107
4.706176 0.537010
4.707631 0.538462
4.709085 0.538462
4.710539 0.538462
4.711993 0.538462
4.713448 0.538462
4.714902 0.539913
4.716356 0.539913
4.717810 0.539913
4.719265 0.539913
4.720719 0.539913
4.722173 0.539913
4.723627 0.539913
4.725082 0.539913
4.726536 0.539913
4.727990 0.539913
4.729444 0.539913
4.730899 0.539913
4.732353 0.541364
4.733807 0.541364
4.735261 0.541364
4.736716 0.541364
4.738170 0.541364
4.739624 0.541364
4.741078 0.541364
4.742533 0.542816
4.743987 0.542816
4.745441 0.544267
4.746895 0.544267
4.748350 0.544267
4.749804 0.544267
4.751258 0.544267
4.752712 0.544267
4.754167 0.544267
4.755621 0.545718
4.757075 0.545718
4.758529 0.545718
4.759984 0.545718
4.761438 0.545718
4.762892 0.545718
4.764346 0.545718
4.765801 0.547170
4.767255 0.547170
4.768709 0.548621
4.770163 0.550073
4.771618 0.550073
4.773072 0.550073
4.774526 0.550073
4.775980 0.550073
4.777435 0.551524
4.778889 0.551524
4.780343 0.552975
4.781797 0.554427
4.783252 0.554427
4.784706 0.554427
4.786160 0.554427
4.787614 0.554427
4.789069 0.554427
4.790523 0.555878
4.791977 0.555878
4.793431 0.555878
4.794886 0.555878
4.796340 0.555878
4.797794 0.557329
4.799248 0.557329
4.800703 0.557329
4.802157 0.557329
4.803611 0.558781
4.805065 0.560232
4.806520 0.560232
4.807974 0.560232
4.809428 0.560232
4.810882 0.561684
4.812337 0.561684
4.813791 0.561684
4.815245 0.561684
4.816699 0.561684
4.818154 0.561684
4.819608 0.561684
4.821062 0.561684
4.822516 0.563135
4.823971 0.563135
4.825425 0.563135
4.826879 0.564586
4.828333 0.564586
4.829788 0.564586
4.831242 0.566038
4.832696 0.566038
4.834150 0.566038
4.835605 0.566038
4.837059 0.566038
4.838513 0.566038
4.839967 0.566038
4.841422 0.566038
4.842876 0.567489
4.844330 0.567489
4.845784 0.567489
4.847239 0.567489
4.848693 0.567489
4.850147 0.567489
4.851601 0.567489
4.853056 0.567489
4.854510 0.567489
4.855964 0.568940
4.857418 0.568940
4.858873 0.568940
4.860327 0.570392
4.861781 0.571843
4.863235 0.573295
4.864690 0.573295
4.866144 0.573295
4.867598 0.573295
4.869052 0.574746
4.870507 0.574746
4.871961 0.574746
4.873415 0.574746
4.874869 0.574746
4.876324 0.574746
4.877778 0.574746
4.879232 0.574746
4.880686 0.574746
4.882140 0.576197
4.883595 0.577649
4.885049 0.579100
4.886503 0.579100
4.887957 0.579100
4.889412 0.579100
4.890866 0.579100
4.892320 0.579100
4.893774 0.579100
4.895229 0.579100
4.896683 0.579100
4.898137 0.579100
4.899591 0.580552
4.901046 0.580552
4.902500 0.582003
4.903954 0.582003
4.905408 0.582003
4.906863 0.582003
4.908317 0.582003
4.909771 0.582003
4.911225 0.582003
4.912680 0.582003
4.914134 0.582003
4.915588 0.582003
4.917042 0.583454
4.918497 0.584906
4.919951 0.584906
4.921405 0.584906
4.922859 0.584906
4.924314 0.584906
4.925768 0.586357
4.927222 0.586357
4.928676 0.586357
4.930131 0.586357
4.931585 0.586357
4.933039 0.586357
4.934493 0.586357
4.935948 0.586357
4.937402 0.586357
4.938856 0.586357
4.940310 0.586357
4.941765 0.586357
4.943219 0.586357
4.944673 0.586357
4.946127 0.586357
4.947582 0.586357
4.949036 0.586357
4.950490 0.586357
4.951944 0.586357
4.953399 0.586357
4.954853 0.589260
4.956307 0.589260
4.957761 0.590711
4.959216 0.590711
4.960670 0.590711
4.962124 0.590711
4.963578 0.590711
4.965033 0.590711
4.966487 0.592163
4.967941 0.592163
4.969395 0.592163
4.970850 0.592163
4.972304 0.593614
4.973758 0.593614
4.975212 0.593614
4.976667 0.593614
4.978121 0.593614
4.979575 0.593614
4.981029 0.593614
4.982484 0.593614
4.983938 0.593614
4.985392 0.593614
4.986846 0.595065
4.988301 0.595065
4.989755 0.595065
4.991209 0.595065
4.992663 0.595065
4.994118 0.595065
4.995572 0.596517
4.997026 0.597968
4.998480 0.597968
4.999935 0.597968
5.001389 0.599419
5.002843 0.602322
5.004297 0.602322
5.005752 0.603774
5.007206 0.603774
5.008660 0.603774
5.010114 0.605225
5.011569 0.605225
5.013023 0.605225
5.014477 0.605225
5.015931 0.605225
5.017386 0.605225
5.018840 0.605225
5.020294 0.608128
5.021748 0.608128
5.023203 0.608128
5.024657 0.611030
5.026111 0.611030
5.027565 0.611030
5.029020 0.613933
5.030474 0.613933
5.031928 0.613933
5.033382 0.615385
5.034837 0.615385
5.036291 0.615385
5.037745 0.615385
5.039199 0.615385
5.040654 0.615385
5.042108 0.615385
5.043562 0.616836
5.045016 0.616836
5.046471 0.618287
5.047925 0.618287
5.049379 0.618287
5.050833 0.618287
5.052288 0.618287
5.053742 0.618287
5.055196 0.618287
5.056650 0.618287
5.058105 0.619739
5.059559 0.619739
5.061013 0.619739
5.062467 0.621190
5.063922 0.621190
5.065376 0.621190
5.066830 0.621190
5.068284 0.621190
5.069739 0.621190
5.071193 0.621190
5.072647 0.622642
5.074101 0.622642
5.075556 0.622642
5.077010 0.622642
5.078464 0.622642
5.079918 0.622642
5.081373 0.622642
5.082827 0.622642
5.084281 0.624093
5.085735 0.625544
5.087190 0.625544
5.088644 0.625544
5.090098 0.625544
5.091552 0.625544
5.093007 0.625544
5.094461 0.625544
5.095915 0.625544
5.097369 0.626996
5.098824 0.626996
5.100278 0.626996
5.101732 0.628447
5.103186 0.628447
5.104641 0.628447
5.106095 0.628447
5.107549 0.628447
5.109003 0.628447
5.110457 0.629898
5.111912 0.629898
5.113366 0.631350
5.114820 0.632801
5.116274 0.632801
5.117729 0.634253
5.119183 0.634253
5.120637 0.635704
5.122091 0.635704
5.123546 0.635704
5.125000 0.635704
5.126454 0.635704
5.127908 0.635704
5.129363 0.635704
5.130817 0.635704
5.132271 0.635704
5.133725 0.635704
5.135180 0.635704
5.136634 0.635704
5.138088 0.635704
5.139542 0.635704
5.140997 0.637155
5.142451 0.637155
5.143905 0.637155
5.145359 0.638607
5.146814 0.638607
5.148268 0.638607
5.149722 0.638607
5.151176 0.638607
5.152631 0.638607
5.154085 0.638607
5.155539 0.638607
5.156993 0.638607
5.158448 0.638607
5.159902 0.638607
5.161356 0.638607
5.162810 0.638607
5.164265 0.638607
5.165719 0.638607
5.167173 0.638607
5.168627 0.638607
5.170082 0.638607
5.171536 0.638607
5.172990 0.638607
5.174444 0.638607
5.175899 0.638607
5.177353 0.638607
5.178807 0.638607
5.180261 0.638607
5.181716 0.638607
5.183170 0.640058
5.184624 0.640058
5.186078 0.640058
5.187533 0.640058
5.188987 0.640058
5.190441 0.641509
5.191895 0.641509
5.193350 0.641509
5.194804 0.641509
5.196258 0.641509
5.197712 0.641509
5.199167 0.641509
5.200621 0.641509
5.202075 0.644412
5.203529 0.644412
5.204984 0.644412
5.206438 0.645864
5.207892 0.645864
5.209346 0.645864
5.210801 0.645864
5.212255 0.647315
5.213709 0.647315
5.215163 0.647315
5.216618 0.647315
5.218072 0.647315
5.219526 0.647315
5.220980 0.647315
5.222435 0.647315
5.223889 0.647315
5.225343 0.647315
5.226797 0.648766
5.228252 0.648766
5.229706 0.648766
5.231160 0.648766
5.232614 0.650218
5.234069 0.650218
5.235523 0.650218
5.236977 0.650218
5.238431 0.650218
5.239886 0.650218
5.241340 0.650218
5.242794 0.650218
5.244248 0.650218
5.245703 0.650218
5.247157 0.650218
5.248611 0.650218
5.250065 0.650218
5.251520 0.650218
5.252974 0.650218
5.254428 0.653120
5.255882 0.653120
5.257337 0.653120
5.258791 0.653120
5.260245 0.653120
5.261699 0.653120
5.263154 0.653120
5.264608 0.656023
5.266062 0.656023
5.267516 0.656023
5.268971 0.656023
5.270425 0.656023
5.271879 0.656023
5.273333 0.656023
5.274788 0.656023
5.276242 0.656023
5.277696 0.657475
5.279150 0.657475
5.280605 0.657475
5.282059 0.657475
5.283513 0.658926
5.284967 0.658926
5.286422 0.658926
5.287876 0.658926
5.289330 0.660377
5.290784 0.660377
5.292239 0.661829
5.293693 0.661829
5.295147 0.663280
5.296601 0.663280
5.298056 0.664731
5.299510 0.664731
5.300964 0.664731
5.302418 0.664731
5.303873 0.664731
5.305327 0.664731
5.306781 0.664731
5.308235 0.664731
5.309690 0.664731
5.311144 0.664731
5.312598 0.664731
5.314052 0.664731
5.315507 0.664731
5.316961 0.664731
5.318415 0.664731
5.319869 0.666183
5.321324 0.666183
5.322778 0.666183
5.324232 0.666183
5.325686 0.666183
5.327141 0.666183
5.328595 0.666183
5.330049 0.666183
5.331503 0.666183
5.332958 0.669086
5.334412 0.670537
5.335866 0.670537
5.337320 0.670537
5.338774 0.670537
5.340229 0.670537
5.341683 0.670537
5.343137 0.670537
5.344591 0.670537
5.346046 0.670537
5.347500 0.670537
5.348954 0.670537
5.350408 0.671988
5.351863 0.671988
5.353317 0.671988
5.354771 0.673440
5.356225 0.673440
5.357680 0.673440
5.359134 0.673440
5.360588 0.673440
5.362042 0.673440
5.363497 0.674891
5.364951 0.674891
5.366405 0.674891
5.367859 0.674891
5.369314 0.676343
5.370768 0.676343
5.372222 0.676343
5.373676 0.676343
5.375131 0.676343
5.376585 0.676343
5.378039 0.677794
5.379493 0.677794
5.380948 0.677794
5.382402 0.677794
5.383856 0.679245
5.385310 0.679245
5.386765 0.679245
5.388219 0.680697
5.389673 0.682148
5.391127 0.682148
5.392582 0.682148
5.394036 0.682148
5.395490 0.682148
5.396944 0.682148
5.398399 0.682148
5.399853 0.682148
5.401307 0.682148
5.402761 0.682148
5.404216 0.682148
5.405670 0.682148
5.407124 0.682148
5.408578 0.683599
5.410033 0.683599
5.411487 0.683599
5.412941 0.683599
5.414395 0.683599
5.415850 0.683599
5.417304 0.683599
5.418758 0.683599
5.420212 0.683599
5.421667 0.683599
5.423121 0.683599
5.424575 0.685051
5.426029 0.685051
5.427484 0.685051
5.428938 0.686502
5.430392 0.686502
5.431846 0.686502
5.433301 0.686502
5.434755 0.686502
5.436209 0.686502
5.437663 0.686502
5.439118 0.686502
5.440572 0.686502
5.442026 0.686502
5.443480 0.686502
5.444935 0.687954
5.446389 0.689405
5.447843 0.689405
5.449297 0.690856
5.450752 0.690856
5.452206 0.690856
5.453660 0.690856
5.455114 0.690856
5.456569 0.692308
5.458023 0.692308
5.459477 0.692308
5.460931 0.692308
5.462386 0.692308
5.463840 0.693759
5.465294 0.693759
5.466748 0.693759
5.468203 0.695210
5.469657 0.696662
5.471111 0.696662
5.472565 0.696662
5.474020 0.698113
5.475474 0.698113
5.476928 0.698113
5.478382 0.698113
5.479837 0.698113
5.481291 0.698113
5.482745 0.698113
5.484199 0.698113
5.485654 0.699565
5.487108 0.699565
5.488562 0.701016
5.490016 0.702467
5.491471 0.702467
5.492925 0.702467
5.494379 0.702467
5.495833 0.702467
5.497288 0.702467
5.498742 0.702467
5.500196 0.702467
5.501650 0.703919
5.503105 0.703919
5.504559 0.703919
5.506013 0.703919
5.507467 0.705370
5.508922 0.705370
5.510376 0.706821
5.511830 0.708273
5.513284 0.708273
5.514739 0.708273
5.516193 0.708273
5.517647 0.708273
5.519101 0.708273
5.520556 0.708273
5.522010 0.709724
5.523464 0.709724
5.524918 0.709724
5.526373 0.709724
5.527827 0.709724
5.529281 0.711176
5.530735 0.711176
5.532190 0.712627
5.533644 0.712627
5.535098 0.712627
5.536552 0.712627
5.538007 0.712627
5.539461 0.712627
5.540915 0.712627
5.542369 0.712627
5.543824 0.712627
5.545278 0.712627
5.546732 0.712627
5.548186 0.712627
5.549641 0.712627
5.551095 0.712627
5.552549 0.712627
5.554003 0.712627
5.555458 0.712627
5.556912 0.712627
5.558366 0.712627
5.559820 0.712627
5.561275 0.712627
5.562729 0.712627
5.564183 0.712627
5.565637 0.712627
5.567091 0.712627
5.568546 0.712627
5.570000 0.712627
5.571454 0.712627
5.572908 0.712627
5.574363 0.712627
5.575817 0.712627
5.577271 0.712627
5.578725 0.712627
5.580180 0.712627
5.581634 0.712627
5.583088 0.714078
5.584542 0.714078
5.585997 0.714078
5.587451 0.714078
5.588905 0.714078
5.590359 0.714078
5.591814 0.714078
5.593268 0.714078
5.594722 0.714078
5.596176 0.714078
5.597631 0.714078
5.599085 0.714078
5.600539 0.714078
5.601993 0.715530
5.603448 0.715530
5.604902 0.715530
5.606356 0.715530
5.607810 0.715530
5.609265 0.715530
5.610719 0.715530
5.612173 0.715530
5.613627 0.715530
5.615082 0.715530
5.616536 0.715530
5.617990 0.715530
5.619444 0.715530
5.620899 0.715530
5.622353 0.715530
5.623807 0.715530
5.625261 0.716981
5.626716 0.716981
5.628170 0.718433
5.629624 0.719884
5.631078 0.719884
5.632533 0.719884
5.633987 0.719884
5.635441 0.719884
5.636895 0.719884
5.638350 0.719884
5.639804 0.719884
5.641258 0.719884
5.642712 0.719884
5.644167 0.719884
5.645621 0.721335
5.647075 0.721335
5.648529 0.721335
5.649984 0.721335
5.651438 0.721335
5.652892 0.721335
5.654346 0.722787
5.655801 0.722787
5.657255 0.722787
5.658709 0.722787
5.660163 0.722787
5.661618 0.722787
5.663072 0.724238
5.664526 0.724238
5.665980 0.724238
5.667435 0.724238
5.668889 0.724238
5.670343 0.724238
5.671797 0.724238
5.673252 0.724238
5.674706 0.724238
5.676160 0.725689
5.677614 0.725689
5.679069 0.727141
5.680523 0.727141
5.681977 0.727141
5.683431 0.727141
5.684886 0.727141
5.686340 0.727141
5.687794 0.727141
5.689248 0.727141
5.690703 0.727141
5.692157 0.727141
5.693611 0.727141
5.695065 0.727141
5.696520 0.727141
5.697974 0.727141
5.699428 0.727141
5.700882 0.727141
5.702337 0.727141
5.703791 0.727141
5.705245 0.727141
5.706699 0.727141
5.708154 0.728592
5.709608 0.728592
5.711062 0.728592
5.712516 0.730044
5.713971 0.730044
5.715425 0.730044
5.716879 0.730044
5.718333 0.730044
5.719788 0.730044
5.721242 0.730044
5.722696 0.730044
5.724150 0.730044
5.725605 0.730044
5.727059 0.730044
5.728513 0.731495
5.729967 0.731495
5.731422 0.731495
5.732876 0.731495
5.734330 0.731495
5.735784 0.731495
5.737239 0.731495
5.738693 0.731495
5.740147 0.731495
5.741601 0.731495
5.743056 0.731495
5.744510 0.731495
5.745964 0.731495
5.747418 0.731495
5.748873 0.731495
5.750327 0.731495
5.751781 0.731495
5.753235 0.731495
5.754690 0.732946
5.756144 0.732946
5.757598 0.732946
5.759052 0.732946
5.760507 0.735849
5.761961 0.735849
5.763415 0.735849
5.764869 0.737300
5.766324 0.737300
5.767778 0.737300
5.769232 0.737300
5.770686 0.737300
5.772141 0.738752
5.773595 0.738752
5.775049 0.738752
5.776503 0.738752
5.777958 0.738752
5.779412 0.738752
5.780866 0.738752
5.782320 0.738752
5.783775 0.738752
5.785229 0.738752
5.786683 0.738752
5.788137 0.738752
5.789592 0.738752
5.791046 0.740203
5.792500 0.741655
5.793954 0.741655
5.795408 0.741655
5.796863 0.741655
5.798317 0.741655
5.799771 0.741655
5.801225 0.741655
5.802680 0.741655
5.804134 0.741655
5.805588 0.741655
5.807042 0.741655
5.808497 0.741655
5.809951 0.741655
5.811405 0.741655
5.812859 0.741655
5.814314 0.741655
5.815768 0.741655
5.817222 0.741655
5.818676 0.744557
5.820131 0.744557
5.821585 0.744557
5.823039 0.744557
5.824493 0.744557
5.825948 0.747460
5.827402 0.747460
5.828856 0.747460
5.830310 0.747460
5.831765 0.747460
5.833219 0.747460
5.834673 0.748911
5.836127 0.748911
5.837582 0.748911
5.839036 0.748911
5.840490 0.748911
5.841944 0.748911
5.843399 0.748911
5.844853 0.748911
5.846307 0.748911
5.847761 0.748911
5.849216 0.748911
5.850670 0.748911
5.852124 0.748911
5.853578 0.748911
5.855033 0.748911
5.856487 0.748911
5.857941 0.748911
5.859395 0.748911
5.860850 0.748911
5.862304 0.748911
5.863758 0.748911
5.865212 0.748911
5.866667 0.748911
5.868121 0.748911
5.869575 0.748911
5.871029 0.748911
5.872484 0.748911
5.873938 0.748911
5.875392 0.748911
5.876846 0.748911
5.878301 0.750363
5.879755 0.750363
5.881209 0.750363
5.882663 0.750363
5.884118 0.750363
5.885572 0.750363
5.887026 0.751814
5.888480 0.751814
5.889935 0.751814
5.891389 0.751814
5.892843 0.751814
5.894297 0.751814
5.895752 0.751814
5.897206 0.751814
5.898660 0.751814
5.900114 0.753266
5.901569 0.753266
5.903023 0.753266
5.904477 0.753266
5.905931 0.753266
5.907386 0.753266
5.908840 0.753266
5.910294 0.753266
5.911748 0.753266
5.913203 0.753266
5.914657 0.753266
5.916111 0.753266
5.917565 0.753266
5.919020 0.753266
5.920474 0.753266
5.921928 0.753266
5.923382 0.753266
5.924837 0.753266
5.926291 0.754717
5.927745 0.754717
5.929199 0.754717
5.930654 0.754717
5.932108 0.754717
5.933562 0.754717
5.935016 0.756168
5.936471 0.756168
5.937925 0.756168
5.939379 0.756168
5.940833 0.756168
5.942288 0.756168
5.943742 0.756168
5.945196 0.756168
5.946650 0.756168
5.948105 0.756168
5.949559 0.756168
5.951013 0.756168
5.952467 0.756168
5.953922 0.756168
5.955376 0.756168
5.956830 0.756168
5.958284 0.756168
5.959739 0.756168
5.961193 0.756168
5.962647 0.756168
5.964101 0.757620
5.965556 0.757620
5.967010 0.757620
5.968464 0.757620
5.969918 0.757620
5.971373 0.757620
5.972827 0.759071
5.974281 0.759071
5.975735 0.759071
5.977190 0.760522
5.978644 0.760522
5.980098 0.760522
5.981552 0.760522
5.983007 0.760522
5.984461 0.760522
5.985915 0.761974
5.987369 0.761974
5.988824 0.761974
5.990278 0.761974
5.991732 0.761974
5.993186 0.761974
5.994641 0.761974
5.996095 0.761974
5.997549 0.761974
5.999003 0.763425
6.000458 0.764877
6.001912 0.766328
6.003366 0.767779
6.004820 0.767779
6.006275 0.767779
6.007729 0.767779
6.009183 0.767779
6.010637 0.767779
6.012092 0.767779
6.013546 0.767779
6.015000 0.767779
6.016454 0.767779
6.017909 0.767779
6.019363 0.767779
6.020817 0.767779
6.022271 0.767779
6.023725 0.769231
6.025180 0.770682
6.026634 0.770682
6.028088 0.770682
6.029542 0.770682
6.030997 0.770682
6.032451 0.770682
6.033905 0.770682
6.035359 0.770682
6.036814 0.770682
6.038268 0.770682
6.039722 0.770682
6.041176 0.770682
6.042631 0.770682
6.044085 0.770682
6.045539 0.770682
6.046993 0.770682
6.048448 0.770682
6.049902 0.770682
6.051356 0.772134
6.052810 0.772134
6.054265 0.772134
6.055719 0.772134
6.057173 0.772134
6.058627 0.772134
6.060082 0.772134
6.061536 0.772134
6.062990 0.773585
6.064444 0.773585
6.065899 0.773585
6.067353 0.773585
6.068807 0.773585
6.070261 0.773585
6.071716 0.773585
6.073170 0.773585
6.074624 0.773585
6.076078 0.773585
6.077533 0.773585
6.078987 0.773585
6.080441 0.773585
6.081895 0.773585
6.083350 0.773585
6.084804 0.773585
6.086258 0.773585
6.087712 0.773585
6.089167 0.773585
6.090621 0.773585
6.092075 0.773585
6.093529 0.773585
6.094984 0.773585
6.096438 0.773585
6.097892 0.773585
6.099346 0.773585
6.100801 0.773585
6.102255 0.773585
6.103709 0.773585
6.105163 0.773585
6.106618 0.773585
6.108072 0.773585
6.109526 0.773585
6.110980 0.773585
6.112435 0.773585
6.113889 0.773585
6.115343 0.773585
6.116797 0.773585
6.118252 0.773585
6.119706 0.773585
6.121160 0.773585
6.122614 0.773585
6.124069 0.773585
6.125523 0.773585
6.126977 0.773585
6.128431 0.775036
6.129886 0.775036
6.131340 0.775036
6.132794 0.775036
6.134248 0.775036
6.135703 0.775036
6.137157 0.775036
6.138611 0.775036
6.140065 0.775036
6.141520 0.775036
6.142974 0.775036
6.144428 0.775036
6.145882 0.775036
6.147337 0.775036
6.148791 0.775036
6.150245 0.775036
6.151699 0.775036
6.153154 0.775036
6.154608 0.775036
6.156062 0.775036
6.157516 0.775036
6.158971 0.775036
6.160425 0.775036
6.161879 0.775036
6.163333 0.777939
6.164788 0.777939
6.166242 0.777939
6.167696 0.777939
6.169150 0.777939
6.170605 0.777939
6.172059 0.777939
6.173513 0.777939
6.174967 0.777939
6.176422 0.777939
6.177876 0.777939
6.179330 0.777939
6.180784 0.777939
6.182239 0.777939
6.183693 0.777939
6.185147 0.777939
6.186601 0.777939
6.188056 0.777939
6.189510 0.777939
6.190964 0.777939
6.192418 0.779390
6.193873 0.780842
6.195327 0.780842
6.196781 0.780842
6.198235 0.780842
6.199690 0.780842
6.201144 0.780842
6.202598 0.783745
6.204052 0.783745
6.205507 0.783745
6.206961 0.783745
6.208415 0.783745
6.209869 0.783745
6.211324 0.783745
6.212778 0.783745
6.214232 0.785196
6.215686 0.786647
6.217141 0.786647
6.218595 0.788099
6.220049 0.788099
6.221503 0.788099
6.222958 0.788099
6.224412 0.788099
6.225866 0.788099
6.227320 0.788099
6.228775 0.788099
6.230229 0.788099
6.231683 0.788099
6.233137 0.789550
6.234592 0.791001
6.236046 0.791001
6.237500 0.791001
6.238954 0.791001
6.240409 0.791001
6.241863 0.791001
6.243317 0.791001
6.244771 0.791001
6.246226 0.791001
6.247680 0.791001
6.249134 0.791001
6.250588 0.791001
6.252042 0.791001
6.253497 0.791001
6.254951 0.791001
6.256405 0.791001
6.257859 0.791001
6.259314 0.791001
6.260768 0.791001
6.262222 0.791001
6.263676 0.791001
6.265131 0.791001
6.266585 0.791001
6.268039 0.791001
6.269493 0.791001
6.270948 0.791001
6.272402 0.791001
6.273856 0.791001
6.275310 0.791001
6.276765 0.791001
6.278219 0.791001
6.279673 0.791001
6.281127 0.792453
6.282582 0.792453
6.284036 0.792453
6.285490 0.793904
6.286944 0.795356
6.288399 0.795356
6.289853 0.795356
6.291307 0.798258
6.292761 0.798258
6.294216 0.798258
6.295670 0.798258
6.297124 0.798258
6.298578 0.799710
6.300033 0.799710
6.301487 0.799710
6.302941 0.799710
6.304395 0.799710
6.305850 0.799710
6.307304 0.799710
6.308758 0.799710
6.310212 0.799710
6.311667 0.799710
6.313121 0.799710
6.314575 0.799710
6.316029 0.799710
6.317484 0.799710
6.318938 0.799710
6.320392 0.799710
6.321846 0.799710
6.323301 0.799710
6.324755 0.799710
6.326209 0.799710
6.327663 0.799710
6.329118 0.799710
6.330572 0.799710
6.332026 0.799710
6.333480 0.799710
6.334935 0.799710
6.336389 0.799710
6.337843 0.799710
6.339297 0.799710
6.340752 0.799710
6.342206 0.799710
6.343660 0.799710
6.345114 0.799710
6.346569 0.799710
6.348023 0.799710
6.349477 0.801161
6.350931 0.801161
6.352386 0.801161
6.353840 0.801161
6.355294 0.801161
6.356748 0.801161
6.358203 0.801161
6.359657 0.801161
6.361111 0.801161
6.362565 0.801161
6.364020 0.801161
6.365474 0.801161
6.366928 0.801161
6.368382 0.801161
6.369837 0.801161
6.371291 0.801161
6.372745 0.801161
6.374199 0.801161
6.375654 0.801161
6.377108 0.801161
6.378562 0.801161
6.380016 0.801161
6.381471 0.802612
6.382925 0.802612
6.384379 0.802612
6.385833 0.802612
6.387288 0.802612
6.388742 0.802612
6.390196 0.804064
6.391650 0.804064
6.393105 0.804064
6.394559 0.804064
6.396013 0.804064
6.397467 0.805515
6.398922 0.805515
6.400376 0.805515
6.401830 0.805515
6.403284 0.806967
6.404739 0.806967
6.406193 0.806967
6.407647 0.806967
6.409101 0.806967
6.410556 0.806967
6.412010 0.806967
6.413464 0.806967
6.414918 0.806967
6.416373 0.806967
6.417827 0.806967
6.419281 0.806967
6.420735 0.806967
6.422190 0.806967
6.423644 0.806967
6.425098 0.806967
6.426552 0.806967
6.428007 0.806967
6.429461 0.806967
6.430915 0.806967
6.432369 0.806967
6.433824 0.806967
6.435278 0.806967
6.436732 0.806967
6.438186 0.806967
6.439641 0.806967
6.441095 0.806967
6.442549 0.806967
6.444003 0.806967
6.445458 0.806967
6.446912 0.806967
6.448366 0.806967
6.449820 0.806967
6.451275 0.808418
6.452729 0.808418
6.454183 0.808418
6.455637 0.808418
6.457092 0.808418
6.458546 0.808418
6.460000 0.808418
6.461454 0.808418
6.462909 0.808418
6.464363 0.808418
6.465817 0.808418
6.467271 0.808418
6.468726 0.808418
6.470180 0.808418
6.471634 0.808418
6.473088 0.808418
6.474543 0.808418
6.475997 0.808418
6.477451 0.808418
6.478905 0.808418
6.480359 0.808418
6.481814 0.808418
6.483268 0.808418
6.484722 0.808418
6.486176 0.808418
6.487631 0.808418
6.489085 0.808418
6.490539 0.809869
6.491993 0.809869
6.493448 0.809869
6.494902 0.809869
6.496356 0.809869
6.497810 0.811321
6.499265 0.811321
6.500719 0.811321
6.502173 0.811321
6.503627 0.812772
6.505082 0.812772
6.506536 0.812772
6.507990 0.812772
6.509444 0.812772
6.510899 0.812772
6.512353 0.812772
6.513807 0.812772
6.515261 0.812772
6.516716 0.812772
6.518170 0.812772
6.519624 0.812772
6.521078 0.812772
6.522533 0.812772
6.523987 0.812772
6.525441 0.812772
6.526895 0.812772
6.528350 0.812772
6.529804 0.812772
6.531258 0.812772
6.532712 0.812772
6.534167 0.812772
6.535621 0.812772
6.537075 0.812772
6.538529 0.812772
6.539984 0.812772
6.541438 0.812772
6.542892 0.812772
6.544346 0.812772
6.545801 0.812772
6.547255 0.812772
6.548709 0.812772
6.550163 0.812772
6.551618 0.812772
6.553072 0.812772
6.554526 0.812772
6.555980 0.812772
6.557435 0.812772
6.558889 0.814224
6.560343 0.814224
6.561797 0.814224
6.563252 0.815675
6.564706 0.815675
6.566160 0.817126
6.567614 0.817126
6.569069 0.817126
6.570523 0.817126
6.571977 0.817126
6.573431 0.817126
6.574886 0.817126
6.576340 0.817126
6.577794 0.817126
6.579248 0.817126
6.580703 0.817126
6.582157 0.818578
6.583611 0.818578
6.585065 0.818578
6.586520 0.818578
6.587974 0.820029
6.589428 0.820029
6.590882 0.820029
6.592337 0.820029
6.593791 0.820029
6.595245 0.820029
6.596699 0.820029
6.598154 0.820029
6.599608 0.820029
6.601062 0.820029
6.602516 0.820029
6.603971 0.820029
6.605425 0.820029
6.606879 0.820029
6.608333 0.820029
6.609788 0.820029
6.611242 0.820029
6.612696 0.820029
6.614150 0.821480
6.615605 0.821480
6.617059 0.821480
6.618513 0.821480
6.619967 0.821480
6.621422 0.821480
6.622876 0.821480
6.624330 0.821480
6.625784 0.821480
6.627239 0.821480
6.628693 0.821480
6.630147 0.822932
6.631601 0.822932
6.633056 0.824383
6.634510 0.824383
6.635964 0.824383
6.637418 0.824383
6.638873 0.824383
6.640327 0.824383
6.641781 0.824383
6.643235 0.824383
6.644690 0.825835
6.646144 0.825835
6.647598 0.827286
6.649052 0.828737
6.650507 0.828737
6.651961 0.828737
6.653415 0.828737
6.654869 0.828737
6.656324 0.828737
6.657778 0.828737
6.659232 0.828737
6.660686 0.828737
6.662141 0.828737
6.663595 0.828737
6.665049 0.828737
6.666503 0.828737
6.667958 0.828737
6.669412 0.828737
6.670866 0.828737
6.672320 0.828737
6.673775 0.828737
6.675229 0.828737
6.676683 0.828737
6.678137 0.828737
6.679592 0.828737
6.681046 0.828737
6.682500 0.828737
6.683954 0.828737
6.685409 0.830189
6.686863 0.830189
6.688317 0.830189
6.689771 0.830189
6.691226 0.830189
6.692680 0.830189
6.694134 0.830189
6.695588 0.830189
6.697043 0.830189
6.698497 0.831640
6.699951 0.831640
6.701405 0.833091
6.702860 0.833091
6.704314 0.835994
6.705768 0.835994
6.707222 0.835994
6.708676 0.835994
6.710131 0.835994
6.711585 0.835994
6.713039 0.835994
6.714493 0.835994
6.715948 0.835994
6.717402 0.835994
6.718856 0.835994
6.720310 0.835994
6.721765 0.835994
6.723219 0.835994
6.724673 0.835994
6.726127 0.837446
6.727582 0.837446
6.729036 0.837446
6.730490 0.837446
6.731944 0.837446
6.733399 0.837446
6.734853 0.837446
6.736307 0.837446
6.737761 0.837446
6.739216 0.837446
6.740670 0.837446
6.742124 0.837446
6.743578 0.837446
6.745033 0.837446
6.746487 0.837446
6.747941 0.837446
6.749395 0.837446
6.750850 0.837446
6.752304 0.837446
6.753758 0.837446
6.755212 0.837446
6.756667 0.837446
6.758121 0.837446
6.759575 0.837446
6.761029 0.838897
6.762484 0.838897
6.763938 0.838897
6.765392 0.838897
6.766846 0.838897
6.768301 0.840348
6.769755 0.840348
6.771209 0.840348
6.772663 0.840348
6.774118 0.840348
6.775572 0.840348
6.777026 0.840348
6.778480 0.840348
6.779935 0.840348
6.781389 0.840348
6.782843 0.840348
6.784297 0.840348
6.785752 0.840348
6.787206 0.840348
6.788660 0.840348
6.790114 0.840348
6.791569 0.840348
6.793023 0.840348
6.794477 0.840348
6.795931 0.840348
6.797386 0.840348
6.798840 0.840348
6.800294 0.840348
6.801748 0.840348
6.803203 0.840348
6.804657 0.840348
6.806111 0.840348
6.807565 0.840348
6.809020 0.841800
6.810474 0.841800
6.811928 0.843251
6.813382 0.843251
6.814837 0.843251
6.816291 0.843251
6.817745 0.843251
6.819199 0.843251
6.820654 0.843251
6.822108 0.844702
6.823562 0.844702
6.825016 0.844702
6.826471 0.844702
6.827925 0.844702
6.829379 0.844702
6.830833 0.844702
6.832288 0.844702
6.833742 0.844702
6.835196 0.844702
6.836650 0.844702
6.838105 0.846154
6.839559 0.846154
6.841013 0.846154
6.842467 0.846154
6.843922 0.846154
6.845376 0.846154
6.846830 0.846154
6.848284 0.846154
6.849739 0.846154
6.851193 0.846154
6.852647 0.846154
6.854101 0.847605
6.855556 0.847605
6.857010 0.847605
6.858464 0.847605
6.859918 0.849057
6.861373 0.849057
6.862827 0.849057
6.864281 0.849057
6.865735 0.849057
6.867190 0.849057
6.868644 0.849057
6.870098 0.850508
6.871552 0.850508
6.873007 0.850508
6.874461 0.850508
6.875915 0.850508
6.877369 0.850508
6.878824 0.850508
6.880278 0.850508
6.881732 0.850508
6.883186 0.850508
6.884641 0.850508
6.886095 0.850508
6.887549 0.850508
6.889003 0.850508
6.890458 0.850508
6.891912 0.850508
6.893366 0.850508
6.894820 0.850508
6.896275 0.850508
6.897729 0.850508
6.899183 0.850508
6.900637 0.850508
6.902092 0.850508
6.903546 0.850508
6.905000 0.851959
6.906454 0.851959
6.907909 0.851959
6.909363 0.851959
6.910817 0.851959
6.912271 0.851959
6.913726 0.851959
6.915180 0.853411
6.916634 0.853411
6.918088 0.853411
6.919543 0.854862
6.920997 0.854862
6.922451 0.854862
6.923905 0.854862
6.925360 0.854862
6.926814 0.854862
6.928268 0.854862
6.929722 0.854862
6.931177 0.854862
6.932631 0.856313
6.934085 0.856313
6.935539 0.856313
6.936993 0.856313
6.938448 0.856313
6.939902 0.856313
6.941356 0.856313
6.942810 0.856313
6.944265 0.856313
6.945719 0.856313
6.947173 0.856313
6.948627 0.856313
6.950082 0.856313
6.951536 0.856313
6.952990 0.856313
6.954444 0.856313
6.955899 0.856313
6.957353 0.856313
6.958807 0.856313
6.960261 0.856313
6.961716 0.856313
6.963170 0.856313
6.964624 0.856313
6.966078 0.856313
6.967533 0.856313
6.968987 0.856313
6.970441 0.856313
6.971895 0.856313
6.973350 0.856313
6.974804 0.856313
6.976258 0.856313
6.977712 0.856313
6.979167 0.856313
6.980621 0.856313
6.982075 0.856313
6.983529 0.856313
6.984984 0.856313
6.986438 0.856313
6.987892 0.856313
6.989346 0.856313
6.990801 0.856313
6.992255 0.856313
6.993709 0.856313
6.995163 0.856313
6.996618 0.856313
6.998072 0.856313
6.999526 0.856313
7.000980 0.856313
7.002435 0.856313
7.003889 0.856313
7.005343 0.856313
7.006797 0.856313
7.008252 0.856313
7.009706 0.856313
7.011160 0.856313
7.012614 0.856313
7.014069 0.856313
7.015523 0.856313
7.016977 0.856313
7.018431 0.856313
7.019886 0.856313
7.021340 0.856313
7.022794 0.856313
7.024248 0.856313
7.025703 0.856313
7.027157 0.856313
7.028611 0.856313
7.030065 0.857765
7.031520 0.857765
7.032974 0.857765
7.034428 0.857765
7.035882 0.857765
7.037337 0.857765
7.038791 0.857765
7.040245 0.857765
7.041699 0.857765
7.043154 0.857765
7.044608 0.857765
7.046062 0.857765
7.047516 0.857765
7.048971 0.857765
7.050425 0.857765
7.051879 0.857765
7.053333 0.857765
7.054788 0.857765
7.056242 0.857765
7.057696 0.857765
7.059150 0.857765
7.060605 0.857765
7.062059 0.857765
7.063513 0.857765
7.064967 0.857765
7.066422 0.857765
7.067876 0.857765
7.069330 0.857765
7.070784 0.857765
7.072239 0.857765
7.073693 0.857765
7.075147 0.857765
7.076601 0.857765
7.078056 0.857765
7.079510 0.859216
7.080964 0.859216
7.082418 0.859216
7.083873 0.859216
7.085327 0.859216
7.086781 0.859216
7.088235 0.859216
7.089690 0.859216
7.091144 0.859216
7.092598 0.859216
7.094052 0.859216
7.095507 0.859216
7.096961 0.859216
7.098415 0.859216
7.099869 0.859216
7.101324 0.859216
7.102778 0.859216
7.104232 0.859216
7.105686 0.859216
7.107141 0.859216
7.108595 0.859216
7.110049 0.859216
7.111503 0.859216
7.112958 0.859216
7.114412 0.859216
7.115866 0.859216
7.117320 0.859216
7.118775 0.859216
7.120229 0.859216
7.121683 0.859216
7.123137 0.859216
7.124592 0.859216
7.126046 0.859216
7.127500 0.859216
7.128954 0.859216
7.130409 0.859216
7.131863 0.859216
7.133317 0.859216
7.134771 0.859216
7.136226 0.859216
7.137680 0.859216
7.139134 0.859216
7.140588 0.859216
7.142043 0.859216
7.143497 0.859216
7.144951 0.859216
7.146405 0.859216
7.147860 0.859216
7.149314 0.859216
7.150768 0.859216
7.152222 0.859216
7.153677 0.859216
7.155131 0.859216
7.156585 0.859216
7.158039 0.860668
7.159494 0.860668
7.160948 0.860668
7.162402 0.860668
7.163856 0.860668
7.165310 0.860668
7.166765 0.860668
7.168219 0.860668
7.169673 0.860668
7.171127 0.860668
7.172582 0.860668
7.174036 0.860668
7.175490 0.863570
7.176944 0.863570
7.178399 0.863570
7.179853 0.863570
7.181307 0.863570
7.182761 0.863570
7.184216 0.863570
7.185670 0.863570
7.187124 0.863570
7.188578 0.863570
7.190033 0.865022
7.191487 0.865022
7.192941 0.865022
7.194395 0.865022
7.195850 0.865022
7.197304 0.865022
7.198758 0.865022
7.200212 0.865022
7.201667 0.866473
7.203121 0.866473
7.204575 0.866473
7.206029 0.866473
7.207484 0.866473
7.208938 0.866473
7.210392 0.866473
7.211846 0.866473
7.213301 0.866473
7.214755 0.866473
7.216209 0.866473
7.217663 0.866473
7.219118 0.866473
7.220572 0.866473
7.222026 0.866473
7.223480 0.866473
7.224935 0.866473
7.226389 0.866473
7.227843 0.866473
7.229297 0.866473
7.230752 0.866473
7.232206 0.866473
7.233660 0.866473
7.235114 0.866473
7.236569 0.866473
7.238023 0.866473
7.239477 0.866473
7.240931 0.866473
7.242386 0.866473
7.243840 0.866473
7.245294 0.866473
7.246748 0.866473
7.248203 0.866473
7.249657 0.867925
7.251111 0.867925
7.252565 0.867925
7.254020 0.869376
7.255474 0.869376
7.256928 0.869376
7.258382 0.869376
7.259837 0.869376
7.261291 0.869376
7.262745 0.869376
7.264199 0.869376
7.265654 0.869376
7.267108 0.869376
7.268562 0.869376
7.270016 0.869376
7.271471 0.869376
7.272925 0.869376
7.274379 0.869376
7.275833 0.869376
7.277288 0.869376
7.278742 0.869376
7.280196 0.869376
7.281650 0.869376
7.283105 0.869376
7.284559 0.869376
7.286013 0.869376
7.287467 0.869376
7.288922 0.869376
7.290376 0.869376
7.291830 0.870827
7.293284 0.870827
7.294739 0.870827
7.296193 0.870827
7.297647 0.870827
7.299101 0.870827
7.300556 0.870827
7.302010 0.870827
7.303464 0.870827
7.304918 0.870827
7.306373 0.870827
7.307827 0.870827
7.309281 0.870827
7.310735 0.870827
7.312190 0.870827
7.313644 0.870827
7.315098 0.870827
7.316552 0.870827
7.318007 0.870827
7.319461 0.870827
7.320915 0.872279
7.322369 0.872279
7.323824 0.873730
7.325278 0.873730
7.326732 0.873730
7.328186 0.873730
7.329641 0.873730
7.331095 0.873730
7.332549 0.873730
7.334003 0.873730
7.335458 0.873730
7.336912 0.873730
7.338366 0.873730
7.339820 0.873730
7.341275 0.873730
7.342729 0.873730
7.344183 0.873730
7.345637 0.873730
7.347092 0.873730
7.348546 0.873730
7.350000 0.873730
7.351454 0.873730
7.352909 0.873730
7.354363 0.873730
7.355817 0.873730
7.357271 0.873730
7.358726 0.873730
7.360180 0.875181
7.361634 0.875181
7.363088 0.875181
7.364543 0.875181
7.365997 0.875181
7.367451 0.875181
7.368905 0.875181
7.370360 0.875181
7.371814 0.875181
7.373268 0.875181
7.374722 0.875181
7.376177 0.876633
7.377631 0.878084
7.379085 0.878084
7.380539 0.878084
7.381994 0.878084
7.383448 0.878084
7.384902 0.878084
7.386356 0.878084
7.387811 0.878084
7.389265 0.878084
7.390719 0.878084
7.392173 0.879536
7.393627 0.879536
7.395082 0.879536
7.396536 0.879536
7.397990 0.879536
7.399444 0.880987
7.400899 0.882438
7.402353 0.882438
7.403807 0.882438
7.405261 0.883890
7.406716 0.883890
7.408170 0.883890
7.409624 0.883890
7.411078 0.883890
7.412533 0.883890
7.413987 0.883890
7.415441 0.883890
7.416895 0.883890
7.418350 0.883890
7.419804 0.883890
7.421258 0.883890
7.422712 0.883890
7.424167 0.883890
7.425621 0.883890
7.427075 0.883890
7.428529 0.883890
7.429984 0.885341
7.431438 0.885341
7.432892 0.885341
7.434346 0.885341
7.435801 0.885341
7.437255 0.885341
7.438709 0.885341
7.440163 0.885341
7.441618 0.886792
7.443072 0.886792
7.444526 0.886792
7.445980 0.886792
7.447435 0.886792
7.448889 0.886792
7.450343 0.886792
7.451797 0.886792
7.453252 0.886792
7.454706 0.888244
7.456160 0.888244
7.457614 0.888244
7.459069 0.888244
7.460523 0.888244
7.461977 0.888244
7.463431 0.888244
7.464886 0.888244
7.466340 0.888244
7.467794 0.888244
7.469248 0.888244
7.470703 0.888244
7.472157 0.888244
7.473611 0.888244
7.475065 0.888244
7.476520 0.888244
7.477974 0.888244
7.479428 0.888244
7.480882 0.888244
7.482337 0.888244
7.483791 0.888244
7.485245 0.888244
7.486699 0.888244
7.488154 0.888244
7.489608 0.888244
7.491062 0.891147
7.492516 0.891147
7.493971 0.891147
7.495425 0.891147
7.496879 0.891147
7.498333 0.891147
7.499788 0.891147
7.501242 0.891147
7.502696 0.891147
7.504150 0.891147
7.505605 0.892598
7.507059 0.892598
7.508513 0.892598
7.509967 0.892598
7.511422 0.892598
7.512876 0.892598
7.514330 0.892598
7.515784 0.892598
7.517239 0.892598
7.518693 0.892598
7.520147 0.892598
7.521601 0.892598
7.523056 0.892598
7.524510 0.892598
7.525964 0.892598
7.527418 0.892598
7.528873 0.894049
7.530327 0.894049
7.531781 0.894049
7.533235 0.894049
7.534690 0.894049
7.536144 0.894049
7.537598 0.894049
7.539052 0.894049
7.540507 0.894049
7.541961 0.894049
7.543415 0.894049
7.544869 0.894049
7.546324 0.894049
7.547778 0.894049
7.549232 0.894049
7.550686 0.895501
7.552141 0.896952
7.553595 0.896952
7.555049 0.896952
7.556503 0.896952
7.557958 0.896952
7.559412 0.896952
7.560866 0.896952
7.562320 0.896952
7.563775 0.896952
7.565229 0.896952
7.566683 0.896952
7.568137 0.896952
7.569592 0.896952
7.571046 0.896952
7.572500 0.896952
7.573954 0.896952
7.575409 0.896952
7.576863 0.896952
7.578317 0.896952
7.579771 0.898403
7.581226 0.898403
7.582680 0.898403
7.584134 0.898403
7.585588 0.898403
7.587043 0.898403
7.588497 0.898403
7.589951 0.898403
7.591405 0.898403
7.592860 0.898403
7.594314 0.898403
7.595768 0.898403
7.597222 0.898403
7.598677 0.899855
7.600131 0.899855
7.601585 0.901306
7.603039 0.901306
7.604494 0.901306
7.605948 0.901306
7.607402 0.902758
7.608856 0.902758
7.610311 0.902758
7.611765 0.902758
7.613219 0.902758
7.614673 0.902758
7.616128 0.902758
7.617582 0.902758
7.619036 0.902758
7.620490 0.902758
7.621944 0.902758
7.623399 0.902758
7.624853 0.902758
7.626307 0.902758
7.627761 0.902758
7.629216 0.902758
7.630670 0.902758
7.632124 0.902758
7.633578 0.902758
7.635033 0.902758
7.636487 0.902758
7.637941 0.902758
7.639395 0.902758
7.640850 0.902758
7.642304 0.902758
7.643758 0.902758
7.645212 0.902758
7.646667 0.902758
7.648121 0.902758
7.649575 0.902758
7.651029 0.902758
7.652484 0.902758
7.653938 0.902758
7.655392 0.902758
7.656846 0.902758
7.658301 0.902758
7.659755 0.902758
7.661209 0.902758
7.662663 0.902758
7.664118 0.902758
7.665572 0.902758
7.667026 0.902758
7.668480 0.902758
7.669935 0.902758
7.671389 0.902758
7.672843 0.902758
7.674297 0.902758
7.675752 0.902758
7.677206 0.902758
7.678660 0.902758
7.680114 0.902758
7.681569 0.902758
7.683023 0.904209
7.684477 0.904209
7.685931 0.904209
7.687386 0.904209
7.688840 0.905660
7.690294 0.905660
7.691748 0.905660
7.693203 0.905660
7.694657 0.905660
7.696111 0.905660
7.697565 0.905660
7.699020 0.905660
7.700474 0.905660
7.701928 0.907112
7.703382 0.907112
7.704837 0.907112
7.706291 0.907112
7.707745 0.907112
7.709199 0.907112
7.710654 0.907112
7.712108 0.907112
7.713562 0.907112
7.715016 0.908563
7.716471 0.908563
7.717925 0.908563
7.719379 0.908563
7.720833 0.908563
7.722288 0.908563
7.723742 0.908563
7.725196 0.908563
7.726650 0.908563
7.728105 0.908563
7.729559 0.908563
7.731013 0.908563
7.732467 0.908563
7.733922 0.908563
7.735376 0.908563
7.736830 0.908563
7.738284 0.908563
7.739739 0.908563
7.741193 0.908563
7.742647 0.908563
7.744101 0.908563
7.745556 0.908563
7.747010 0.908563
7.748464 0.908563
7.749918 0.908563
7.751373 0.908563
7.752827 0.908563
7.754281 0.908563
7.755735 0.910015
7.757190 0.910015
7.758644 0.910015
7.760098 0.910015
7.761552 0.910015
7.763007 0.910015
7.764461 0.910015
7.765915 0.910015
7.767369 0.910015
7.768824 0.910015
7.770278 0.910015
7.771732 0.910015
7.773186 0.910015
7.774641 0.910015
7.776095 0.910015
7.777549 0.910015
7.779003 0.910015
7.780458 0.910015
7.781912 0.910015
7.783366 0.910015
7.784820 0.910015
7.786275 0.910015
7.787729 0.910015
7.789183 0.910015
7.790637 0.910015
7.792092 0.910015
7.793546 0.910015
7.795000 0.911466
7.796454 0.911466
7.797909 0.911466
7.799363 0.911466
7.800817 0.911466
7.802271 0.911466
7.803726 0.911466
7.805180 0.911466
7.806634 0.911466
7.808088 0.911466
7.809543 0.911466
7.810997 0.911466
7.812451 0.911466
7.813905 0.911466
7.815360 0.911466
7.816814 0.911466
7.818268 0.911466
7.819722 0.911466
7.821177 0.911466
7.822631 0.911466
7.824085 0.911466
7.825539 0.911466
7.826994 0.911466
7.828448 0.911466
7.829902 0.911466
7.831356 0.911466
7.832811 0.912917
7.834265 0.912917
7.835719 0.912917
7.837173 0.912917
7.838628 0.912917
7.840082 0.912917
7.841536 0.912917
7.842990 0.912917
7.844445 0.912917
7.845899 0.912917
7.847353 0.912917
7.848807 0.912917
7.850261 0.912917
7.851716 0.912917
7.853170 0.912917
7.854624 0.912917
7.856078 0.912917
7.857533 0.912917
7.858987 0.912917
7.860441 0.912917
7.861895 0.912917
7.863350 0.912917
7.864804 0.914369
7.866258 0.914369
7.867712 0.914369
7.869167 0.914369
7.870621 0.914369
7.872075 0.914369
7.873529 0.914369
7.874984 0.914369
7.876438 0.914369
7.877892 0.914369
7.879346 0.914369
7.880801 0.914369
7.882255 0.914369
7.883709 0.914369
7.885163 0.914369
7.886618 0.914369
7.888072 0.914369
7.889526 0.914369
7.890980 0.914369
7.892435 0.914369
7.893889 0.914369
7.895343 0.914369
7.896797 0.914369
7.898252 0.914369
7.899706 0.914369
7.901160 0.914369
7.902614 0.914369
7.904069 0.914369
7.905523 0.914369
7.906977 0.914369
7.908431 0.914369
7.909886 0.914369
7.911340 0.914369
7.912794 0.914369
7.914248 0.915820
7.915703 0.915820
7.917157 0.915820
7.918611 0.915820
7.920065 0.915820
7.921520 0.915820
7.922974 0.915820
7.924428 0.915820
7.925882 0.915820
7.927337 0.915820
7.928791 0.915820
7.930245 0.915820
7.931699 0.915820
7.933154 0.915820
7.934608 0.915820
7.936062 0.915820
7.937516 0.915820
7.938971 0.915820
7.940425 0.915820
7.941879 0.915820
7.943333 0.915820
7.944788 0.915820
7.946242 0.915820
7.947696 0.915820
7.949150 0.915820
7.950605 0.915820
7.952059 0.915820
7.953513 0.915820
7.954967 0.915820
7.956422 0.915820
7.957876 0.915820
7.959330 0.915820
7.960784 0.915820
7.962239 0.915820
7.963693 0.915820
7.965147 0.915820
7.966601 0.915820
7.968056 0.915820
7.969510 0.915820
7.970964 0.917271
7.972418 0.917271
7.973873 0.917271
7.975327 0.917271
7.976781 0.917271
7.978235 0.917271
7.979690 0.917271
7.981144 0.917271
7.982598 0.917271
7.984052 0.917271
7.985507 0.917271
7.986961 0.917271
7.988415 0.917271
7.989869 0.917271
7.991324 0.917271
7.992778 0.917271
7.994232 0.917271
7.995686 0.917271
7.997141 0.917271
7.998595 0.917271
