1.667392 0.001451
1.669436 0.001451
1.671479 0.001451
1.673523 0.001451
1.675567 0.001451
1.677611 0.001451
1.679654 0.001451
1.681698 0.001451
1.683742 0.001451
1.685786 0.001451
1.687829 0.001451
1.689873 0.002903
1.691917 0.002903
1.693960 0.002903
1.696004 0.002903
1.698048 0.002903
1.700092 0.002903
1.702135 0.002903
1.704179 0.002903
1.706223 0.002903
1.708267 0.002903
1.710310 0.002903
1.712354 0.002903
1.714398 0.002903
1.716442 0.002903
1.718485 0.002903
1.720529 0.002903
1.722573 0.002903
1.724617 0.002903
1.726660 0.002903
1.728704 0.002903
1.730748 0.002903
1.732791 0.002903
1.734835 0.002903
1.736879 0.002903
1.738923 0.002903
1.740966 0.002903
1.743010 0.002903
1.745054 0.002903
1.747098 0.002903
1.749141 0.002903
1.751185 0.002903
1.753229 0.002903
1.755273 0.002903
1.757316 0.002903
1.759360 0.002903
1.761404 0.002903
1.763448 0.002903
1.765491 0.002903
1.767535 0.002903
1.769579 0.002903
1.771622 0.002903
1.773666 0.004354
1.775710 0.004354
1.777754 0.004354
1.779797 0.004354
1.781841 0.004354
1.783885 0.004354
1.785929 0.004354
1.787972 0.004354
1.790016 0.004354
1.792060 0.004354
1.794104 0.004354
1.796147 0.004354
1.798191 0.004354
1.800235 0.004354
1.802279 0.004354
1.804322 0.004354
1.806366 0.004354
1.808410 0.004354
1.810453 0.004354
1.812497 0.004354
1.814541 0.004354
1.816585 0.004354
1.818628 0.004354
1.820672 0.004354
1.822716 0.004354
1.824760 0.004354
1.826803 0.004354
1.828847 0.004354
1.830891 0.004354
1.832935 0.004354
1.834978 0.004354
1.837022 0.004354
1.839066 0.004354
1.841110 0.004354
1.843153 0.004354
1.845197 0.004354
1.847241 0.004354
1.849284 0.004354
1.851328 0.004354
1.853372 0.004354
1.855416 0.004354
1.857459 0.004354
1.859503 0.004354
1.861547 0.004354
1.863591 0.004354
1.865634 0.004354
1.867678 0.004354
1.869722 0.004354
1.871766 0.004354
1.873809 0.004354
1.875853 0.004354
1.877897 0.004354
1.879941 0.004354
1.881984 0.005806
1.884028 0.005806
1.886072 0.005806
1.888115 0.005806
1.890159 0.005806
1.892203 0.005806
1.894247 0.005806
1.896290 0.005806
1.898334 0.005806
1.900378 0.005806
1.902422 0.005806
1.904465 0.005806
1.906509 0.005806
1.908553 0.005806
1.910597 0.005806
1.912640 0.005806
1.914684 0.005806
1.916728 0.005806
1.918772 0.007257
1.920815 0.007257
1.922859 0.008708
1.924903 0.008708
1.926946 0.008708
1.928990 0.008708
1.931034 0.008708
1.933078 0.008708
1.935121 0.008708
1.937165 0.010160
1.939209 0.010160
1.941253 0.010160
1.943296 0.010160
1.945340 0.010160
1.947384 0.010160
1.949428 0.010160
1.951471 0.010160
1.953515 0.010160
1.955559 0.010160
1.957602 0.010160
1.959646 0.011611
1.961690 0.011611
1.963734 0.011611
1.965777 0.011611
1.967821 0.011611
1.969865 0.011611
1.971909 0.011611
1.973952 0.011611
1.975996 0.011611
1.978040 0.011611
1.980084 0.011611
1.982127 0.011611
1.984171 0.011611
1.986215 0.011611
1.988259 0.011611
1.990302 0.011611
1.992346 0.011611
1.994390 0.011611
1.996433 0.011611
1.998477 0.013062
2.000521 0.014514
2.002565 0.014514
2.004608 0.014514
2.006652 0.014514
2.008696 0.014514
2.010740 0.014514
2.012783 0.014514
2.014827 0.014514
2.016871 0.014514
2.018915 0.014514
2.020958 0.015965
2.023002 0.015965
2.025046 0.015965
2.027090 0.015965
2.029133 0.015965
2.031177 0.015965
2.033221 0.015965
2.035264 0.015965
2.037308 0.015965
2.039352 0.015965
2.041396 0.015965
2.043439 0.015965
2.045483 0.015965
2.047527 0.017417
2.049571 0.017417
2.051614 0.017417
2.053658 0.017417
2.055702 0.017417
2.057746 0.017417
2.059789 0.017417
2.061833 0.017417
2.063877 0.017417
2.065921 0.017417
2.067964 0.018868
2.070008 0.018868
2.072052 0.018868
2.074095 0.020319
2.076139 0.020319
2.078183 0.021771
2.080227 0.021771
2.082270 0.021771
2.084314 0.023222
2.086358 0.023222
2.088402 0.023222
2.090445 0.023222
2.092489 0.023222
2.094533 0.023222
2.096577 0.023222
2.098620 0.023222
2.100664 0.023222
2.102708 0.023222
2.104752 0.023222
2.106795 0.024673
2.108839 0.024673
2.110883 0.024673
2.112926 0.024673
2.114970 0.024673
2.117014 0.024673
2.119058 0.024673
2.121101 0.024673
2.123145 0.024673
2.125189 0.024673
2.127233 0.024673
2.129276 0.024673
2.131320 0.024673
2.133364 0.026125
2.135408 0.026125
2.137451 0.027576
2.139495 0.027576
2.141539 0.027576
2.143583 0.029028
2.145626 0.029028
2.147670 0.029028
2.149714 0.029028
2.151757 0.029028
2.153801 0.029028
2.155845 0.029028
2.157889 0.029028
2.159932 0.029028
2.161976 0.029028
2.164020 0.029028
2.166064 0.030479
2.168107 0.031930
2.170151 0.031930
2.172195 0.031930
2.174239 0.033382
2.176282 0.033382
2.178326 0.033382
2.180370 0.034833
2.182414 0.034833
2.184457 0.034833
2.186501 0.034833
2.188545 0.034833
2.190588 0.034833
2.192632 0.034833
2.194676 0.034833
2.196720 0.034833
2.198763 0.034833
2.200807 0.034833
2.202851 0.034833
2.204895 0.034833
2.206938 0.034833
2.208982 0.034833
2.211026 0.034833
2.213070 0.036284
2.215113 0.036284
2.217157 0.037736
2.219201 0.037736
2.221244 0.039187
2.223288 0.040639
2.225332 0.040639
2.227376 0.042090
2.229419 0.042090
2.231463 0.042090
2.233507 0.042090
2.235551 0.042090
2.237594 0.042090
2.239638 0.042090
2.241682 0.043541
2.243726 0.044993
2.245769 0.044993
2.247813 0.044993
2.249857 0.044993
2.251901 0.046444
2.253944 0.049347
2.255988 0.049347
2.258032 0.049347
2.260075 0.049347
2.262119 0.049347
2.264163 0.049347
2.266207 0.050798
2.268250 0.052250
2.270294 0.052250
2.272338 0.052250
2.274382 0.052250
2.276425 0.053701
2.278469 0.053701
2.280513 0.053701
2.282557 0.053701
2.284600 0.055152
2.286644 0.056604
2.288688 0.056604
2.290732 0.056604
2.292775 0.056604
2.294819 0.056604
2.296863 0.056604
2.298906 0.056604
2.300950 0.056604
2.302994 0.058055
2.305038 0.058055
2.307081 0.058055
2.309125 0.058055
2.311169 0.058055
2.313213 0.060958
2.315256 0.062409
2.317300 0.063861
2.319344 0.063861
2.321388 0.063861
2.323431 0.063861
2.325475 0.063861
2.327519 0.063861
2.329563 0.063861
2.331606 0.063861
2.333650 0.063861
2.335694 0.065312
2.337737 0.065312
2.339781 0.065312
2.341825 0.065312
2.343869 0.066763
2.345912 0.068215
2.347956 0.068215
2.350000 0.068215
2.352044 0.068215
2.354087 0.068215
2.356131 0.068215
2.358175 0.069666
2.360219 0.069666
2.362262 0.069666
2.364306 0.071118
2.366350 0.071118
2.368394 0.071118
2.370437 0.072569
2.372481 0.075472
2.374525 0.075472
2.376568 0.075472
2.378612 0.076923
2.380656 0.076923
2.382700 0.076923
2.384743 0.078374
2.386787 0.078374
2.388831 0.078374
2.390875 0.079826
2.392918 0.081277
2.394962 0.082729
2.397006 0.082729
2.399050 0.082729
2.401093 0.084180
2.403137 0.084180
2.405181 0.084180
2.407225 0.084180
2.409268 0.084180
2.411312 0.085631
2.413356 0.085631
2.415399 0.087083
2.417443 0.087083
2.419487 0.087083
2.421531 0.088534
2.423574 0.089985
2.425618 0.091437
2.427662 0.091437
2.429706 0.091437
2.431749 0.091437
2.433793 0.091437
2.435837 0.092888
2.437881 0.094340
2.439924 0.094340
2.441968 0.094340
2.444012 0.095791
2.446056 0.095791
2.448099 0.095791
2.450143 0.095791
2.452187 0.095791
2.454230 0.097242
2.456274 0.097242
2.458318 0.097242
2.460362 0.097242
2.462405 0.097242
2.464449 0.097242
2.466493 0.097242
2.468537 0.097242
2.470580 0.097242
2.472624 0.097242
2.474668 0.098694
2.476712 0.098694
2.478755 0.098694
2.480799 0.098694
2.482843 0.098694
2.484886 0.098694
2.486930 0.098694
2.488974 0.098694
2.491018 0.098694
2.493061 0.098694
2.495105 0.098694
2.497149 0.098694
2.499193 0.098694
2.501236 0.098694
2.503280 0.098694
2.505324 0.098694
2.507368 0.098694
2.509411 0.098694
2.511455 0.100145
2.513499 0.101597
2.515543 0.101597
2.517586 0.101597
2.519630 0.101597
2.521674 0.101597
2.523717 0.103048
2.525761 0.103048
2.527805 0.103048
2.529849 0.103048
2.531892 0.104499
2.533936 0.104499
2.535980 0.104499
2.538024 0.104499
2.540067 0.104499
2.542111 0.104499
2.544155 0.104499
2.546199 0.105951
2.548242 0.105951
2.550286 0.107402
2.552330 0.107402
2.554374 0.107402
2.556417 0.107402
2.558461 0.107402
2.560505 0.107402
2.562548 0.108853
2.564592 0.113208
2.566636 0.114659
2.568680 0.116110
2.570723 0.116110
2.572767 0.117562
2.574811 0.117562
2.576855 0.119013
2.578898 0.119013
2.580942 0.120464
2.582986 0.121916
2.585030 0.121916
2.587073 0.121916
2.589117 0.121916
2.591161 0.121916
2.593205 0.121916
2.595248 0.121916
2.597292 0.121916
2.599336 0.121916
2.601379 0.121916
2.603423 0.121916
2.605467 0.121916
2.607511 0.121916
2.609554 0.123367
2.611598 0.124819
2.613642 0.126270
2.615686 0.126270
2.617729 0.126270
2.619773 0.126270
2.621817 0.126270
2.623861 0.126270
2.625904 0.129173
2.627948 0.130624
2.629992 0.130624
2.632036 0.132075
2.634079 0.133527
2.636123 0.133527
2.638167 0.133527
2.640210 0.133527
2.642254 0.133527
2.644298 0.134978
2.646342 0.134978
2.648385 0.134978
2.650429 0.136430
2.652473 0.136430
2.654517 0.137881
2.656560 0.137881
2.658604 0.137881
2.660648 0.139332
2.662692 0.139332
2.664735 0.139332
2.666779 0.139332
2.668823 0.139332
2.670867 0.140784
2.672910 0.140784
2.674954 0.140784
2.676998 0.142235
2.679041 0.142235
2.681085 0.142235
2.683129 0.145138
2.685173 0.145138
2.687216 0.145138
2.689260 0.145138
2.691304 0.145138
2.693348 0.145138
2.695391 0.145138
2.697435 0.146589
2.699479 0.146589
2.701523 0.146589
2.703566 0.148041
2.705610 0.148041
2.707654 0.150943
2.709698 0.150943
2.711741 0.150943
2.713785 0.150943
2.715829 0.150943
2.717872 0.150943
2.719916 0.153846
2.721960 0.156749
2.724004 0.156749
2.726047 0.156749
2.728091 0.158200
2.730135 0.161103
2.732179 0.162554
2.734222 0.164006
2.736266 0.165457
2.738310 0.166909
2.740354 0.166909
2.742397 0.168360
2.744441 0.172714
2.746485 0.174165
2.748528 0.174165
2.750572 0.174165
2.752616 0.174165
2.754660 0.174165
2.756703 0.174165
2.758747 0.174165
2.760791 0.174165
2.762835 0.174165
2.764878 0.174165
2.766922 0.175617
2.768966 0.175617
2.771010 0.175617
2.773053 0.177068
2.775097 0.179971
2.777141 0.179971
2.779185 0.181422
2.781228 0.182874
2.783272 0.182874
2.785316 0.182874
2.787359 0.184325
2.789403 0.184325
2.791447 0.184325
2.793491 0.184325
2.795534 0.187228
2.797578 0.187228
2.799622 0.187228
2.801666 0.187228
2.803709 0.187228
2.805753 0.187228
2.807797 0.190131
2.809841 0.190131
2.811884 0.190131
2.813928 0.191582
2.815972 0.193033
2.818016 0.193033
2.820059 0.194485
2.822103 0.195936
2.824147 0.195936
2.826190 0.195936
2.828234 0.195936
2.830278 0.195936
2.832322 0.195936
2.834365 0.195936
2.836409 0.195936
2.838453 0.198839
2.840497 0.200290
2.842540 0.200290
2.844584 0.200290
2.846628 0.200290
2.848672 0.203193
2.850715 0.203193
2.852759 0.206096
2.854803 0.206096
2.856847 0.206096
2.858890 0.206096
2.860934 0.207547
2.862978 0.207547
2.865021 0.210450
2.867065 0.210450
2.869109 0.210450
2.871153 0.211901
2.873196 0.213353
2.875240 0.214804
2.877284 0.214804
2.879328 0.214804
2.881371 0.216255
2.883415 0.217707
2.885459 0.217707
2.887503 0.219158
2.889546 0.220610
2.891590 0.220610
2.893634 0.220610
2.895678 0.220610
2.897721 0.222061
2.899765 0.222061
2.901809 0.222061
2.903852 0.222061
2.905896 0.224964
2.907940 0.226415
2.909984 0.226415
2.912027 0.226415
2.914071 0.226415
2.916115 0.226415
2.918159 0.226415
2.920202 0.229318
2.922246 0.230769
2.924290 0.230769
2.926334 0.230769
2.928377 0.230769
2.930421 0.232221
2.932465 0.232221
2.934509 0.235123
2.936552 0.235123
2.938596 0.235123
2.940640 0.236575
2.942683 0.236575
2.944727 0.236575
2.946771 0.236575
2.948815 0.236575
2.950858 0.236575
2.952902 0.236575
2.954946 0.236575
2.956990 0.236575
2.959033 0.238026
2.961077 0.238026
2.963121 0.239478
2.965165 0.239478
2.967208 0.240929
2.969252 0.240929
2.971296 0.240929
2.973340 0.240929
2.975383 0.240929
2.977427 0.242380
2.979471 0.242380
2.981514 0.242380
2.983558 0.242380
2.985602 0.242380
2.987646 0.243832
2.989689 0.245283
2.991733 0.245283
2.993777 0.245283
2.995821 0.246734
2.997864 0.246734
2.999908 0.246734
3.001952 0.246734
3.003996 0.246734
3.006039 0.246734
3.008083 0.246734
3.010127 0.248186
3.012170 0.248186
3.014214 0.248186
3.016258 0.249637
3.018302 0.251089
3.020345 0.252540
3.022389 0.252540
3.024433 0.253991
3.026477 0.255443
3.028520 0.255443
3.030564 0.255443
3.032608 0.258345
3.034652 0.258345
3.036695 0.258345
3.038739 0.259797
3.040783 0.259797
3.042827 0.259797
3.044870 0.259797
3.046914 0.261248
3.048958 0.261248
3.051001 0.261248
3.053045 0.261248
3.055089 0.261248
3.057133 0.261248
3.059176 0.262700
3.061220 0.262700
3.063264 0.264151
3.065308 0.265602
3.067351 0.267054
3.069395 0.267054
3.071439 0.267054
3.073483 0.269956
3.075526 0.269956
3.077570 0.269956
3.079614 0.269956
3.081658 0.269956
3.083701 0.269956
3.085745 0.269956
3.087789 0.269956
3.089832 0.269956
3.091876 0.271408
3.093920 0.272859
3.095964 0.272859
3.098007 0.274311
3.100051 0.275762
3.102095 0.275762
3.104139 0.275762
3.106182 0.275762
3.108226 0.277213
3.110270 0.277213
3.112314 0.277213
3.114357 0.281567
3.116401 0.283019
3.118445 0.285922
3.120489 0.285922
3.122532 0.285922
3.124576 0.287373
3.126620 0.287373
3.128663 0.290276
3.130707 0.291727
3.132751 0.291727
3.134795 0.291727
3.136838 0.293179
3.138882 0.293179
3.140926 0.293179
3.142970 0.293179
3.145013 0.293179
3.147057 0.293179
3.149101 0.293179
3.151145 0.294630
3.153188 0.296081
3.155232 0.296081
3.157276 0.297533
3.159320 0.298984
3.161363 0.300435
3.163407 0.303338
3.165451 0.303338
3.167494 0.303338
3.169538 0.303338
3.171582 0.303338
3.173626 0.307692
3.175669 0.309144
3.177713 0.309144
3.179757 0.309144
3.181801 0.309144
3.183844 0.312046
3.185888 0.312046
3.187932 0.312046
3.189976 0.313498
3.192019 0.313498
3.194063 0.313498
3.196107 0.313498
3.198151 0.313498
3.200194 0.313498
3.202238 0.316401
3.204282 0.316401
3.206325 0.319303
3.208369 0.319303
3.210413 0.319303
3.212457 0.320755
3.214500 0.320755
3.216544 0.322206
3.218588 0.323657
3.220632 0.325109
3.222675 0.326560
3.224719 0.326560
3.226763 0.328012
3.228807 0.330914
3.230850 0.330914
3.232894 0.332366
3.234938 0.332366
3.236982 0.333817
3.239025 0.333817
3.241069 0.333817
3.243113 0.333817
3.245156 0.333817
3.247200 0.333817
3.249244 0.335269
3.251288 0.335269
3.253331 0.335269
3.255375 0.335269
3.257419 0.336720
3.259463 0.338171
3.261506 0.339623
3.263550 0.339623
3.265594 0.339623
3.267638 0.339623
3.269681 0.341074
3.271725 0.342525
3.273769 0.342525
3.275812 0.342525
3.277856 0.345428
3.279900 0.345428
3.281944 0.346880
3.283987 0.346880
3.286031 0.348331
3.288075 0.349782
3.290119 0.351234
3.292162 0.351234
3.294206 0.351234
3.296250 0.352685
3.298294 0.354136
3.300337 0.357039
3.302381 0.358491
3.304425 0.358491
3.306469 0.358491
3.308512 0.359942
3.310556 0.359942
3.312600 0.359942
3.314643 0.361393
3.316687 0.365747
3.318731 0.365747
3.320775 0.370102
3.322818 0.370102
3.324862 0.374456
3.326906 0.377358
3.328950 0.377358
3.330993 0.380261
3.333037 0.383164
3.335081 0.384615
3.337125 0.384615
3.339168 0.386067
3.341212 0.386067
3.343256 0.386067
3.345300 0.387518
3.347343 0.388970
3.349387 0.388970
3.351431 0.390421
3.353474 0.390421
3.355518 0.390421
3.357562 0.390421
3.359606 0.390421
3.361649 0.390421
3.363693 0.390421
3.365737 0.390421
3.367781 0.390421
3.369824 0.391872
3.371868 0.391872
3.373912 0.391872
3.375956 0.391872
3.377999 0.391872
3.380043 0.391872
3.382087 0.391872
3.384131 0.391872
3.386174 0.393324
3.388218 0.393324
3.390262 0.393324
3.392305 0.396226
3.394349 0.397678
3.396393 0.397678
3.398437 0.397678
3.400480 0.397678
3.402524 0.397678
3.404568 0.397678
3.406612 0.397678
3.408655 0.397678
3.410699 0.397678
3.412743 0.397678
3.414787 0.397678
3.416830 0.399129
3.418874 0.399129
3.420918 0.399129
3.422962 0.399129
3.425005 0.399129
3.427049 0.399129
3.429093 0.399129
3.431136 0.399129
3.433180 0.403483
3.435224 0.403483
3.437268 0.406386
3.439311 0.406386
3.441355 0.406386
3.443399 0.406386
3.445443 0.406386
3.447486 0.407837
3.449530 0.407837
3.451574 0.409289
3.453618 0.410740
3.455661 0.410740
3.457705 0.410740
3.459749 0.410740
3.461793 0.410740
3.463836 0.410740
3.465880 0.410740
3.467924 0.410740
3.469967 0.410740
3.472011 0.412192
3.474055 0.412192
3.476099 0.412192
3.478142 0.413643
3.480186 0.413643
3.482230 0.413643
3.484274 0.413643
3.486317 0.413643
3.488361 0.413643
3.490405 0.413643
3.492449 0.413643
3.494492 0.413643
3.496536 0.415094
3.498580 0.415094
3.500623 0.415094
3.502667 0.415094
3.504711 0.415094
3.506755 0.417997
3.508798 0.417997
3.510842 0.420900
3.512886 0.423803
3.514930 0.423803
3.516973 0.423803
3.519017 0.425254
3.521061 0.425254
3.523105 0.425254
3.525148 0.425254
3.527192 0.425254
3.529236 0.428157
3.531280 0.428157
3.533323 0.431060
3.535367 0.431060
3.537411 0.431060
3.539454 0.431060
3.541498 0.431060
3.543542 0.432511
3.545586 0.432511
3.547629 0.432511
3.549673 0.432511
3.551717 0.432511
3.553761 0.433962
3.555804 0.433962
3.557848 0.435414
3.559892 0.436865
3.561936 0.439768
3.563979 0.439768
3.566023 0.439768
3.568067 0.439768
3.570111 0.439768
3.572154 0.444122
3.574198 0.444122
3.576242 0.444122
3.578285 0.445573
3.580329 0.445573
3.582373 0.445573
3.584417 0.445573
3.586460 0.447025
3.588504 0.447025
3.590548 0.449927
3.592592 0.449927
3.594635 0.449927
3.596679 0.452830
3.598723 0.452830
3.600767 0.452830
3.602810 0.454282
3.604854 0.457184
3.606898 0.457184
3.608942 0.457184
3.610985 0.457184
3.613029 0.457184
3.615073 0.457184
3.617116 0.457184
3.619160 0.457184
3.621204 0.457184
3.623248 0.457184
3.625291 0.457184
3.627335 0.458636
3.629379 0.460087
3.631423 0.461538
3.633466 0.462990
3.635510 0.462990
3.637554 0.462990
3.639598 0.462990
3.641641 0.464441
3.643685 0.464441
3.645729 0.465893
3.647773 0.467344
3.649816 0.467344
3.651860 0.467344
3.653904 0.468795
3.655947 0.468795
3.657991 0.468795
3.660035 0.468795
3.662079 0.468795
3.664122 0.468795
3.666166 0.468795
3.668210 0.468795
3.670254 0.470247
3.672297 0.471698
3.674341 0.471698
3.676385 0.471698
3.678429 0.473149
3.680472 0.473149
3.682516 0.474601
3.684560 0.476052
3.686604 0.476052
3.688647 0.477504
3.690691 0.477504
3.692735 0.477504
3.694778 0.477504
3.696822 0.477504
3.698866 0.477504
3.700910 0.477504
3.702953 0.477504
3.704997 0.477504
3.707041 0.478955
3.709085 0.478955
3.711128 0.478955
3.713172 0.478955
3.715216 0.478955
3.717260 0.478955
3.719303 0.478955
3.721347 0.480406
3.723391 0.481858
3.725435 0.481858
3.727478 0.481858
3.729522 0.481858
3.731566 0.483309
3.733609 0.483309
3.735653 0.483309
3.737697 0.486212
3.739741 0.489115
3.741784 0.489115
3.743828 0.490566
3.745872 0.490566
3.747916 0.493469
3.749959 0.493469
3.752003 0.493469
3.754047 0.494920
3.756091 0.496372
3.758134 0.496372
3.760178 0.496372
3.762222 0.496372
3.764265 0.497823
3.766309 0.497823
3.768353 0.499274
3.770397 0.499274
3.772440 0.499274
3.774484 0.499274
3.776528 0.499274
3.778572 0.499274
3.780615 0.499274
3.782659 0.499274
3.784703 0.502177
3.786747 0.503628
3.788790 0.505080
3.790834 0.505080
3.792878 0.505080
3.794922 0.505080
3.796965 0.505080
3.799009 0.505080
3.801053 0.505080
3.803096 0.505080
3.805140 0.505080
3.807184 0.505080
3.809228 0.505080
3.811271 0.505080
3.813315 0.506531
3.815359 0.506531
3.817403 0.507983
3.819446 0.507983
3.821490 0.507983
3.823534 0.507983
3.825578 0.510885
3.827621 0.515239
3.829665 0.515239
3.831709 0.515239
3.833753 0.515239
3.835796 0.515239
3.837840 0.515239
3.839884 0.515239
3.841927 0.516691
3.843971 0.516691
3.846015 0.516691
3.848059 0.516691
3.850102 0.516691
3.852146 0.516691
3.854190 0.516691
3.856234 0.516691
3.858277 0.516691
3.860321 0.516691
3.862365 0.516691
3.864409 0.518142
3.866452 0.518142
3.868496 0.518142
3.870540 0.519594
3.872584 0.519594
3.874627 0.519594
3.876671 0.519594
3.878715 0.519594
3.880758 0.519594
3.882802 0.519594
3.884846 0.519594
3.886890 0.519594
3.888933 0.521045
3.890977 0.521045
3.893021 0.521045
3.895065 0.521045
3.897108 0.521045
3.899152 0.521045
3.901196 0.521045
3.903240 0.522496
3.905283 0.522496
3.907327 0.522496
3.909371 0.522496
3.911415 0.522496
3.913458 0.522496
3.915502 0.522496
3.917546 0.522496
3.919589 0.523948
3.921633 0.523948
3.923677 0.525399
3.925721 0.525399
3.927764 0.525399
3.929808 0.526851
3.931852 0.526851
3.933896 0.526851
3.935939 0.529753
3.937983 0.529753
3.940027 0.529753
3.942071 0.529753
3.944114 0.532656
3.946158 0.532656
3.948202 0.532656
3.950246 0.534107
3.952289 0.534107
3.954333 0.534107
3.956377 0.535559
3.958420 0.535559
3.960464 0.535559
3.962508 0.535559
3.964552 0.537010
3.966595 0.537010
3.968639 0.537010
3.970683 0.538462
3.972727 0.538462
3.974770 0.538462
3.976814 0.538462
3.978858 0.538462
3.980902 0.539913
3.982945 0.539913
3.984989 0.539913
3.987033 0.541364
3.989077 0.541364
3.991120 0.541364
3.993164 0.542816
3.995208 0.544267
3.997251 0.545718
3.999295 0.547170
4.001339 0.547170
4.003383 0.550073
4.005426 0.550073
4.007470 0.550073
4.009514 0.551524
4.011558 0.551524
4.013601 0.551524
4.015645 0.551524
4.017689 0.551524
4.019733 0.551524
4.021776 0.552975
4.023820 0.552975
4.025864 0.554427
4.027907 0.554427
4.029951 0.554427
4.031995 0.554427
4.034039 0.554427
4.036082 0.557329
4.038126 0.557329
4.040170 0.557329
4.042214 0.557329
4.044257 0.557329
4.046301 0.560232
4.048345 0.560232
4.050389 0.560232
4.052432 0.560232
4.054476 0.561684
4.056520 0.561684
4.058564 0.561684
4.060607 0.563135
4.062651 0.564586
4.064695 0.566038
4.066738 0.566038
4.068782 0.566038
4.070826 0.568940
4.072870 0.568940
4.074913 0.568940
4.076957 0.568940
4.079001 0.568940
4.081045 0.568940
4.083088 0.568940
4.085132 0.568940
4.087176 0.570392
4.089220 0.570392
4.091263 0.571843
4.093307 0.571843
4.095351 0.574746
4.097395 0.574746
4.099438 0.574746
4.101482 0.574746
4.103526 0.576197
4.105569 0.577649
4.107613 0.577649
4.109657 0.579100
4.111701 0.580552
4.113744 0.580552
4.115788 0.580552
4.117832 0.580552
4.119876 0.582003
4.121919 0.583454
4.123963 0.583454
4.126007 0.583454
4.128051 0.583454
4.130094 0.583454
4.132138 0.583454
4.134182 0.583454
4.136226 0.583454
4.138269 0.584906
4.140313 0.584906
4.142357 0.584906
4.144400 0.584906
4.146444 0.584906
4.148488 0.584906
4.150532 0.584906
4.152575 0.584906
4.154619 0.584906
4.156663 0.586357
4.158707 0.587808
4.160750 0.587808
4.162794 0.589260
4.164838 0.589260
4.166882 0.589260
4.168925 0.589260
4.170969 0.589260
4.173013 0.589260
4.175057 0.589260
4.177100 0.589260
4.179144 0.589260
4.181188 0.589260
4.183231 0.589260
4.185275 0.593614
4.187319 0.593614
4.189363 0.593614
4.191406 0.593614
4.193450 0.593614
4.195494 0.593614
4.197538 0.593614
4.199581 0.593614
4.201625 0.595065
4.203669 0.595065
4.205713 0.595065
4.207756 0.595065
4.209800 0.595065
4.211844 0.595065
4.213888 0.595065
4.215931 0.596517
4.217975 0.596517
4.220019 0.597968
4.222062 0.597968
4.224106 0.597968
4.226150 0.597968
4.228194 0.597968
4.230237 0.597968
4.232281 0.597968
4.234325 0.597968
4.236369 0.599419
4.238412 0.599419
4.240456 0.602322
4.242500 0.602322
4.244544 0.602322
4.246587 0.602322
4.248631 0.602322
4.250675 0.603774
4.252719 0.603774
4.254762 0.603774
4.256806 0.603774
4.258850 0.603774
4.260893 0.603774
4.262937 0.603774
4.264981 0.603774
4.267025 0.603774
4.269068 0.605225
4.271112 0.606676
4.273156 0.608128
4.275200 0.608128
4.277243 0.608128
4.279287 0.609579
4.281331 0.609579
4.283375 0.609579
4.285418 0.609579
4.287462 0.609579
4.289506 0.609579
4.291549 0.611030
4.293593 0.611030
4.295637 0.611030
4.297681 0.612482
4.299724 0.612482
4.301768 0.612482
4.303812 0.612482
4.305856 0.613933
4.307899 0.613933
4.309943 0.615385
4.311987 0.615385
4.314031 0.615385
4.316074 0.615385
4.318118 0.615385
4.320162 0.618287
4.322206 0.619739
4.324249 0.621190
4.326293 0.621190
4.328337 0.622642
4.330380 0.622642
4.332424 0.622642
4.334468 0.622642
4.336512 0.622642
4.338555 0.622642
4.340599 0.624093
4.342643 0.624093
4.344687 0.624093
4.346730 0.624093
4.348774 0.625544
4.350818 0.625544
4.352862 0.626996
4.354905 0.628447
4.356949 0.628447
4.358993 0.628447
4.361037 0.628447
4.363080 0.628447
4.365124 0.628447
4.367168 0.629898
4.369211 0.631350
4.371255 0.631350
4.373299 0.631350
4.375343 0.632801
4.377386 0.632801
4.379430 0.632801
4.381474 0.632801
4.383518 0.632801
4.385561 0.634253
4.387605 0.634253
4.389649 0.634253
4.391693 0.634253
4.393736 0.634253
4.395780 0.635704
4.397824 0.637155
4.399868 0.637155
4.401911 0.637155
4.403955 0.637155
4.405999 0.637155
4.408042 0.638607
4.410086 0.640058
4.412130 0.640058
4.414174 0.640058
4.416217 0.640058
4.418261 0.640058
4.420305 0.640058
4.422349 0.641509
4.424392 0.641509
4.426436 0.641509
4.428480 0.641509
4.430524 0.642961
4.432567 0.642961
4.434611 0.642961
4.436655 0.644412
4.438699 0.645864
4.440742 0.645864
4.442786 0.647315
4.444830 0.647315
4.446873 0.647315
4.448917 0.647315
4.450961 0.647315
4.453005 0.647315
4.455048 0.651669
4.457092 0.651669
4.459136 0.651669
4.461180 0.653120
4.463223 0.654572
4.465267 0.654572
4.467311 0.654572
4.469355 0.656023
4.471398 0.656023
4.473442 0.656023
4.475486 0.656023
4.477530 0.658926
4.479573 0.660377
4.481617 0.660377
4.483661 0.661829
4.485704 0.661829
4.487748 0.661829
4.489792 0.661829
4.491836 0.661829
4.493879 0.661829
4.495923 0.661829
4.497967 0.661829
4.500011 0.663280
4.502054 0.663280
4.504098 0.663280
4.506142 0.663280
4.508186 0.664731
4.510229 0.664731
4.512273 0.664731
4.514317 0.664731
4.516361 0.664731
4.518404 0.664731
4.520448 0.664731
4.522492 0.666183
4.524535 0.666183
4.526579 0.667634
4.528623 0.667634
4.530667 0.667634
4.532710 0.669086
4.534754 0.669086
4.536798 0.669086
4.538842 0.669086
4.540885 0.670537
4.542929 0.670537
4.544973 0.670537
4.547017 0.670537
4.549060 0.670537
4.551104 0.670537
4.553148 0.670537
4.555191 0.671988
4.557235 0.673440
4.559279 0.673440
4.561323 0.673440
4.563366 0.674891
4.565410 0.674891
4.567454 0.676343
4.569498 0.676343
4.571541 0.677794
4.573585 0.677794
4.575629 0.677794
4.577673 0.677794
4.579716 0.677794
4.581760 0.679245
4.583804 0.680697
4.585848 0.680697
4.587891 0.682148
4.589935 0.682148
4.591979 0.682148
4.594022 0.682148
4.596066 0.682148
4.598110 0.682148
4.600154 0.682148
4.602197 0.682148
4.604241 0.683599
4.606285 0.683599
4.608329 0.685051
4.610372 0.685051
4.612416 0.686502
4.614460 0.687954
4.616504 0.687954
4.618547 0.687954
4.620591 0.687954
4.622635 0.687954
4.624679 0.687954
4.626722 0.687954
4.628766 0.687954
4.630810 0.687954
4.632853 0.687954
4.634897 0.687954
4.636941 0.687954
4.638985 0.687954
4.641028 0.687954
4.643072 0.687954
4.645116 0.687954
4.647160 0.687954
4.649203 0.687954
4.651247 0.687954
4.653291 0.687954
4.655335 0.687954
4.657378 0.687954
4.659422 0.687954
4.661466 0.689405
4.663510 0.689405
4.665553 0.689405
4.667597 0.690856
4.669641 0.690856
4.671684 0.690856
4.673728 0.690856
4.675772 0.690856
4.677816 0.690856
4.679859 0.690856
4.681903 0.690856
4.683947 0.690856
4.685991 0.690856
4.688034 0.690856
4.690078 0.690856
4.692122 0.690856
4.694166 0.692308
4.696209 0.692308
4.698253 0.692308
4.700297 0.692308
4.702341 0.692308
4.704384 0.692308
4.706428 0.692308
4.708472 0.692308
4.710515 0.692308
4.712559 0.692308
4.714603 0.692308
4.716647 0.692308
4.718690 0.692308
4.720734 0.693759
4.722778 0.693759
4.724822 0.693759
4.726865 0.693759
4.728909 0.693759
4.730953 0.696662
4.732997 0.698113
4.735040 0.698113
4.737084 0.698113
4.739128 0.699565
4.741172 0.699565
4.743215 0.701016
4.745259 0.702467
4.747303 0.702467
4.749346 0.702467
4.751390 0.702467
4.753434 0.703919
4.755478 0.703919
4.757521 0.703919
4.759565 0.703919
4.761609 0.703919
4.763653 0.703919
4.765696 0.703919
4.767740 0.703919
4.769784 0.703919
4.771828 0.703919
4.773871 0.703919
4.775915 0.703919
4.777959 0.703919
4.780003 0.703919
4.782046 0.703919
4.784090 0.705370
4.786134 0.705370
4.788177 0.705370
4.790221 0.705370
4.792265 0.705370
4.794309 0.705370
4.796352 0.705370
4.798396 0.705370
4.800440 0.705370
4.802484 0.705370
4.804527 0.705370
4.806571 0.705370
4.808615 0.705370
4.810659 0.705370
4.812702 0.705370
4.814746 0.706821
4.816790 0.706821
4.818833 0.706821
4.820877 0.706821
4.822921 0.706821
4.824965 0.706821
4.827008 0.708273
4.829052 0.708273
4.831096 0.708273
4.833140 0.708273
4.835183 0.708273
4.837227 0.708273
4.839271 0.708273
4.841315 0.709724
4.843358 0.709724
4.845402 0.709724
4.847446 0.709724
4.849490 0.709724
4.851533 0.709724
4.853577 0.709724
4.855621 0.709724
4.857664 0.709724
4.859708 0.709724
4.861752 0.709724
4.863796 0.709724
4.865839 0.709724
4.867883 0.709724
4.869927 0.711176
4.871971 0.711176
4.874014 0.711176
4.876058 0.711176
4.878102 0.711176
4.880146 0.711176
4.882189 0.711176
4.884233 0.711176
4.886277 0.711176
4.888321 0.711176
4.890364 0.711176
4.892408 0.711176
4.894452 0.711176
4.896495 0.711176
4.898539 0.711176
4.900583 0.711176
4.902627 0.712627
4.904670 0.712627
4.906714 0.714078
4.908758 0.714078
4.910802 0.714078
4.912845 0.714078
4.914889 0.716981
4.916933 0.716981
4.918977 0.718433
4.921020 0.718433
4.923064 0.718433
4.925108 0.718433
4.927152 0.718433
4.929195 0.721335
4.931239 0.721335
4.933283 0.721335
4.935326 0.722787
4.937370 0.722787
4.939414 0.722787
4.941458 0.722787
4.943501 0.724238
4.945545 0.724238
4.947589 0.724238
4.949633 0.724238
4.951676 0.724238
4.953720 0.725689
4.955764 0.725689
4.957808 0.727141
4.959851 0.727141
4.961895 0.727141
4.963939 0.727141
4.965983 0.727141
4.968026 0.727141
4.970070 0.727141
4.972114 0.727141
4.974157 0.727141
4.976201 0.727141
4.978245 0.727141
4.980289 0.727141
4.982332 0.727141
4.984376 0.727141
4.986420 0.728592
4.988464 0.728592
4.990507 0.728592
4.992551 0.730044
4.994595 0.730044
4.996639 0.730044
4.998682 0.730044
5.000726 0.731495
5.002770 0.732946
5.004814 0.732946
5.006857 0.732946
5.008901 0.732946
5.010945 0.732946
5.012988 0.732946
5.015032 0.732946
5.017076 0.732946
5.019120 0.732946
5.021163 0.732946
5.023207 0.732946
5.025251 0.732946
5.027295 0.732946
5.029338 0.732946
5.031382 0.734398
5.033426 0.734398
5.035470 0.734398
5.037513 0.734398
5.039557 0.734398
5.041601 0.735849
5.043645 0.735849
5.045688 0.735849
5.047732 0.735849
5.049776 0.735849
5.051819 0.735849
5.053863 0.735849
5.055907 0.735849
5.057951 0.735849
5.059994 0.735849
5.062038 0.735849
5.064082 0.737300
5.066126 0.738752
5.068169 0.738752
5.070213 0.738752
5.072257 0.738752
5.074301 0.738752
5.076344 0.738752
5.078388 0.738752
5.080432 0.738752
5.082475 0.738752
5.084519 0.740203
5.086563 0.740203
5.088607 0.740203
5.090650 0.741655
5.092694 0.741655
5.094738 0.741655
5.096782 0.741655
5.098825 0.741655
5.100869 0.741655
5.102913 0.741655
5.104957 0.741655
5.107000 0.741655
5.109044 0.741655
5.111088 0.741655
5.113132 0.741655
5.115175 0.744557
5.117219 0.744557
5.119263 0.744557
5.121306 0.744557
5.123350 0.746009
5.125394 0.747460
5.127438 0.747460
5.129481 0.747460
5.131525 0.747460
5.133569 0.748911
5.135613 0.748911
5.137656 0.748911
5.139700 0.748911
5.141744 0.748911
5.143788 0.748911
5.145831 0.748911
5.147875 0.748911
5.149919 0.748911
5.151963 0.748911
5.154006 0.748911
5.156050 0.750363
5.158094 0.750363
5.160137 0.751814
5.162181 0.753266
5.164225 0.753266
5.166269 0.753266
5.168312 0.753266
5.170356 0.753266
5.172400 0.753266
5.174444 0.753266
5.176487 0.753266
5.178531 0.753266
5.180575 0.753266
5.182619 0.753266
5.184662 0.754717
5.186706 0.754717
5.188750 0.754717
5.190794 0.754717
5.192837 0.754717
5.194881 0.754717
5.196925 0.754717
5.198968 0.754717
5.201012 0.754717
5.203056 0.756168
5.205100 0.757620
5.207143 0.757620
5.209187 0.757620
5.211231 0.757620
5.213275 0.757620
5.215318 0.757620
5.217362 0.757620
5.219406 0.757620
5.221450 0.757620
5.223493 0.757620
5.225537 0.759071
5.227581 0.761974
5.229625 0.761974
5.231668 0.761974
5.233712 0.761974
5.235756 0.761974
5.237799 0.761974
5.239843 0.761974
5.241887 0.763425
5.243931 0.763425
5.245974 0.763425
5.248018 0.763425
5.250062 0.764877
5.252106 0.764877
5.254149 0.764877
5.256193 0.764877
5.258237 0.764877
5.260281 0.764877
5.262324 0.764877
5.264368 0.764877
5.266412 0.764877
5.268456 0.764877
5.270499 0.764877
5.272543 0.764877
5.274587 0.764877
5.276630 0.764877
5.278674 0.764877
5.280718 0.766328
5.282762 0.766328
5.284805 0.766328
5.286849 0.766328
5.288893 0.766328
5.290937 0.766328
5.292980 0.766328
5.295024 0.766328
5.297068 0.766328
5.299112 0.766328
5.301155 0.766328
5.303199 0.766328
5.305243 0.766328
5.307286 0.766328
5.309330 0.767779
5.311374 0.767779
5.313418 0.767779
5.315461 0.767779
5.317505 0.767779
5.319549 0.767779
5.321593 0.767779
5.323636 0.770682
5.325680 0.770682
5.327724 0.770682
5.329768 0.770682
5.331811 0.770682
5.333855 0.770682
5.335899 0.770682
5.337943 0.770682
5.339986 0.770682
5.342030 0.770682
5.344074 0.770682
5.346117 0.770682
5.348161 0.772134
5.350205 0.772134
5.352249 0.772134
5.354292 0.772134
5.356336 0.772134
5.358380 0.772134
5.360424 0.772134
5.362467 0.772134
5.364511 0.772134
5.366555 0.772134
5.368599 0.772134
5.370642 0.772134
5.372686 0.772134
5.374730 0.772134
5.376774 0.773585
5.378817 0.773585
5.380861 0.773585
5.382905 0.773585
5.384948 0.773585
5.386992 0.773585
5.389036 0.773585
5.391080 0.773585
5.393123 0.773585
5.395167 0.773585
5.397211 0.773585
5.399255 0.773585
5.401298 0.773585
5.403342 0.773585
5.405386 0.773585
5.407430 0.773585
5.409473 0.773585
5.411517 0.773585
5.413561 0.773585
5.415605 0.773585
5.417648 0.775036
5.419692 0.775036
5.421736 0.776488
5.423779 0.777939
5.425823 0.777939
5.427867 0.777939
5.429911 0.777939
5.431954 0.777939
5.433998 0.777939
5.436042 0.777939
5.438086 0.777939
5.440129 0.777939
5.442173 0.777939
5.444217 0.777939
5.446261 0.779390
5.448304 0.779390
5.450348 0.779390
5.452392 0.779390
5.454436 0.779390
5.456479 0.779390
5.458523 0.779390
5.460567 0.779390
5.462610 0.779390
5.464654 0.779390
5.466698 0.779390
5.468742 0.779390
5.470785 0.779390
5.472829 0.779390
5.474873 0.782293
5.476917 0.782293
5.478960 0.782293
5.481004 0.782293
5.483048 0.782293
5.485092 0.782293
5.487135 0.783745
5.489179 0.783745
5.491223 0.783745
5.493267 0.783745
5.495310 0.785196
5.497354 0.785196
5.499398 0.785196
5.501441 0.785196
5.503485 0.785196
5.505529 0.785196
5.507573 0.786647
5.509616 0.786647
5.511660 0.786647
5.513704 0.786647
5.515748 0.788099
5.517791 0.788099
5.519835 0.789550
5.521879 0.791001
5.523923 0.791001
5.525966 0.791001
5.528010 0.792453
5.530054 0.792453
5.532098 0.792453
5.534141 0.792453
5.536185 0.792453
5.538229 0.792453
5.540272 0.793904
5.542316 0.793904
5.544360 0.793904
5.546404 0.793904
5.548447 0.793904
5.550491 0.793904
5.552535 0.795356
5.554579 0.795356
5.556622 0.795356
5.558666 0.798258
5.560710 0.798258
5.562754 0.799710
5.564797 0.801161
5.566841 0.801161
5.568885 0.801161
5.570928 0.801161
5.572972 0.801161
5.575016 0.801161
5.577060 0.802612
5.579103 0.802612
5.581147 0.804064
5.583191 0.804064
5.585235 0.805515
5.587278 0.805515
5.589322 0.805515
5.591366 0.805515
5.593410 0.805515
5.595453 0.805515
5.597497 0.805515
5.599541 0.805515
5.601585 0.805515
5.603628 0.805515
5.605672 0.805515
5.607716 0.805515
5.609759 0.805515
5.611803 0.805515
5.613847 0.805515
5.615891 0.805515
5.617934 0.805515
5.619978 0.805515
5.622022 0.805515
5.624066 0.805515
5.626109 0.805515
5.628153 0.805515
5.630197 0.806967
5.632241 0.806967
5.634284 0.806967
5.636328 0.806967
5.638372 0.806967
5.640416 0.806967
5.642459 0.806967
5.644503 0.806967
5.646547 0.806967
5.648590 0.806967
5.650634 0.806967
5.652678 0.806967
5.654722 0.806967
5.656765 0.806967
5.658809 0.806967
5.660853 0.808418
5.662897 0.808418
5.664940 0.808418
5.666984 0.808418
5.669028 0.808418
5.671072 0.808418
5.673115 0.808418
5.675159 0.808418
5.677203 0.809869
5.679247 0.811321
5.681290 0.811321
5.683334 0.811321
5.685378 0.811321
5.687421 0.814224
5.689465 0.814224
5.691509 0.814224
5.693553 0.814224
5.695596 0.814224
5.697640 0.814224
5.699684 0.814224
5.701728 0.815675
5.703771 0.815675
5.705815 0.815675
5.707859 0.817126
5.709903 0.817126
5.711946 0.817126
5.713990 0.817126
5.716034 0.817126
5.718078 0.817126
5.720121 0.817126
5.722165 0.818578
5.724209 0.818578
5.726252 0.818578
5.728296 0.818578
5.730340 0.818578
5.732384 0.818578
5.734427 0.818578
5.736471 0.818578
5.738515 0.818578
5.740559 0.818578
5.742602 0.818578
5.744646 0.820029
5.746690 0.820029
5.748734 0.820029
5.750777 0.820029
5.752821 0.820029
5.754865 0.820029
5.756909 0.820029
5.758952 0.820029
5.760996 0.820029
5.763040 0.820029
5.765083 0.821480
5.767127 0.821480
5.769171 0.821480
5.771215 0.821480
5.773258 0.821480
5.775302 0.821480
5.777346 0.821480
5.779390 0.821480
5.781433 0.821480
5.783477 0.821480
5.785521 0.821480
5.787565 0.821480
5.789608 0.821480
5.791652 0.821480
5.793696 0.821480
5.795740 0.821480
5.797783 0.821480
5.799827 0.821480
5.801871 0.821480
5.803914 0.821480
5.805958 0.821480
5.808002 0.821480
5.810046 0.821480
5.812089 0.821480
5.814133 0.822932
5.816177 0.822932
5.818221 0.822932
5.820264 0.822932
5.822308 0.822932
5.824352 0.822932
5.826396 0.824383
5.828439 0.824383
5.830483 0.824383
5.832527 0.825835
5.834570 0.825835
5.836614 0.825835
5.838658 0.827286
5.840702 0.827286
5.842745 0.827286
5.844789 0.827286
5.846833 0.827286
5.848877 0.827286
5.850920 0.827286
5.852964 0.827286
5.855008 0.827286
5.857052 0.827286
5.859095 0.827286
5.861139 0.827286
5.863183 0.827286
5.865227 0.827286
5.867270 0.827286
5.869314 0.828737
5.871358 0.828737
5.873401 0.828737
5.875445 0.828737
5.877489 0.828737
5.879533 0.828737
5.881576 0.830189
5.883620 0.830189
5.885664 0.830189
5.887708 0.830189
5.889751 0.830189
5.891795 0.830189
5.893839 0.830189
5.895883 0.830189
5.897926 0.831640
5.899970 0.831640
5.902014 0.831640
5.904058 0.831640
5.906101 0.831640
5.908145 0.831640
5.910189 0.831640
5.912232 0.831640
5.914276 0.831640
5.916320 0.831640
5.918364 0.831640
5.920407 0.831640
5.922451 0.831640
5.924495 0.831640
5.926539 0.831640
5.928582 0.831640
5.930626 0.831640
5.932670 0.833091
5.934714 0.833091
5.936757 0.833091
5.938801 0.833091
5.940845 0.833091
5.942889 0.833091
5.944932 0.833091
5.946976 0.833091
5.949020 0.833091
5.951063 0.833091
5.953107 0.833091
5.955151 0.833091
5.957195 0.833091
5.959238 0.833091
5.961282 0.833091
5.963326 0.833091
5.965370 0.833091
5.967413 0.835994
5.969457 0.835994
5.971501 0.835994
5.973545 0.835994
5.975588 0.835994
5.977632 0.835994
5.979676 0.837446
5.981720 0.837446
5.983763 0.837446
5.985807 0.837446
5.987851 0.837446
5.989894 0.837446
5.991938 0.838897
5.993982 0.841800
5.996026 0.841800
5.998069 0.841800
6.000113 0.841800
6.002157 0.841800
6.004201 0.841800
6.006244 0.843251
6.008288 0.843251
6.010332 0.843251
6.012376 0.843251
6.014419 0.843251
6.016463 0.843251
6.018507 0.843251
6.020551 0.843251
6.022594 0.844702
6.024638 0.844702
6.026682 0.844702
6.028725 0.844702
6.030769 0.844702
6.032813 0.844702
6.034857 0.844702
6.036900 0.844702
6.038944 0.844702
6.040988 0.844702
6.043032 0.844702
6.045075 0.844702
6.047119 0.844702
6.049163 0.844702
6.051207 0.844702
6.053250 0.844702
6.055294 0.844702
6.057338 0.844702
6.059382 0.844702
6.061425 0.844702
6.063469 0.844702
6.065513 0.844702
6.067556 0.844702
6.069600 0.844702
6.071644 0.844702
6.073688 0.844702
6.075731 0.844702
6.077775 0.844702
6.079819 0.844702
6.081863 0.847605
6.083906 0.847605
6.085950 0.847605
6.087994 0.847605
6.090038 0.847605
6.092081 0.847605
6.094125 0.847605
6.096169 0.847605
6.098212 0.847605
6.100256 0.847605
6.102300 0.847605
6.104344 0.847605
6.106387 0.847605
6.108431 0.847605
6.110475 0.847605
6.112519 0.847605
6.114562 0.847605
6.116606 0.847605
6.118650 0.847605
6.120694 0.847605
6.122737 0.847605
6.124781 0.847605
6.126825 0.847605
6.128869 0.847605
6.130912 0.849057
6.132956 0.849057
6.135000 0.849057
6.137043 0.849057
6.139087 0.849057
6.141131 0.849057
6.143175 0.849057
6.145218 0.849057
6.147262 0.849057
6.149306 0.849057
6.151350 0.849057
6.153393 0.851959
6.155437 0.851959
6.157481 0.851959
6.159525 0.851959
6.161568 0.851959
6.163612 0.851959
6.165656 0.851959
6.167700 0.851959
6.169743 0.851959
6.171787 0.853411
6.173831 0.853411
6.175874 0.853411
6.177918 0.853411
6.179962 0.853411
6.182006 0.853411
6.184049 0.853411
6.186093 0.853411
6.188137 0.853411
6.190181 0.853411
6.192224 0.853411
6.194268 0.853411
6.196312 0.853411
6.198356 0.853411
6.200399 0.854862
6.202443 0.854862
6.204487 0.856313
6.206531 0.856313
6.208574 0.856313
6.210618 0.856313
6.212662 0.856313
6.214705 0.856313
6.216749 0.856313
6.218793 0.856313
6.220837 0.856313
6.222880 0.856313
6.224924 0.856313
6.226968 0.856313
6.229012 0.856313
6.231055 0.856313
6.233099 0.856313
6.235143 0.856313
6.237187 0.856313
6.239230 0.856313
6.241274 0.856313
6.243318 0.856313
6.245362 0.856313
6.247405 0.856313
6.249449 0.856313
6.251493 0.856313
6.253536 0.856313
6.255580 0.856313
6.257624 0.856313
6.259668 0.856313
6.261711 0.856313
6.263755 0.857765
6.265799 0.857765
6.267843 0.857765
6.269886 0.857765
6.271930 0.857765
6.273974 0.857765
6.276018 0.857765
6.278061 0.857765
6.280105 0.859216
6.282149 0.859216
6.284193 0.859216
6.286236 0.859216
6.288280 0.859216
6.290324 0.859216
6.292367 0.859216
6.294411 0.859216
6.296455 0.859216
6.298499 0.859216
6.300542 0.859216
6.302586 0.859216
6.304630 0.859216
6.306674 0.859216
6.308717 0.859216
6.310761 0.859216
6.312805 0.859216
6.314849 0.860668
6.316892 0.860668
6.318936 0.860668
6.320980 0.862119
6.323024 0.862119
6.325067 0.862119
6.327111 0.862119
6.329155 0.862119
6.331198 0.863570
6.333242 0.865022
6.335286 0.865022
6.337330 0.865022
6.339373 0.865022
6.341417 0.865022
6.343461 0.865022
6.345505 0.865022
6.347548 0.865022
6.349592 0.865022
6.351636 0.865022
6.353680 0.865022
6.355723 0.865022
6.357767 0.865022
6.359811 0.865022
6.361854 0.865022
6.363898 0.865022
6.365942 0.865022
6.367986 0.865022
6.370029 0.865022
6.372073 0.865022
6.374117 0.865022
6.376161 0.865022
6.378204 0.865022
6.380248 0.865022
6.382292 0.865022
6.384336 0.866473
6.386379 0.866473
6.388423 0.866473
6.390467 0.866473
6.392511 0.866473
6.394554 0.866473
6.396598 0.866473
6.398642 0.869376
6.400685 0.869376
6.402729 0.869376
6.404773 0.869376
6.406817 0.869376
6.408860 0.869376
6.410904 0.869376
6.412948 0.869376
6.414992 0.869376
6.417035 0.869376
6.419079 0.869376
6.421123 0.869376
6.423167 0.870827
6.425210 0.870827
6.427254 0.870827
6.429298 0.870827
6.431342 0.870827
6.433385 0.870827
6.435429 0.870827
6.437473 0.872279
6.439516 0.872279
6.441560 0.873730
6.443604 0.873730
6.445648 0.873730
6.447691 0.873730
6.449735 0.875181
6.451779 0.875181
6.453823 0.875181
6.455866 0.875181
6.457910 0.875181
6.459954 0.875181
6.461998 0.875181
6.464041 0.875181
6.466085 0.875181
6.468129 0.875181
6.470173 0.875181
6.472216 0.875181
6.474260 0.875181
6.476304 0.875181
6.478347 0.875181
6.480391 0.875181
6.482435 0.876633
6.484479 0.876633
6.486522 0.876633
6.488566 0.876633
6.490610 0.876633
6.492654 0.876633
6.494697 0.876633
6.496741 0.876633
6.498785 0.876633
6.500829 0.876633
6.502872 0.876633
6.504916 0.876633
6.506960 0.876633
6.509004 0.876633
6.511047 0.876633
6.513091 0.876633
6.515135 0.876633
6.517178 0.876633
6.519222 0.878084
6.521266 0.878084
6.523310 0.878084
6.525353 0.878084
6.527397 0.878084
6.529441 0.879536
6.531485 0.879536
6.533528 0.879536
6.535572 0.879536
6.537616 0.879536
6.539660 0.879536
6.541703 0.879536
6.543747 0.879536
6.545791 0.879536
6.547835 0.879536
6.549878 0.879536
6.551922 0.879536
6.553966 0.879536
6.556009 0.879536
6.558053 0.879536
6.560097 0.879536
6.562141 0.879536
6.564184 0.879536
6.566228 0.879536
6.568272 0.879536
6.570316 0.879536
6.572359 0.879536
6.574403 0.879536
6.576447 0.879536
6.578491 0.879536
6.580534 0.879536
6.582578 0.879536
6.584622 0.879536
6.586666 0.879536
6.588709 0.879536
6.590753 0.879536
6.592797 0.879536
6.594840 0.880987
6.596884 0.880987
6.598928 0.880987
6.600972 0.880987
6.603015 0.880987
6.605059 0.880987
6.607103 0.880987
6.609147 0.880987
6.611190 0.880987
6.613234 0.882438
6.615278 0.882438
6.617322 0.883890
6.619365 0.883890
6.621409 0.883890
6.623453 0.883890
6.625496 0.883890
6.627540 0.883890
6.629584 0.883890
6.631628 0.883890
6.633671 0.883890
6.635715 0.883890
6.637759 0.883890
6.639803 0.883890
6.641846 0.883890
6.643890 0.883890
6.645934 0.883890
6.647978 0.883890
6.650021 0.883890
6.652065 0.883890
6.654109 0.883890
6.656153 0.883890
6.658196 0.883890
6.660240 0.883890
6.662284 0.883890
6.664327 0.883890
6.666371 0.883890
6.668415 0.883890
6.670459 0.885341
6.672502 0.885341
6.674546 0.885341
6.676590 0.885341
6.678634 0.885341
6.680677 0.886792
6.682721 0.886792
6.684765 0.886792
6.686809 0.886792
6.688852 0.886792
6.690896 0.886792
6.692940 0.886792
6.694984 0.886792
6.697027 0.886792
6.699071 0.886792
6.701115 0.886792
6.703158 0.886792
6.705202 0.886792
6.707246 0.886792
6.709290 0.886792
6.711333 0.886792
6.713377 0.886792
6.715421 0.886792
6.717465 0.888244
6.719508 0.888244
6.721552 0.888244
6.723596 0.888244
6.725640 0.888244
6.727683 0.888244
6.729727 0.888244
6.731771 0.888244
6.733815 0.888244
6.735858 0.888244
6.737902 0.888244
6.739946 0.888244
6.741989 0.888244
6.744033 0.888244
6.746077 0.888244
6.748121 0.888244
6.750164 0.888244
6.752208 0.888244
6.754252 0.888244
6.756296 0.888244
6.758339 0.888244
6.760383 0.888244
6.762427 0.888244
6.764471 0.888244
6.766514 0.889695
6.768558 0.889695
6.770602 0.889695
6.772646 0.889695
6.774689 0.889695
6.776733 0.889695
6.778777 0.889695
6.780820 0.889695
6.782864 0.889695
6.784908 0.889695
6.786952 0.889695
6.788995 0.889695
6.791039 0.889695
6.793083 0.889695
6.795127 0.891147
6.797170 0.891147
6.799214 0.891147
6.801258 0.892598
6.803302 0.892598
6.805345 0.892598
6.807389 0.892598
6.809433 0.892598
6.811477 0.892598
6.813520 0.892598
6.815564 0.892598
6.817608 0.892598
6.819651 0.892598
6.821695 0.892598
6.823739 0.892598
6.825783 0.892598
6.827826 0.892598
6.829870 0.892598
6.831914 0.892598
6.833958 0.892598
6.836001 0.892598
6.838045 0.894049
6.840089 0.894049
6.842133 0.894049
6.844176 0.894049
6.846220 0.894049
6.848264 0.894049
6.850308 0.894049
6.852351 0.894049
6.854395 0.894049
6.856439 0.894049
6.858482 0.894049
6.860526 0.894049
6.862570 0.894049
6.864614 0.894049
6.866657 0.894049
6.868701 0.894049
6.870745 0.894049
6.872789 0.894049
6.874832 0.894049
6.876876 0.894049
6.878920 0.894049
6.880964 0.894049
6.883007 0.895501
6.885051 0.895501
6.887095 0.895501
6.889138 0.895501
6.891182 0.895501
6.893226 0.895501
6.895270 0.895501
6.897313 0.895501
6.899357 0.895501
6.901401 0.895501
6.903445 0.895501
6.905488 0.895501
6.907532 0.895501
6.909576 0.895501
6.911620 0.895501
6.913663 0.895501
6.915707 0.895501
6.917751 0.895501
6.919795 0.895501
6.921838 0.895501
6.923882 0.895501
6.925926 0.895501
6.927969 0.895501
6.930013 0.895501
6.932057 0.896952
6.934101 0.896952
6.936144 0.896952
6.938188 0.896952
6.940232 0.896952
6.942276 0.896952
6.944319 0.896952
6.946363 0.896952
6.948407 0.896952
6.950451 0.896952
6.952494 0.896952
6.954538 0.896952
6.956582 0.896952
6.958626 0.896952
6.960669 0.896952
6.962713 0.896952
6.964757 0.896952
6.966800 0.896952
6.968844 0.896952
6.970888 0.896952
6.972932 0.896952
6.974975 0.896952
6.977019 0.896952
6.979063 0.898403
6.981107 0.898403
6.983150 0.898403
6.985194 0.898403
6.987238 0.898403
6.989282 0.898403
6.991325 0.898403
6.993369 0.899855
6.995413 0.899855
6.997457 0.899855
6.999500 0.899855
7.001544 0.899855
7.003588 0.899855
7.005631 0.899855
7.007675 0.901306
7.009719 0.901306
7.011763 0.901306
7.013806 0.902758
7.015850 0.902758
7.017894 0.902758
7.019938 0.902758
7.021981 0.904209
7.024025 0.904209
7.026069 0.905660
7.028113 0.905660
7.030156 0.905660
7.032200 0.907112
7.034244 0.907112
7.036288 0.907112
7.038331 0.907112
7.040375 0.907112
7.042419 0.907112
7.044462 0.907112
7.046506 0.908563
7.048550 0.908563
7.050594 0.908563
7.052637 0.908563
7.054681 0.908563
7.056725 0.908563
7.058769 0.908563
7.060812 0.908563
7.062856 0.908563
7.064900 0.908563
7.066944 0.908563
7.068987 0.908563
7.071031 0.908563
7.073075 0.908563
7.075119 0.908563
7.077162 0.908563
7.079206 0.908563
7.081250 0.908563
7.083293 0.908563
7.085337 0.908563
7.087381 0.908563
7.089425 0.908563
7.091468 0.908563
7.093512 0.908563
7.095556 0.908563
7.097600 0.908563
7.099643 0.908563
7.101687 0.908563
7.103731 0.908563
7.105775 0.908563
7.107818 0.908563
7.109862 0.908563
7.111906 0.908563
7.113949 0.908563
7.115993 0.908563
7.118037 0.908563
7.120081 0.908563
7.122124 0.908563
7.124168 0.908563
7.126212 0.908563
7.128256 0.908563
7.130299 0.908563
7.132343 0.908563
7.134387 0.908563
7.136431 0.908563
7.138474 0.908563
7.140518 0.908563
7.142562 0.908563
7.144606 0.908563
7.146649 0.910015
7.148693 0.910015
7.150737 0.910015
7.152780 0.910015
7.154824 0.910015
7.156868 0.910015
7.158912 0.910015
7.160955 0.910015
7.162999 0.910015
7.165043 0.910015
7.167087 0.910015
7.169130 0.910015
7.171174 0.910015
7.173218 0.910015
7.175262 0.910015
7.177305 0.910015
7.179349 0.910015
7.181393 0.910015
7.183437 0.910015
7.185480 0.910015
7.187524 0.910015
7.189568 0.910015
7.191611 0.910015
7.193655 0.910015
7.195699 0.910015
7.197743 0.910015
7.199786 0.910015
7.201830 0.910015
7.203874 0.910015
7.205918 0.910015
7.207961 0.910015
7.210005 0.910015
7.212049 0.910015
7.214093 0.910015
7.216136 0.910015
7.218180 0.910015
7.220224 0.910015
7.222268 0.910015
7.224311 0.910015
7.226355 0.910015
7.228399 0.910015
7.230442 0.910015
7.232486 0.910015
7.234530 0.910015
7.236574 0.910015
7.238617 0.910015
7.240661 0.910015
7.242705 0.910015
7.244749 0.910015
7.246792 0.910015
7.248836 0.910015
7.250880 0.910015
7.252924 0.910015
7.254967 0.910015
7.257011 0.910015
7.259055 0.910015
7.261099 0.910015
7.263142 0.911466
7.265186 0.911466
7.267230 0.911466
7.269273 0.911466
7.271317 0.911466
7.273361 0.912917
7.275405 0.912917
7.277448 0.912917
7.279492 0.912917
7.281536 0.912917
7.283580 0.912917
7.285623 0.912917
7.287667 0.912917
7.289711 0.912917
7.291755 0.912917
7.293798 0.914369
7.295842 0.914369
7.297886 0.914369
7.299930 0.915820
7.301973 0.915820
7.304017 0.915820
7.306061 0.915820
7.308104 0.915820
7.310148 0.915820
7.312192 0.915820
7.314236 0.915820
7.316279 0.915820
7.318323 0.915820
7.320367 0.915820
7.322411 0.915820
7.324454 0.915820
7.326498 0.915820
7.328542 0.915820
7.330586 0.917271
7.332629 0.917271
7.334673 0.917271
7.336717 0.917271
7.338761 0.917271
7.340804 0.917271
7.342848 0.917271
7.344892 0.917271
7.346935 0.917271
7.348979 0.917271
7.351023 0.917271
7.353067 0.917271
7.355110 0.917271
7.357154 0.917271
7.359198 0.917271
7.361242 0.917271
7.363285 0.917271
7.365329 0.917271
7.367373 0.917271
7.369417 0.917271
7.371460 0.917271
7.373504 0.918723
7.375548 0.918723
7.377591 0.918723
7.379635 0.918723
7.381679 0.918723
7.383723 0.918723
7.385766 0.918723
7.387810 0.918723
7.389854 0.918723
7.391898 0.918723
7.393941 0.918723
7.395985 0.918723
7.398029 0.918723
7.400073 0.918723
7.402116 0.918723
7.404160 0.918723
7.406204 0.918723
7.408248 0.918723
7.410291 0.918723
7.412335 0.918723
7.414379 0.918723
7.416422 0.918723
7.418466 0.918723
7.420510 0.918723
7.422554 0.918723
7.424597 0.918723
7.426641 0.920174
7.428685 0.920174
7.430729 0.920174
7.432772 0.920174
7.434816 0.920174
7.436860 0.920174
7.438904 0.920174
7.440947 0.920174
7.442991 0.920174
7.445035 0.920174
7.447079 0.920174
7.449122 0.920174
7.451166 0.920174
7.453210 0.920174
7.455253 0.921626
7.457297 0.921626
7.459341 0.921626
7.461385 0.921626
7.463428 0.921626
7.465472 0.921626
7.467516 0.921626
7.469560 0.921626
7.471603 0.921626
7.473647 0.921626
7.475691 0.921626
7.477735 0.921626
7.479778 0.921626
7.481822 0.921626
7.483866 0.921626
7.485910 0.921626
7.487953 0.921626
7.489997 0.921626
7.492041 0.921626
7.494084 0.921626
7.496128 0.923077
7.498172 0.923077
7.500216 0.923077
7.502259 0.923077
7.504303 0.923077
7.506347 0.923077
7.508391 0.923077
7.510434 0.923077
7.512478 0.923077
7.514522 0.923077
7.516566 0.923077
7.518609 0.923077
7.520653 0.923077
7.522697 0.923077
7.524741 0.923077
7.526784 0.923077
7.528828 0.923077
7.530872 0.923077
7.532915 0.923077
7.534959 0.923077
7.537003 0.923077
7.539047 0.923077
7.541090 0.923077
7.543134 0.923077
7.545178 0.923077
7.547222 0.923077
7.549265 0.923077
7.551309 0.923077
7.553353 0.923077
7.555397 0.923077
7.557440 0.923077
7.559484 0.923077
7.561528 0.923077
7.563572 0.923077
7.565615 0.923077
7.567659 0.923077
7.569703 0.923077
7.571746 0.923077
7.573790 0.923077
7.575834 0.923077
7.577878 0.923077
7.579921 0.923077
7.581965 0.923077
7.584009 0.923077
7.586053 0.923077
7.588096 0.923077
7.590140 0.923077
7.592184 0.923077
7.594228 0.923077
7.596271 0.923077
7.598315 0.923077
7.600359 0.923077
7.602403 0.924528
7.604446 0.924528
7.606490 0.924528
7.608534 0.924528
7.610577 0.924528
7.612621 0.924528
7.614665 0.924528
7.616709 0.924528
7.618752 0.924528
7.620796 0.924528
7.622840 0.924528
7.624884 0.924528
7.626927 0.924528
7.628971 0.924528
7.631015 0.924528
7.633059 0.924528
7.635102 0.924528
7.637146 0.924528
7.639190 0.924528
7.641233 0.924528
7.643277 0.924528
7.645321 0.924528
7.647365 0.924528
7.649408 0.924528
7.651452 0.924528
7.653496 0.924528
7.655540 0.924528
7.657583 0.924528
7.659627 0.924528
7.661671 0.924528
7.663715 0.925980
7.665758 0.925980
7.667802 0.925980
7.669846 0.925980
7.671890 0.925980
7.673933 0.925980
7.675977 0.925980
7.678021 0.925980
7.680064 0.925980
7.682108 0.925980
7.684152 0.925980
7.686196 0.927431
7.688239 0.927431
7.690283 0.927431
7.692327 0.927431
7.694371 0.927431
7.696414 0.927431
7.698458 0.927431
7.700502 0.927431
7.702546 0.927431
7.704589 0.927431
7.706633 0.927431
7.708677 0.927431
7.710721 0.927431
7.712764 0.927431
7.714808 0.927431
7.716852 0.927431
7.718895 0.927431
7.720939 0.927431
7.722983 0.927431
7.725027 0.927431
7.727070 0.927431
7.729114 0.927431
7.731158 0.927431
7.733202 0.927431
7.735245 0.927431
7.737289 0.927431
7.739333 0.927431
7.741377 0.927431
7.743420 0.927431
7.745464 0.927431
7.747508 0.927431
7.749552 0.927431
7.751595 0.927431
7.753639 0.927431
7.755683 0.927431
7.757726 0.927431
7.759770 0.927431
7.761814 0.927431
7.763858 0.927431
7.765901 0.927431
7.767945 0.928882
7.769989 0.928882
7.772033 0.928882
7.774076 0.928882
7.776120 0.928882
7.778164 0.928882
7.780208 0.928882
7.782251 0.928882
7.784295 0.928882
7.786339 0.928882
7.788383 0.928882
7.790426 0.928882
7.792470 0.930334
7.794514 0.930334
7.796557 0.930334
7.798601 0.930334
7.800645 0.930334
7.802689 0.930334
7.804732 0.930334
7.806776 0.930334
7.808820 0.930334
7.810864 0.930334
7.812907 0.930334
7.814951 0.930334
7.816995 0.930334
7.819039 0.930334
7.821082 0.930334
7.823126 0.930334
7.825170 0.931785
7.827214 0.931785
7.829257 0.931785
7.831301 0.931785
7.833345 0.931785
7.835388 0.931785
7.837432 0.931785
7.839476 0.931785
7.841520 0.931785
7.843563 0.931785
7.845607 0.931785
7.847651 0.931785
7.849695 0.931785
7.851738 0.931785
7.853782 0.931785
7.855826 0.931785
7.857870 0.931785
7.859913 0.931785
7.861957 0.931785
7.864001 0.931785
7.866045 0.931785
7.868088 0.931785
7.870132 0.931785
7.872176 0.931785
7.874219 0.931785
7.876263 0.931785
7.878307 0.931785
7.880351 0.931785
7.882394 0.931785
7.884438 0.931785
7.886482 0.931785
7.888526 0.931785
7.890569 0.931785
7.892613 0.931785
7.894657 0.931785
7.896701 0.931785
7.898744 0.931785
7.900788 0.931785
7.902832 0.931785
7.904875 0.931785
7.906919 0.931785
7.908963 0.931785
7.911007 0.931785
7.913050 0.933237
7.915094 0.933237
7.917138 0.933237
7.919182 0.933237
7.921225 0.933237
7.923269 0.933237
7.925313 0.933237
7.927357 0.933237
7.929400 0.933237
7.931444 0.933237
7.933488 0.933237
7.935532 0.933237
7.937575 0.933237
7.939619 0.933237
7.941663 0.933237
7.943706 0.933237
7.945750 0.933237
7.947794 0.933237
7.949838 0.933237
7.951881 0.933237
7.953925 0.933237
7.955969 0.933237
7.958013 0.933237
7.960056 0.933237
7.962100 0.933237
7.964144 0.933237
7.966188 0.933237
7.968231 0.933237
7.970275 0.933237
7.972319 0.933237
7.974363 0.933237
7.976406 0.933237
7.978450 0.933237
7.980494 0.933237
7.982537 0.934688
7.984581 0.934688
7.986625 0.934688
7.988669 0.934688
7.990712 0.934688
7.992756 0.934688
7.994800 0.934688
7.996844 0.934688
7.998887 0.934688
