1.639487 0.001451
1.641611 0.001451
1.643735 0.001451
1.645859 0.001451
1.647983 0.001451
1.650107 0.001451
1.652231 0.001451
1.654355 0.001451
1.656479 0.001451
1.658603 0.001451
1.660727 0.001451
1.662851 0.001451
1.664975 0.001451
1.667099 0.001451
1.669223 0.001451
1.671347 0.001451
1.673471 0.001451
1.675595 0.001451
1.677719 0.001451
1.679843 0.001451
1.681967 0.001451
1.684091 0.001451
1.686215 0.001451
1.688339 0.001451
1.690463 0.001451
1.692588 0.001451
1.694712 0.001451
1.696836 0.001451
1.698960 0.001451
1.701084 0.001451
1.703208 0.001451
1.705332 0.001451
1.707456 0.001451
1.709580 0.001451
1.711704 0.001451
1.713828 0.001451
1.715952 0.001451
1.718076 0.001451
1.720200 0.001451
1.722324 0.001451
1.724448 0.001451
1.726572 0.001451
1.728696 0.001451
1.730820 0.001451
1.732944 0.001451
1.735068 0.001451
1.737192 0.001451
1.739316 0.002903
1.741440 0.002903
1.743564 0.002903
1.745688 0.002903
1.747812 0.002903
1.749936 0.002903
1.752060 0.002903
1.754184 0.002903
1.756308 0.002903
1.758433 0.002903
1.760557 0.002903
1.762681 0.002903
1.764805 0.002903
1.766929 0.002903
1.769053 0.002903
1.771177 0.002903
1.773301 0.002903
1.775425 0.002903
1.777549 0.002903
1.779673 0.002903
1.781797 0.002903
1.783921 0.002903
1.786045 0.002903
1.788169 0.002903
1.790293 0.002903
1.792417 0.002903
1.794541 0.002903
1.796665 0.002903
1.798789 0.002903
1.800913 0.004354
1.803037 0.004354
1.805161 0.005806
1.807285 0.005806
1.809409 0.005806
1.811533 0.005806
1.813657 0.005806
1.815781 0.005806
1.817905 0.005806
1.820029 0.005806
1.822153 0.005806
1.824277 0.005806
1.826402 0.005806
1.828526 0.005806
1.830650 0.005806
1.832774 0.005806
1.834898 0.005806
1.837022 0.005806
1.839146 0.007257
1.841270 0.007257
1.843394 0.007257
1.845518 0.008708
1.847642 0.008708
1.849766 0.008708
1.851890 0.008708
1.854014 0.008708
1.856138 0.008708
1.858262 0.008708
1.860386 0.008708
1.862510 0.010160
1.864634 0.010160
1.866758 0.010160
1.868882 0.010160
1.871006 0.011611
1.873130 0.011611
1.875254 0.011611
1.877378 0.011611
1.879502 0.011611
1.881626 0.011611
1.883750 0.013062
1.885874 0.013062
1.887998 0.013062
1.890122 0.013062
1.892247 0.013062
1.894371 0.013062
1.896495 0.013062
1.898619 0.013062
1.900743 0.013062
1.902867 0.013062
1.904991 0.014514
1.907115 0.014514
1.909239 0.014514
1.911363 0.014514
1.913487 0.014514
1.915611 0.014514
1.917735 0.014514
1.919859 0.014514
1.921983 0.014514
1.924107 0.014514
1.926231 0.014514
1.928355 0.014514
1.930479 0.014514
1.932603 0.014514
1.934727 0.014514
1.936851 0.014514
1.938975 0.014514
1.941099 0.015965
1.943223 0.015965
1.945347 0.015965
1.947471 0.017417
1.949595 0.017417
1.951719 0.017417
1.953843 0.017417
1.955967 0.017417
1.958092 0.017417
1.960216 0.017417
1.962340 0.017417
1.964464 0.017417
1.966588 0.018868
1.968712 0.018868
1.970836 0.018868
1.972960 0.018868
1.975084 0.018868
1.977208 0.018868
1.979332 0.018868
1.981456 0.018868
1.983580 0.018868
1.985704 0.018868
1.987828 0.020319
1.989952 0.021771
1.992076 0.021771
1.994200 0.021771
1.996324 0.023222
1.998448 0.023222
2.000572 0.023222
2.002696 0.023222
2.004820 0.023222
2.006944 0.023222
2.009068 0.023222
2.011192 0.023222
2.013316 0.023222
2.015440 0.023222
2.017564 0.023222
2.019688 0.023222
2.021812 0.023222
2.023936 0.023222
2.026061 0.023222
2.028185 0.023222
2.030309 0.023222
2.032433 0.023222
2.034557 0.023222
2.036681 0.023222
2.038805 0.023222
2.040929 0.023222
2.043053 0.023222
2.045177 0.024673
2.047301 0.024673
2.049425 0.024673
2.051549 0.024673
2.053673 0.024673
2.055797 0.024673
2.057921 0.024673
2.060045 0.024673
2.062169 0.024673
2.064293 0.024673
2.066417 0.024673
2.068541 0.024673
2.070665 0.024673
2.072789 0.024673
2.074913 0.026125
2.077037 0.026125
2.079161 0.026125
2.081285 0.026125
2.083409 0.027576
2.085533 0.029028
2.087657 0.029028
2.089781 0.029028
2.091906 0.029028
2.094030 0.029028
2.096154 0.029028
2.098278 0.030479
2.100402 0.030479
2.102526 0.030479
2.104650 0.030479
2.106774 0.030479
2.108898 0.030479
2.111022 0.030479
2.113146 0.030479
2.115270 0.030479
2.117394 0.030479
2.119518 0.031930
2.121642 0.031930
2.123766 0.031930
2.125890 0.033382
2.128014 0.033382
2.130138 0.033382
2.132262 0.033382
2.134386 0.036284
2.136510 0.036284
2.138634 0.036284
2.140758 0.037736
2.142882 0.037736
2.145006 0.037736
2.147130 0.037736
2.149254 0.037736
2.151378 0.037736
2.153502 0.040639
2.155626 0.040639
2.157750 0.040639
2.159875 0.042090
2.161999 0.042090
2.164123 0.042090
2.166247 0.042090
2.168371 0.042090
2.170495 0.043541
2.172619 0.043541
2.174743 0.044993
2.176867 0.044993
2.178991 0.044993
2.181115 0.044993
2.183239 0.044993
2.185363 0.044993
2.187487 0.046444
2.189611 0.046444
2.191735 0.046444
2.193859 0.046444
2.195983 0.047896
2.198107 0.050798
2.200231 0.052250
2.202355 0.052250
2.204479 0.052250
2.206603 0.052250
2.208727 0.052250
2.210851 0.052250
2.212975 0.052250
2.215099 0.052250
2.217223 0.052250
2.219347 0.052250
2.221471 0.052250
2.223595 0.052250
2.225720 0.053701
2.227844 0.053701
2.229968 0.053701
2.232092 0.053701
2.234216 0.053701
2.236340 0.053701
2.238464 0.053701
2.240588 0.053701
2.242712 0.053701
2.244836 0.053701
2.246960 0.053701
2.249084 0.053701
2.251208 0.053701
2.253332 0.053701
2.255456 0.055152
2.257580 0.056604
2.259704 0.056604
2.261828 0.056604
2.263952 0.056604
2.266076 0.056604
2.268200 0.056604
2.270324 0.056604
2.272448 0.056604
2.274572 0.056604
2.276696 0.056604
2.278820 0.056604
2.280944 0.056604
2.283068 0.056604
2.285192 0.056604
2.287316 0.058055
2.289440 0.058055
2.291564 0.058055
2.293689 0.059507
2.295813 0.059507
2.297937 0.059507
2.300061 0.059507
2.302185 0.060958
2.304309 0.060958
2.306433 0.060958
2.308557 0.062409
2.310681 0.062409
2.312805 0.063861
2.314929 0.063861
2.317053 0.063861
2.319177 0.063861
2.321301 0.063861
2.323425 0.063861
2.325549 0.063861
2.327673 0.063861
2.329797 0.063861
2.331921 0.065312
2.334045 0.065312
2.336169 0.066763
2.338293 0.066763
2.340417 0.066763
2.342541 0.066763
2.344665 0.066763
2.346789 0.066763
2.348913 0.066763
2.351037 0.068215
2.353161 0.069666
2.355285 0.069666
2.357409 0.069666
2.359534 0.071118
2.361658 0.071118
2.363782 0.071118
2.365906 0.071118
2.368030 0.071118
2.370154 0.071118
2.372278 0.071118
2.374402 0.071118
2.376526 0.072569
2.378650 0.072569
2.380774 0.072569
2.382898 0.072569
2.385022 0.072569
2.387146 0.072569
2.389270 0.072569
2.391394 0.074020
2.393518 0.074020
2.395642 0.075472
2.397766 0.075472
2.399890 0.075472
2.402014 0.076923
2.404138 0.076923
2.406262 0.076923
2.408386 0.078374
2.410510 0.078374
2.412634 0.079826
2.414758 0.079826
2.416882 0.079826
2.419006 0.079826
2.421130 0.079826
2.423254 0.079826
2.425379 0.079826
2.427503 0.079826
2.429627 0.079826
2.431751 0.079826
2.433875 0.079826
2.435999 0.079826
2.438123 0.079826
2.440247 0.079826
2.442371 0.079826
2.444495 0.079826
2.446619 0.079826
2.448743 0.079826
2.450867 0.079826
2.452991 0.079826
2.455115 0.079826
2.457239 0.081277
2.459363 0.081277
2.461487 0.081277
2.463611 0.081277
2.465735 0.081277
2.467859 0.081277
2.469983 0.084180
2.472107 0.084180
2.474231 0.084180
2.476355 0.084180
2.478479 0.084180
2.480603 0.085631
2.482727 0.085631
2.484851 0.088534
2.486975 0.088534
2.489099 0.089985
2.491223 0.089985
2.493348 0.091437
2.495472 0.091437
2.497596 0.091437
2.499720 0.094340
2.501844 0.094340
2.503968 0.095791
2.506092 0.095791
2.508216 0.095791
2.510340 0.095791
2.512464 0.095791
2.514588 0.095791
2.516712 0.095791
2.518836 0.095791
2.520960 0.095791
2.523084 0.097242
2.525208 0.097242
2.527332 0.098694
2.529456 0.098694
2.531580 0.098694
2.533704 0.100145
2.535828 0.100145
2.537952 0.100145
2.540076 0.100145
2.542200 0.100145
2.544324 0.100145
2.546448 0.100145
2.548572 0.101597
2.550696 0.103048
2.552820 0.103048
2.554944 0.104499
2.557068 0.104499
2.559193 0.104499
2.561317 0.104499
2.563441 0.104499
2.565565 0.104499
2.567689 0.104499
2.569813 0.105951
2.571937 0.105951
2.574061 0.105951
2.576185 0.107402
2.578309 0.108853
2.580433 0.108853
2.582557 0.110305
2.584681 0.110305
2.586805 0.110305
2.588929 0.110305
2.591053 0.110305
2.593177 0.110305
2.595301 0.110305
2.597425 0.110305
2.599549 0.111756
2.601673 0.113208
2.603797 0.114659
2.605921 0.117562
2.608045 0.119013
2.610169 0.120464
2.612293 0.120464
2.614417 0.120464
2.616541 0.120464
2.618665 0.120464
2.620789 0.120464
2.622913 0.120464
2.625037 0.120464
2.627162 0.120464
2.629286 0.120464
2.631410 0.121916
2.633534 0.121916
2.635658 0.123367
2.637782 0.124819
2.639906 0.124819
2.642030 0.126270
2.644154 0.126270
2.646278 0.126270
2.648402 0.127721
2.650526 0.127721
2.652650 0.129173
2.654774 0.132075
2.656898 0.132075
2.659022 0.132075
2.661146 0.132075
2.663270 0.132075
2.665394 0.132075
2.667518 0.133527
2.669642 0.133527
2.671766 0.134978
2.673890 0.134978
2.676014 0.134978
2.678138 0.134978
2.680262 0.137881
2.682386 0.139332
2.684510 0.139332
2.686634 0.139332
2.688758 0.139332
2.690882 0.139332
2.693007 0.139332
2.695131 0.142235
2.697255 0.142235
2.699379 0.143687
2.701503 0.145138
2.703627 0.145138
2.705751 0.145138
2.707875 0.146589
2.709999 0.146589
2.712123 0.146589
2.714247 0.146589
2.716371 0.148041
2.718495 0.148041
2.720619 0.150943
2.722743 0.150943
2.724867 0.150943
2.726991 0.150943
2.729115 0.150943
2.731239 0.153846
2.733363 0.155298
2.735487 0.158200
2.737611 0.159652
2.739735 0.159652
2.741859 0.162554
2.743983 0.164006
2.746107 0.164006
2.748231 0.164006
2.750355 0.164006
2.752479 0.164006
2.754603 0.164006
2.756727 0.166909
2.758851 0.166909
2.760976 0.166909
2.763100 0.166909
2.765224 0.166909
2.767348 0.166909
2.769472 0.166909
2.771596 0.166909
2.773720 0.168360
2.775844 0.168360
2.777968 0.169811
2.780092 0.169811
2.782216 0.171263
2.784340 0.171263
2.786464 0.171263
2.788588 0.171263
2.790712 0.171263
2.792836 0.172714
2.794960 0.174165
2.797084 0.177068
2.799208 0.179971
2.801332 0.179971
2.803456 0.179971
2.805580 0.181422
2.807704 0.182874
2.809828 0.184325
2.811952 0.187228
2.814076 0.187228
2.816200 0.187228
2.818324 0.187228
2.820448 0.187228
2.822572 0.188679
2.824696 0.191582
2.826821 0.193033
2.828945 0.194485
2.831069 0.195936
2.833193 0.195936
2.835317 0.197388
2.837441 0.197388
2.839565 0.197388
2.841689 0.197388
2.843813 0.198839
2.845937 0.200290
2.848061 0.204644
2.850185 0.204644
2.852309 0.206096
2.854433 0.206096
2.856557 0.207547
2.858681 0.207547
2.860805 0.207547
2.862929 0.208999
2.865053 0.208999
2.867177 0.210450
2.869301 0.211901
2.871425 0.211901
2.873549 0.211901
2.875673 0.211901
2.877797 0.213353
2.879921 0.214804
2.882045 0.214804
2.884169 0.217707
2.886293 0.220610
2.888417 0.220610
2.890541 0.222061
2.892666 0.222061
2.894790 0.223512
2.896914 0.223512
2.899038 0.223512
2.901162 0.226415
2.903286 0.227866
2.905410 0.227866
2.907534 0.227866
2.909658 0.229318
2.911782 0.229318
2.913906 0.229318
2.916030 0.230769
2.918154 0.232221
2.920278 0.232221
2.922402 0.235123
2.924526 0.238026
2.926650 0.239478
2.928774 0.239478
2.930898 0.240929
2.933022 0.240929
2.935146 0.240929
2.937270 0.242380
2.939394 0.243832
2.941518 0.243832
2.943642 0.245283
2.945766 0.246734
2.947890 0.249637
2.950014 0.251089
2.952138 0.251089
2.954262 0.251089
2.956386 0.252540
2.958510 0.252540
2.960635 0.253991
2.962759 0.253991
2.964883 0.255443
2.967007 0.255443
2.969131 0.255443
2.971255 0.255443
2.973379 0.255443
2.975503 0.256894
2.977627 0.256894
2.979751 0.256894
2.981875 0.256894
2.983999 0.256894
2.986123 0.256894
2.988247 0.256894
2.990371 0.256894
2.992495 0.256894
2.994619 0.256894
2.996743 0.256894
2.998867 0.256894
3.000991 0.259797
3.003115 0.261248
3.005239 0.262700
3.007363 0.262700
3.009487 0.262700
3.011611 0.262700
3.013735 0.262700
3.015859 0.267054
3.017983 0.267054
3.020107 0.269956
3.022231 0.271408
3.024355 0.271408
3.026480 0.271408
3.028604 0.272859
3.030728 0.272859
3.032852 0.272859
3.034976 0.272859
3.037100 0.272859
3.039224 0.272859
3.041348 0.272859
3.043472 0.274311
3.045596 0.274311
3.047720 0.275762
3.049844 0.275762
3.051968 0.275762
3.054092 0.275762
3.056216 0.275762
3.058340 0.275762
3.060464 0.275762
3.062588 0.275762
3.064712 0.275762
3.066836 0.275762
3.068960 0.275762
3.071084 0.275762
3.073208 0.275762
3.075332 0.278665
3.077456 0.278665
3.079580 0.280116
3.081704 0.280116
3.083828 0.280116
3.085952 0.281567
3.088076 0.281567
3.090200 0.283019
3.092324 0.283019
3.094449 0.283019
3.096573 0.284470
3.098697 0.285922
3.100821 0.291727
3.102945 0.291727
3.105069 0.291727
3.107193 0.291727
3.109317 0.293179
3.111441 0.293179
3.113565 0.293179
3.115689 0.293179
3.117813 0.294630
3.119937 0.294630
3.122061 0.296081
3.124185 0.296081
3.126309 0.296081
3.128433 0.300435
3.130557 0.301887
3.132681 0.303338
3.134805 0.304790
3.136929 0.304790
3.139053 0.307692
3.141177 0.307692
3.143301 0.309144
3.145425 0.310595
3.147549 0.310595
3.149673 0.312046
3.151797 0.312046
3.153921 0.313498
3.156045 0.313498
3.158169 0.313498
3.160294 0.313498
3.162418 0.313498
3.164542 0.314949
3.166666 0.314949
3.168790 0.316401
3.170914 0.316401
3.173038 0.316401
3.175162 0.316401
3.177286 0.317852
3.179410 0.317852
3.181534 0.317852
3.183658 0.319303
3.185782 0.319303
3.187906 0.320755
3.190030 0.320755
3.192154 0.320755
3.194278 0.320755
3.196402 0.320755
3.198526 0.320755
3.200650 0.320755
3.202774 0.320755
3.204898 0.320755
3.207022 0.322206
3.209146 0.323657
3.211270 0.325109
3.213394 0.325109
3.215518 0.325109
3.217642 0.325109
3.219766 0.326560
3.221890 0.326560
3.224014 0.328012
3.226138 0.330914
3.228263 0.330914
3.230387 0.332366
3.232511 0.332366
3.234635 0.332366
3.236759 0.332366
3.238883 0.332366
3.241007 0.332366
3.243131 0.332366
3.245255 0.332366
3.247379 0.333817
3.249503 0.333817
3.251627 0.336720
3.253751 0.336720
3.255875 0.339623
3.257999 0.341074
3.260123 0.341074
3.262247 0.341074
3.264371 0.341074
3.266495 0.341074
3.268619 0.341074
3.270743 0.343977
3.272867 0.345428
3.274991 0.345428
3.277115 0.346880
3.279239 0.346880
3.281363 0.346880
3.283487 0.348331
3.285611 0.351234
3.287735 0.351234
3.289859 0.352685
3.291983 0.352685
3.294108 0.354136
3.296232 0.354136
3.298356 0.354136
3.300480 0.355588
3.302604 0.355588
3.304728 0.355588
3.306852 0.355588
3.308976 0.357039
3.311100 0.358491
3.313224 0.358491
3.315348 0.358491
3.317472 0.358491
3.319596 0.358491
3.321720 0.358491
3.323844 0.358491
3.325968 0.359942
3.328092 0.359942
3.330216 0.359942
3.332340 0.359942
3.334464 0.361393
3.336588 0.361393
3.338712 0.361393
3.340836 0.362845
3.342960 0.364296
3.345084 0.364296
3.347208 0.364296
3.349332 0.364296
3.351456 0.364296
3.353580 0.364296
3.355704 0.365747
3.357828 0.365747
3.359953 0.365747
3.362077 0.365747
3.364201 0.365747
3.366325 0.367199
3.368449 0.367199
3.370573 0.367199
3.372697 0.367199
3.374821 0.368650
3.376945 0.368650
3.379069 0.370102
3.381193 0.370102
3.383317 0.374456
3.385441 0.374456
3.387565 0.374456
3.389689 0.374456
3.391813 0.374456
3.393937 0.374456
3.396061 0.375907
3.398185 0.375907
3.400309 0.375907
3.402433 0.377358
3.404557 0.378810
3.406681 0.378810
3.408805 0.378810
3.410929 0.378810
3.413053 0.378810
3.415177 0.378810
3.417301 0.380261
3.419425 0.380261
3.421549 0.380261
3.423673 0.381713
3.425797 0.381713
3.427922 0.381713
3.430046 0.383164
3.432170 0.383164
3.434294 0.386067
3.436418 0.388970
3.438542 0.388970
3.440666 0.390421
3.442790 0.391872
3.444914 0.391872
3.447038 0.391872
3.449162 0.391872
3.451286 0.391872
3.453410 0.393324
3.455534 0.393324
3.457658 0.393324
3.459782 0.394775
3.461906 0.396226
3.464030 0.397678
3.466154 0.399129
3.468278 0.400581
3.470402 0.400581
3.472526 0.402032
3.474650 0.402032
3.476774 0.402032
3.478898 0.404935
3.481022 0.404935
3.483146 0.404935
3.485270 0.404935
3.487394 0.406386
3.489518 0.407837
3.491642 0.407837
3.493767 0.407837
3.495891 0.407837
3.498015 0.407837
3.500139 0.409289
3.502263 0.410740
3.504387 0.410740
3.506511 0.412192
3.508635 0.412192
3.510759 0.416546
3.512883 0.416546
3.515007 0.417997
3.517131 0.417997
3.519255 0.419448
3.521379 0.420900
3.523503 0.420900
3.525627 0.420900
3.527751 0.420900
3.529875 0.422351
3.531999 0.422351
3.534123 0.422351
3.536247 0.422351
3.538371 0.423803
3.540495 0.423803
3.542619 0.423803
3.544743 0.423803
3.546867 0.423803
3.548991 0.423803
3.551115 0.423803
3.553239 0.423803
3.555363 0.423803
3.557487 0.423803
3.559611 0.426705
3.561736 0.428157
3.563860 0.428157
3.565984 0.428157
3.568108 0.431060
3.570232 0.431060
3.572356 0.432511
3.574480 0.432511
3.576604 0.433962
3.578728 0.433962
3.580852 0.433962
3.582976 0.433962
3.585100 0.433962
3.587224 0.436865
3.589348 0.436865
3.591472 0.436865
3.593596 0.436865
3.595720 0.438316
3.597844 0.438316
3.599968 0.438316
3.602092 0.438316
3.604216 0.438316
3.606340 0.441219
3.608464 0.441219
3.610588 0.441219
3.612712 0.442671
3.614836 0.442671
3.616960 0.442671
3.619084 0.445573
3.621208 0.448476
3.623332 0.449927
3.625456 0.451379
3.627581 0.452830
3.629705 0.454282
3.631829 0.455733
3.633953 0.457184
3.636077 0.458636
3.638201 0.460087
3.640325 0.460087
3.642449 0.461538
3.644573 0.461538
3.646697 0.461538
3.648821 0.461538
3.650945 0.462990
3.653069 0.462990
3.655193 0.462990
3.657317 0.465893
3.659441 0.467344
3.661565 0.468795
3.663689 0.468795
3.665813 0.468795
3.667937 0.468795
3.670061 0.468795
3.672185 0.468795
3.674309 0.468795
3.676433 0.468795
3.678557 0.468795
3.680681 0.468795
3.682805 0.470247
3.684929 0.470247
3.687053 0.470247
3.689177 0.470247
3.691301 0.471698
3.693425 0.471698
3.695550 0.473149
3.697674 0.474601
3.699798 0.474601
3.701922 0.476052
3.704046 0.476052
3.706170 0.476052
3.708294 0.477504
3.710418 0.477504
3.712542 0.478955
3.714666 0.478955
3.716790 0.478955
3.718914 0.478955
3.721038 0.478955
3.723162 0.478955
3.725286 0.478955
3.727410 0.480406
3.729534 0.480406
3.731658 0.484761
3.733782 0.486212
3.735906 0.486212
3.738030 0.486212
3.740154 0.487663
3.742278 0.489115
3.744402 0.489115
3.746526 0.490566
3.748650 0.492017
3.750774 0.492017
3.752898 0.494920
3.755022 0.496372
3.757146 0.499274
3.759270 0.500726
3.761395 0.502177
3.763519 0.502177
3.765643 0.502177
3.767767 0.502177
3.769891 0.502177
3.772015 0.503628
3.774139 0.503628
3.776263 0.505080
3.778387 0.505080
3.780511 0.506531
3.782635 0.507983
3.784759 0.507983
3.786883 0.509434
3.789007 0.509434
3.791131 0.509434
3.793255 0.512337
3.795379 0.512337
3.797503 0.512337
3.799627 0.512337
3.801751 0.513788
3.803875 0.513788
3.805999 0.515239
3.808123 0.515239
3.810247 0.516691
3.812371 0.516691
3.814495 0.518142
3.816619 0.519594
3.818743 0.521045
3.820867 0.522496
3.822991 0.525399
3.825115 0.525399
3.827240 0.525399
3.829364 0.526851
3.831488 0.526851
3.833612 0.526851
3.835736 0.528302
3.837860 0.529753
3.839984 0.529753
3.842108 0.529753
3.844232 0.529753
3.846356 0.529753
3.848480 0.529753
3.850604 0.529753
3.852728 0.531205
3.854852 0.534107
3.856976 0.534107
3.859100 0.534107
3.861224 0.535559
3.863348 0.535559
3.865472 0.535559
3.867596 0.535559
3.869720 0.537010
3.871844 0.538462
3.873968 0.539913
3.876092 0.541364
3.878216 0.541364
3.880340 0.541364
3.882464 0.541364
3.884588 0.541364
3.886712 0.541364
3.888836 0.541364
3.890960 0.541364
3.893084 0.541364
3.895209 0.542816
3.897333 0.544267
3.899457 0.544267
3.901581 0.544267
3.903705 0.544267
3.905829 0.545718
3.907953 0.545718
3.910077 0.545718
3.912201 0.547170
3.914325 0.547170
3.916449 0.548621
3.918573 0.548621
3.920697 0.548621
3.922821 0.548621
3.924945 0.550073
3.927069 0.550073
3.929193 0.550073
3.931317 0.550073
3.933441 0.550073
3.935565 0.550073
3.937689 0.550073
3.939813 0.551524
3.941937 0.551524
3.944061 0.552975
3.946185 0.554427
3.948309 0.554427
3.950433 0.554427
3.952557 0.554427
3.954681 0.554427
3.956805 0.555878
3.958929 0.555878
3.961054 0.555878
3.963178 0.555878
3.965302 0.555878
3.967426 0.557329
3.969550 0.557329
3.971674 0.557329
3.973798 0.558781
3.975922 0.560232
3.978046 0.560232
3.980170 0.560232
3.982294 0.561684
3.984418 0.561684
3.986542 0.561684
3.988666 0.561684
3.990790 0.561684
3.992914 0.561684
3.995038 0.561684
3.997162 0.561684
3.999286 0.561684
4.001410 0.561684
4.003534 0.563135
4.005658 0.563135
4.007782 0.563135
4.009906 0.563135
4.012030 0.563135
4.014154 0.563135
4.016278 0.563135
4.018402 0.563135
4.020526 0.566038
4.022650 0.566038
4.024774 0.566038
4.026898 0.566038
4.029023 0.567489
4.031147 0.567489
4.033271 0.567489
4.035395 0.567489
4.037519 0.567489
4.039643 0.567489
4.041767 0.567489
4.043891 0.568940
4.046015 0.568940
4.048139 0.571843
4.050263 0.571843
4.052387 0.571843
4.054511 0.573295
4.056635 0.574746
4.058759 0.574746
4.060883 0.574746
4.063007 0.576197
4.065131 0.576197
4.067255 0.576197
4.069379 0.580552
4.071503 0.580552
4.073627 0.582003
4.075751 0.582003
4.077875 0.582003
4.079999 0.582003
4.082123 0.582003
4.084247 0.584906
4.086371 0.584906
4.088495 0.584906
4.090619 0.584906
4.092743 0.584906
4.094868 0.586357
4.096992 0.586357
4.099116 0.586357
4.101240 0.586357
4.103364 0.587808
4.105488 0.587808
4.107612 0.587808
4.109736 0.587808
4.111860 0.587808
4.113984 0.587808
4.116108 0.587808
4.118232 0.587808
4.120356 0.589260
4.122480 0.589260
4.124604 0.589260
4.126728 0.590711
4.128852 0.590711
4.130976 0.590711
4.133100 0.590711
4.135224 0.590711
4.137348 0.590711
4.139472 0.592163
4.141596 0.592163
4.143720 0.595065
4.145844 0.595065
4.147968 0.596517
4.150092 0.597968
4.152216 0.597968
4.154340 0.597968
4.156464 0.597968
4.158588 0.597968
4.160712 0.597968
4.162837 0.597968
4.164961 0.597968
4.167085 0.599419
4.169209 0.599419
4.171333 0.599419
4.173457 0.599419
4.175581 0.599419
4.177705 0.599419
4.179829 0.599419
4.181953 0.599419
4.184077 0.599419
4.186201 0.599419
4.188325 0.599419
4.190449 0.599419
4.192573 0.599419
4.194697 0.600871
4.196821 0.600871
4.198945 0.600871
4.201069 0.602322
4.203193 0.603774
4.205317 0.603774
4.207441 0.603774
4.209565 0.603774
4.211689 0.603774
4.213813 0.603774
4.215937 0.603774
4.218061 0.603774
4.220185 0.603774
4.222309 0.605225
4.224433 0.605225
4.226557 0.605225
4.228682 0.605225
4.230806 0.605225
4.232930 0.605225
4.235054 0.605225
4.237178 0.605225
4.239302 0.605225
4.241426 0.605225
4.243550 0.605225
4.245674 0.605225
4.247798 0.605225
4.249922 0.606676
4.252046 0.606676
4.254170 0.606676
4.256294 0.606676
4.258418 0.606676
4.260542 0.606676
4.262666 0.606676
4.264790 0.608128
4.266914 0.608128
4.269038 0.608128
4.271162 0.608128
4.273286 0.609579
4.275410 0.609579
4.277534 0.609579
4.279658 0.609579
4.281782 0.609579
4.283906 0.609579
4.286030 0.609579
4.288154 0.609579
4.290278 0.609579
4.292402 0.609579
4.294527 0.609579
4.296651 0.612482
4.298775 0.612482
4.300899 0.612482
4.303023 0.612482
4.305147 0.612482
4.307271 0.612482
4.309395 0.613933
4.311519 0.615385
4.313643 0.615385
4.315767 0.615385
4.317891 0.615385
4.320015 0.615385
4.322139 0.615385
4.324263 0.615385
4.326387 0.615385
4.328511 0.615385
4.330635 0.615385
4.332759 0.619739
4.334883 0.619739
4.337007 0.619739
4.339131 0.619739
4.341255 0.621190
4.343379 0.621190
4.345503 0.621190
4.347627 0.621190
4.349751 0.621190
4.351875 0.621190
4.353999 0.621190
4.356123 0.621190
4.358247 0.621190
4.360371 0.621190
4.362496 0.621190
4.364620 0.621190
4.366744 0.624093
4.368868 0.624093
4.370992 0.625544
4.373116 0.625544
4.375240 0.626996
4.377364 0.626996
4.379488 0.628447
4.381612 0.629898
4.383736 0.629898
4.385860 0.629898
4.387984 0.631350
4.390108 0.631350
4.392232 0.631350
4.394356 0.631350
4.396480 0.632801
4.398604 0.632801
4.400728 0.632801
4.402852 0.632801
4.404976 0.632801
4.407100 0.632801
4.409224 0.634253
4.411348 0.634253
4.413472 0.634253
4.415596 0.634253
4.417720 0.635704
4.419844 0.635704
4.421968 0.635704
4.424092 0.635704
4.426216 0.637155
4.428341 0.637155
4.430465 0.637155
4.432589 0.637155
4.434713 0.638607
4.436837 0.638607
4.438961 0.638607
4.441085 0.638607
4.443209 0.640058
4.445333 0.640058
4.447457 0.640058
4.449581 0.640058
4.451705 0.640058
4.453829 0.640058
4.455953 0.640058
4.458077 0.641509
4.460201 0.642961
4.462325 0.644412
4.464449 0.644412
4.466573 0.644412
4.468697 0.644412
4.470821 0.644412
4.472945 0.644412
4.475069 0.644412
4.477193 0.644412
4.479317 0.647315
4.481441 0.647315
4.483565 0.647315
4.485689 0.650218
4.487813 0.650218
4.489937 0.651669
4.492061 0.653120
4.494185 0.653120
4.496310 0.654572
4.498434 0.656023
4.500558 0.656023
4.502682 0.657475
4.504806 0.657475
4.506930 0.658926
4.509054 0.658926
4.511178 0.661829
4.513302 0.663280
4.515426 0.663280
4.517550 0.664731
4.519674 0.667634
4.521798 0.667634
4.523922 0.667634
4.526046 0.669086
4.528170 0.670537
4.530294 0.670537
4.532418 0.670537
4.534542 0.670537
4.536666 0.670537
4.538790 0.670537
4.540914 0.670537
4.543038 0.670537
4.545162 0.670537
4.547286 0.670537
4.549410 0.670537
4.551534 0.670537
4.553658 0.670537
4.555782 0.670537
4.557906 0.670537
4.560030 0.670537
4.562155 0.670537
4.564279 0.671988
4.566403 0.671988
4.568527 0.671988
4.570651 0.671988
4.572775 0.673440
4.574899 0.673440
4.577023 0.673440
4.579147 0.673440
4.581271 0.673440
4.583395 0.673440
4.585519 0.673440
4.587643 0.673440
4.589767 0.673440
4.591891 0.673440
4.594015 0.673440
4.596139 0.674891
4.598263 0.674891
4.600387 0.674891
4.602511 0.674891
4.604635 0.674891
4.606759 0.674891
4.608883 0.676343
4.611007 0.679245
4.613131 0.680697
4.615255 0.680697
4.617379 0.680697
4.619503 0.680697
4.621627 0.680697
4.623751 0.680697
4.625875 0.680697
4.628000 0.680697
4.630124 0.680697
4.632248 0.682148
4.634372 0.682148
4.636496 0.682148
4.638620 0.682148
4.640744 0.682148
4.642868 0.683599
4.644992 0.683599
4.647116 0.683599
4.649240 0.683599
4.651364 0.683599
4.653488 0.683599
4.655612 0.683599
4.657736 0.683599
4.659860 0.683599
4.661984 0.683599
4.664108 0.683599
4.666232 0.683599
4.668356 0.683599
4.670480 0.683599
4.672604 0.683599
4.674728 0.683599
4.676852 0.683599
4.678976 0.683599
4.681100 0.683599
4.683224 0.683599
4.685348 0.686502
4.687472 0.686502
4.689596 0.686502
4.691720 0.687954
4.693844 0.689405
4.695969 0.690856
4.698093 0.690856
4.700217 0.690856
4.702341 0.690856
4.704465 0.690856
4.706589 0.690856
4.708713 0.690856
4.710837 0.690856
4.712961 0.692308
4.715085 0.692308
4.717209 0.693759
4.719333 0.693759
4.721457 0.693759
4.723581 0.693759
4.725705 0.693759
4.727829 0.693759
4.729953 0.693759
4.732077 0.693759
4.734201 0.693759
4.736325 0.693759
4.738449 0.693759
4.740573 0.693759
4.742697 0.695210
4.744821 0.695210
4.746945 0.695210
4.749069 0.695210
4.751193 0.696662
4.753317 0.696662
4.755441 0.696662
4.757565 0.696662
4.759689 0.696662
4.761814 0.696662
4.763938 0.696662
4.766062 0.696662
4.768186 0.696662
4.770310 0.696662
4.772434 0.696662
4.774558 0.696662
4.776682 0.696662
4.778806 0.696662
4.780930 0.696662
4.783054 0.696662
4.785178 0.696662
4.787302 0.698113
4.789426 0.698113
4.791550 0.698113
4.793674 0.698113
4.795798 0.698113
4.797922 0.699565
4.800046 0.699565
4.802170 0.699565
4.804294 0.699565
4.806418 0.699565
4.808542 0.699565
4.810666 0.699565
4.812790 0.699565
4.814914 0.699565
4.817038 0.699565
4.819162 0.699565
4.821286 0.699565
4.823410 0.699565
4.825534 0.699565
4.827658 0.699565
4.829783 0.699565
4.831907 0.699565
4.834031 0.699565
4.836155 0.701016
4.838279 0.705370
4.840403 0.705370
4.842527 0.705370
4.844651 0.705370
4.846775 0.705370
4.848899 0.705370
4.851023 0.705370
4.853147 0.705370
4.855271 0.705370
4.857395 0.705370
4.859519 0.705370
4.861643 0.705370
4.863767 0.705370
4.865891 0.706821
4.868015 0.706821
4.870139 0.706821
4.872263 0.706821
4.874387 0.706821
4.876511 0.706821
4.878635 0.706821
4.880759 0.706821
4.882883 0.708273
4.885007 0.708273
4.887131 0.708273
4.889255 0.708273
4.891379 0.708273
4.893503 0.708273
4.895628 0.708273
4.897752 0.708273
4.899876 0.708273
4.902000 0.708273
4.904124 0.709724
4.906248 0.711176
4.908372 0.711176
4.910496 0.712627
4.912620 0.714078
4.914744 0.714078
4.916868 0.715530
4.918992 0.715530
4.921116 0.715530
4.923240 0.718433
4.925364 0.719884
4.927488 0.719884
4.929612 0.719884
4.931736 0.719884
4.933860 0.719884
4.935984 0.719884
4.938108 0.719884
4.940232 0.719884
4.942356 0.719884
4.944480 0.719884
4.946604 0.721335
4.948728 0.721335
4.950852 0.721335
4.952976 0.721335
4.955100 0.721335
4.957224 0.721335
4.959348 0.721335
4.961472 0.721335
4.963597 0.721335
4.965721 0.721335
4.967845 0.721335
4.969969 0.722787
4.972093 0.722787
4.974217 0.722787
4.976341 0.722787
4.978465 0.722787
4.980589 0.724238
4.982713 0.724238
4.984837 0.724238
4.986961 0.724238
4.989085 0.725689
4.991209 0.725689
4.993333 0.727141
4.995457 0.727141
4.997581 0.731495
4.999705 0.731495
5.001829 0.731495
5.003953 0.731495
5.006077 0.731495
5.008201 0.731495
5.010325 0.731495
5.012449 0.731495
5.014573 0.731495
5.016697 0.732946
5.018821 0.732946
5.020945 0.732946
5.023069 0.732946
5.025193 0.734398
5.027317 0.734398
5.029442 0.734398
5.031566 0.734398
5.033690 0.734398
5.035814 0.734398
5.037938 0.734398
5.040062 0.734398
5.042186 0.734398
5.044310 0.734398
5.046434 0.734398
5.048558 0.734398
5.050682 0.734398
5.052806 0.734398
5.054930 0.734398
5.057054 0.734398
5.059178 0.734398
5.061302 0.734398
5.063426 0.735849
5.065550 0.735849
5.067674 0.737300
5.069798 0.737300
5.071922 0.737300
5.074046 0.738752
5.076170 0.740203
5.078294 0.743106
5.080418 0.743106
5.082542 0.743106
5.084666 0.743106
5.086790 0.744557
5.088914 0.744557
5.091038 0.744557
5.093162 0.744557
5.095287 0.744557
5.097411 0.744557
5.099535 0.746009
5.101659 0.746009
5.103783 0.746009
5.105907 0.746009
5.108031 0.746009
5.110155 0.746009
5.112279 0.746009
5.114403 0.747460
5.116527 0.747460
5.118651 0.747460
5.120775 0.747460
5.122899 0.747460
5.125023 0.747460
5.127147 0.747460
5.129271 0.747460
5.131395 0.747460
5.133519 0.748911
5.135643 0.748911
5.137767 0.748911
5.139891 0.748911
5.142015 0.748911
5.144139 0.748911
5.146263 0.748911
5.148387 0.750363
5.150511 0.750363
5.152635 0.750363
5.154759 0.750363
5.156883 0.751814
5.159007 0.751814
5.161131 0.753266
5.163256 0.753266
5.165380 0.754717
5.167504 0.754717
5.169628 0.754717
5.171752 0.754717
5.173876 0.754717
5.176000 0.754717
5.178124 0.754717
5.180248 0.754717
5.182372 0.754717
5.184496 0.754717
5.186620 0.754717
5.188744 0.754717
5.190868 0.754717
5.192992 0.754717
5.195116 0.754717
5.197240 0.754717
5.199364 0.754717
5.201488 0.754717
5.203612 0.754717
5.205736 0.754717
5.207860 0.754717
5.209984 0.754717
5.212108 0.754717
5.214232 0.754717
5.216356 0.754717
5.218480 0.754717
5.220604 0.754717
5.222728 0.754717
5.224852 0.754717
5.226976 0.754717
5.229101 0.754717
5.231225 0.754717
5.233349 0.754717
5.235473 0.754717
5.237597 0.756168
5.239721 0.757620
5.241845 0.757620
5.243969 0.757620
5.246093 0.757620
5.248217 0.757620
5.250341 0.757620
5.252465 0.757620
5.254589 0.757620
5.256713 0.757620
5.258837 0.757620
5.260961 0.757620
5.263085 0.757620
5.265209 0.757620
5.267333 0.757620
5.269457 0.757620
5.271581 0.757620
5.273705 0.757620
5.275829 0.757620
5.277953 0.757620
5.280077 0.757620
5.282201 0.757620
5.284325 0.757620
5.286449 0.757620
5.288573 0.757620
5.290697 0.757620
5.292821 0.757620
5.294945 0.757620
5.297070 0.757620
5.299194 0.757620
5.301318 0.759071
5.303442 0.759071
5.305566 0.759071
5.307690 0.759071
5.309814 0.759071
5.311938 0.759071
5.314062 0.759071
5.316186 0.759071
5.318310 0.759071
5.320434 0.759071
5.322558 0.759071
5.324682 0.759071
5.326806 0.759071
5.328930 0.760522
5.331054 0.760522
5.333178 0.761974
5.335302 0.761974
5.337426 0.761974
5.339550 0.763425
5.341674 0.763425
5.343798 0.763425
5.345922 0.764877
5.348046 0.766328
5.350170 0.767779
5.352294 0.767779
5.354418 0.767779
5.356542 0.769231
5.358666 0.769231
5.360790 0.769231
5.362915 0.770682
5.365039 0.770682
5.367163 0.772134
5.369287 0.772134
5.371411 0.772134
5.373535 0.772134
5.375659 0.775036
5.377783 0.775036
5.379907 0.775036
5.382031 0.775036
5.384155 0.776488
5.386279 0.776488
5.388403 0.776488
5.390527 0.776488
5.392651 0.776488
5.394775 0.777939
5.396899 0.777939
5.399023 0.777939
5.401147 0.777939
5.403271 0.777939
5.405395 0.777939
5.407519 0.777939
5.409643 0.777939
5.411767 0.777939
5.413891 0.777939
5.416015 0.777939
5.418139 0.777939
5.420263 0.777939
5.422387 0.777939
5.424511 0.777939
5.426635 0.777939
5.428759 0.777939
5.430884 0.777939
5.433008 0.780842
5.435132 0.780842
5.437256 0.780842
5.439380 0.780842
5.441504 0.780842
5.443628 0.780842
5.445752 0.780842
5.447876 0.780842
5.450000 0.780842
5.452124 0.780842
5.454248 0.780842
5.456372 0.780842
5.458496 0.780842
5.460620 0.780842
5.462744 0.780842
5.464868 0.780842
5.466992 0.782293
5.469116 0.782293
5.471240 0.785196
5.473364 0.785196
5.475488 0.785196
5.477612 0.785196
5.479736 0.785196
5.481860 0.785196
5.483984 0.785196
5.486108 0.786647
5.488232 0.786647
5.490356 0.786647
5.492480 0.786647
5.494604 0.788099
5.496729 0.788099
5.498853 0.789550
5.500977 0.789550
5.503101 0.791001
5.505225 0.791001
5.507349 0.791001
5.509473 0.791001
5.511597 0.791001
5.513721 0.791001
5.515845 0.791001
5.517969 0.791001
5.520093 0.791001
5.522217 0.791001
5.524341 0.791001
5.526465 0.791001
5.528589 0.791001
5.530713 0.791001
5.532837 0.791001
5.534961 0.791001
5.537085 0.791001
5.539209 0.791001
5.541333 0.791001
5.543457 0.791001
5.545581 0.791001
5.547705 0.791001
5.549829 0.793904
5.551953 0.793904
5.554077 0.793904
5.556201 0.793904
5.558325 0.795356
5.560449 0.795356
5.562574 0.795356
5.564698 0.796807
5.566822 0.796807
5.568946 0.796807
5.571070 0.796807
5.573194 0.796807
5.575318 0.798258
5.577442 0.798258
5.579566 0.798258
5.581690 0.798258
5.583814 0.798258
5.585938 0.799710
5.588062 0.801161
5.590186 0.801161
5.592310 0.802612
5.594434 0.802612
5.596558 0.802612
5.598682 0.802612
5.600806 0.802612
5.602930 0.802612
5.605054 0.802612
5.607178 0.802612
5.609302 0.802612
5.611426 0.804064
5.613550 0.804064
5.615674 0.804064
5.617798 0.804064
5.619922 0.805515
5.622046 0.805515
5.624170 0.805515
5.626294 0.805515
5.628418 0.805515
5.630543 0.805515
5.632667 0.805515
5.634791 0.805515
5.636915 0.805515
5.639039 0.805515
5.641163 0.805515
5.643287 0.805515
5.645411 0.805515
5.647535 0.805515
5.649659 0.805515
5.651783 0.805515
5.653907 0.805515
5.656031 0.805515
5.658155 0.805515
5.660279 0.805515
5.662403 0.805515
5.664527 0.805515
5.666651 0.805515
5.668775 0.805515
5.670899 0.805515
5.673023 0.806967
5.675147 0.806967
5.677271 0.806967
5.679395 0.808418
5.681519 0.808418
5.683643 0.808418
5.685767 0.808418
5.687891 0.808418
5.690015 0.808418
5.692139 0.808418
5.694263 0.808418
5.696388 0.808418
5.698512 0.808418
5.700636 0.808418
5.702760 0.809869
5.704884 0.809869
5.707008 0.811321
5.709132 0.811321
5.711256 0.812772
5.713380 0.812772
5.715504 0.812772
5.717628 0.812772
5.719752 0.812772
5.721876 0.812772
5.724000 0.812772
5.726124 0.812772
5.728248 0.812772
5.730372 0.812772
5.732496 0.812772
5.734620 0.812772
5.736744 0.812772
5.738868 0.815675
5.740992 0.815675
5.743116 0.815675
5.745240 0.815675
5.747364 0.815675
5.749488 0.815675
5.751612 0.815675
5.753736 0.815675
5.755860 0.815675
5.757984 0.815675
5.760108 0.815675
5.762232 0.815675
5.764357 0.818578
5.766481 0.818578
5.768605 0.818578
5.770729 0.818578
5.772853 0.818578
5.774977 0.818578
5.777101 0.818578
5.779225 0.818578
5.781349 0.818578
5.783473 0.818578
5.785597 0.818578
5.787721 0.818578
5.789845 0.820029
5.791969 0.821480
5.794093 0.821480
5.796217 0.821480
5.798341 0.821480
5.800465 0.821480
5.802589 0.821480
5.804713 0.821480
5.806837 0.821480
5.808961 0.821480
5.811085 0.821480
5.813209 0.821480
5.815333 0.821480
5.817457 0.821480
5.819581 0.821480
5.821705 0.821480
5.823829 0.821480
5.825953 0.821480
5.828077 0.821480
5.830202 0.821480
5.832326 0.821480
5.834450 0.821480
5.836574 0.821480
5.838698 0.821480
5.840822 0.822932
5.842946 0.822932
5.845070 0.822932
5.847194 0.822932
5.849318 0.822932
5.851442 0.822932
5.853566 0.822932
5.855690 0.822932
5.857814 0.822932
5.859938 0.822932
5.862062 0.822932
5.864186 0.822932
5.866310 0.822932
5.868434 0.822932
5.870558 0.822932
5.872682 0.822932
5.874806 0.822932
5.876930 0.822932
5.879054 0.822932
5.881178 0.822932
5.883302 0.822932
5.885426 0.824383
5.887550 0.824383
5.889674 0.824383
5.891798 0.824383
5.893922 0.824383
5.896046 0.824383
5.898171 0.824383
5.900295 0.824383
5.902419 0.824383
5.904543 0.824383
5.906667 0.824383
5.908791 0.824383
5.910915 0.825835
5.913039 0.825835
5.915163 0.827286
5.917287 0.828737
5.919411 0.828737
5.921535 0.830189
5.923659 0.830189
5.925783 0.830189
5.927907 0.830189
5.930031 0.830189
5.932155 0.830189
5.934279 0.830189
5.936403 0.830189
5.938527 0.830189
5.940651 0.830189
5.942775 0.830189
5.944899 0.830189
5.947023 0.830189
5.949147 0.830189
5.951271 0.830189
5.953395 0.830189
5.955519 0.830189
5.957643 0.830189
5.959767 0.830189
5.961891 0.830189
5.964016 0.830189
5.966140 0.830189
5.968264 0.830189
5.970388 0.830189
5.972512 0.830189
5.974636 0.831640
5.976760 0.831640
5.978884 0.831640
5.981008 0.831640
5.983132 0.831640
5.985256 0.831640
5.987380 0.831640
5.989504 0.831640
5.991628 0.831640
5.993752 0.833091
5.995876 0.833091
5.998000 0.833091
6.000124 0.833091
6.002248 0.834543
6.004372 0.834543
6.006496 0.834543
6.008620 0.834543
6.010744 0.834543
6.012868 0.834543
6.014992 0.834543
6.017116 0.834543
6.019240 0.834543
6.021364 0.834543
6.023488 0.834543
6.025612 0.834543
6.027736 0.834543
6.029861 0.834543
6.031985 0.834543
6.034109 0.834543
6.036233 0.834543
6.038357 0.834543
6.040481 0.834543
6.042605 0.834543
6.044729 0.834543
6.046853 0.834543
6.048977 0.834543
6.051101 0.835994
6.053225 0.835994
6.055349 0.835994
6.057473 0.835994
6.059597 0.835994
6.061721 0.835994
6.063845 0.835994
6.065969 0.835994
6.068093 0.835994
6.070217 0.835994
6.072341 0.835994
6.074465 0.835994
6.076589 0.835994
6.078713 0.837446
6.080837 0.837446
6.082961 0.837446
6.085085 0.837446
6.087209 0.837446
6.089333 0.837446
6.091457 0.837446
6.093581 0.837446
6.095705 0.838897
6.097830 0.838897
6.099954 0.838897
6.102078 0.838897
6.104202 0.838897
6.106326 0.838897
6.108450 0.838897
6.110574 0.838897
6.112698 0.838897
6.114822 0.840348
6.116946 0.840348
6.119070 0.840348
6.121194 0.841800
6.123318 0.841800
6.125442 0.841800
6.127566 0.841800
6.129690 0.841800
6.131814 0.841800
6.133938 0.841800
6.136062 0.841800
6.138186 0.843251
6.140310 0.843251
6.142434 0.844702
6.144558 0.844702
6.146682 0.844702
6.148806 0.844702
6.150930 0.844702
6.153054 0.844702
6.155178 0.844702
6.157302 0.846154
6.159426 0.846154
6.161550 0.847605
6.163675 0.847605
6.165799 0.847605
6.167923 0.849057
6.170047 0.849057
6.172171 0.850508
6.174295 0.850508
6.176419 0.853411
6.178543 0.853411
6.180667 0.853411
6.182791 0.853411
6.184915 0.853411
6.187039 0.853411
6.189163 0.853411
6.191287 0.853411
6.193411 0.853411
6.195535 0.853411
6.197659 0.853411
6.199783 0.853411
6.201907 0.854862
6.204031 0.854862
6.206155 0.856313
6.208279 0.856313
6.210403 0.856313
6.212527 0.856313
6.214651 0.856313
6.216775 0.856313
6.218899 0.856313
6.221023 0.856313
6.223147 0.856313
6.225271 0.856313
6.227395 0.856313
6.229519 0.856313
6.231644 0.856313
6.233768 0.856313
6.235892 0.857765
6.238016 0.857765
6.240140 0.857765
6.242264 0.860668
6.244388 0.860668
6.246512 0.860668
6.248636 0.862119
6.250760 0.862119
6.252884 0.862119
6.255008 0.862119
6.257132 0.862119
6.259256 0.862119
6.261380 0.862119
6.263504 0.862119
6.265628 0.862119
6.267752 0.862119
6.269876 0.862119
6.272000 0.862119
6.274124 0.862119
6.276248 0.862119
6.278372 0.862119
6.280496 0.862119
6.282620 0.862119
6.284744 0.862119
6.286868 0.862119
6.288992 0.862119
6.291116 0.862119
6.293240 0.862119
6.295364 0.862119
6.297489 0.862119
6.299613 0.862119
6.301737 0.862119
6.303861 0.862119
6.305985 0.863570
6.308109 0.863570
6.310233 0.863570
6.312357 0.863570
6.314481 0.863570
6.316605 0.865022
6.318729 0.865022
6.320853 0.865022
6.322977 0.865022
6.325101 0.865022
6.327225 0.865022
6.329349 0.865022
6.331473 0.865022
6.333597 0.865022
6.335721 0.865022
6.337845 0.865022
6.339969 0.865022
6.342093 0.865022
6.344217 0.866473
6.346341 0.866473
6.348465 0.866473
6.350589 0.866473
6.352713 0.866473
6.354837 0.866473
6.356961 0.867925
6.359085 0.867925
6.361209 0.867925
6.363333 0.867925
6.365458 0.867925
6.367582 0.867925
6.369706 0.867925
6.371830 0.867925
6.373954 0.869376
6.376078 0.869376
6.378202 0.869376
6.380326 0.869376
6.382450 0.869376
6.384574 0.870827
6.386698 0.870827
6.388822 0.870827
6.390946 0.870827
6.393070 0.870827
6.395194 0.870827
6.397318 0.870827
6.399442 0.870827
6.401566 0.870827
6.403690 0.870827
6.405814 0.870827
6.407938 0.870827
6.410062 0.870827
6.412186 0.870827
6.414310 0.870827
6.416434 0.870827
6.418558 0.870827
6.420682 0.870827
6.422806 0.870827
6.424930 0.870827
6.427054 0.870827
6.429178 0.870827
6.431303 0.870827
6.433427 0.872279
6.435551 0.872279
6.437675 0.872279
6.439799 0.872279
6.441923 0.872279
6.444047 0.872279
6.446171 0.872279
6.448295 0.872279
6.450419 0.872279
6.452543 0.872279
6.454667 0.872279
6.456791 0.872279
6.458915 0.872279
6.461039 0.872279
6.463163 0.872279
6.465287 0.872279
6.467411 0.872279
6.469535 0.872279
6.471659 0.872279
6.473783 0.872279
6.475907 0.873730
6.478031 0.873730
6.480155 0.873730
6.482279 0.873730
6.484403 0.873730
6.486527 0.873730
6.488651 0.873730
6.490775 0.873730
6.492899 0.873730
6.495023 0.873730
6.497148 0.873730
6.499272 0.873730
6.501396 0.873730
6.503520 0.873730
6.505644 0.875181
6.507768 0.875181
6.509892 0.875181
6.512016 0.875181
6.514140 0.875181
6.516264 0.875181
6.518388 0.876633
6.520512 0.876633
6.522636 0.876633
6.524760 0.876633
6.526884 0.876633
6.529008 0.876633
6.531132 0.876633
6.533256 0.876633
6.535380 0.876633
6.537504 0.876633
6.539628 0.876633
6.541752 0.876633
6.543876 0.878084
6.546000 0.878084
6.548124 0.878084
6.550248 0.878084
6.552372 0.878084
6.554496 0.878084
6.556620 0.878084
6.558744 0.878084
6.560868 0.878084
6.562992 0.878084
6.565117 0.878084
6.567241 0.879536
6.569365 0.879536
6.571489 0.879536
6.573613 0.879536
6.575737 0.879536
6.577861 0.879536
6.579985 0.879536
6.582109 0.879536
6.584233 0.879536
6.586357 0.879536
6.588481 0.879536
6.590605 0.879536
6.592729 0.879536
6.594853 0.879536
6.596977 0.879536
6.599101 0.879536
6.601225 0.882438
6.603349 0.882438
6.605473 0.882438
6.607597 0.882438
6.609721 0.882438
6.611845 0.882438
6.613969 0.882438
6.616093 0.882438
6.618217 0.882438
6.620341 0.882438
6.622465 0.882438
6.624589 0.882438
6.626713 0.882438
6.628837 0.882438
6.630962 0.882438
6.633086 0.882438
6.635210 0.882438
6.637334 0.882438
6.639458 0.882438
6.641582 0.882438
6.643706 0.882438
6.645830 0.882438
6.647954 0.882438
6.650078 0.882438
6.652202 0.882438
6.654326 0.882438
6.656450 0.882438
6.658574 0.882438
6.660698 0.882438
6.662822 0.882438
6.664946 0.882438
6.667070 0.882438
6.669194 0.883890
6.671318 0.883890
6.673442 0.883890
6.675566 0.883890
6.677690 0.883890
6.679814 0.883890
6.681938 0.883890
6.684062 0.883890
6.686186 0.883890
6.688310 0.883890
6.690434 0.883890
6.692558 0.883890
6.694682 0.883890
6.696806 0.883890
6.698931 0.883890
6.701055 0.883890
6.703179 0.883890
6.705303 0.883890
6.707427 0.883890
6.709551 0.883890
6.711675 0.883890
6.713799 0.883890
6.715923 0.883890
6.718047 0.883890
6.720171 0.883890
6.722295 0.883890
6.724419 0.883890
6.726543 0.883890
6.728667 0.883890
6.730791 0.883890
6.732915 0.883890
6.735039 0.883890
6.737163 0.883890
6.739287 0.883890
6.741411 0.883890
6.743535 0.883890
6.745659 0.883890
6.747783 0.883890
6.749907 0.883890
6.752031 0.883890
6.754155 0.883890
6.756279 0.883890
6.758403 0.883890
6.760527 0.883890
6.762651 0.883890
6.764776 0.883890
6.766900 0.883890
6.769024 0.883890
6.771148 0.883890
6.773272 0.883890
6.775396 0.883890
6.777520 0.883890
6.779644 0.883890
6.781768 0.883890
6.783892 0.883890
6.786016 0.883890
6.788140 0.883890
6.790264 0.883890
6.792388 0.883890
6.794512 0.883890
6.796636 0.883890
6.798760 0.883890
6.800884 0.883890
6.803008 0.883890
6.805132 0.883890
6.807256 0.883890
6.809380 0.883890
6.811504 0.883890
6.813628 0.883890
6.815752 0.883890
6.817876 0.883890
6.820000 0.883890
6.822124 0.885341
6.824248 0.885341
6.826372 0.885341
6.828496 0.885341
6.830620 0.885341
6.832745 0.886792
6.834869 0.886792
6.836993 0.886792
6.839117 0.886792
6.841241 0.886792
6.843365 0.888244
6.845489 0.888244
6.847613 0.888244
6.849737 0.888244
6.851861 0.888244
6.853985 0.888244
6.856109 0.888244
6.858233 0.888244
6.860357 0.888244
6.862481 0.888244
6.864605 0.888244
6.866729 0.888244
6.868853 0.888244
6.870977 0.888244
6.873101 0.888244
6.875225 0.888244
6.877349 0.888244
6.879473 0.888244
6.881597 0.889695
6.883721 0.889695
6.885845 0.889695
6.887969 0.889695
6.890093 0.889695
6.892217 0.889695
6.894341 0.889695
6.896465 0.889695
6.898590 0.889695
6.900714 0.889695
6.902838 0.889695
6.904962 0.889695
6.907086 0.889695
6.909210 0.889695
6.911334 0.891147
6.913458 0.891147
6.915582 0.891147
6.917706 0.891147
6.919830 0.892598
6.921954 0.892598
6.924078 0.892598
6.926202 0.892598
6.928326 0.892598
6.930450 0.892598
6.932574 0.892598
6.934698 0.892598
6.936822 0.892598
6.938946 0.892598
6.941070 0.892598
6.943194 0.892598
6.945318 0.892598
6.947442 0.892598
6.949566 0.892598
6.951690 0.892598
6.953814 0.892598
6.955938 0.892598
6.958062 0.892598
6.960186 0.892598
6.962310 0.892598
6.964435 0.892598
6.966559 0.892598
6.968683 0.892598
6.970807 0.892598
6.972931 0.892598
6.975055 0.892598
6.977179 0.892598
6.979303 0.892598
6.981427 0.892598
6.983551 0.892598
6.985675 0.892598
6.987799 0.892598
6.989923 0.892598
6.992047 0.892598
6.994171 0.892598
6.996295 0.894049
6.998419 0.894049
7.000543 0.894049
7.002667 0.894049
7.004791 0.894049
7.006915 0.894049
7.009039 0.894049
7.011163 0.894049
7.013287 0.894049
7.015411 0.894049
7.017535 0.895501
7.019659 0.895501
7.021783 0.895501
7.023907 0.896952
7.026031 0.898403
7.028155 0.898403
7.030279 0.898403
7.032404 0.898403
7.034528 0.898403
7.036652 0.898403
7.038776 0.899855
7.040900 0.899855
7.043024 0.899855
7.045148 0.899855
7.047272 0.899855
7.049396 0.899855
7.051520 0.899855
7.053644 0.899855
7.055768 0.899855
7.057892 0.899855
7.060016 0.899855
7.062140 0.899855
7.064264 0.899855
7.066388 0.899855
7.068512 0.899855
7.070636 0.899855
7.072760 0.899855
7.074884 0.899855
7.077008 0.899855
7.079132 0.899855
7.081256 0.899855
7.083380 0.899855
7.085504 0.899855
7.087628 0.899855
7.089752 0.899855
7.091876 0.899855
7.094000 0.899855
7.096124 0.899855
7.098249 0.899855
7.100373 0.899855
7.102497 0.899855
7.104621 0.899855
7.106745 0.899855
7.108869 0.899855
7.110993 0.899855
7.113117 0.899855
7.115241 0.899855
7.117365 0.901306
7.119489 0.901306
7.121613 0.901306
7.123737 0.901306
7.125861 0.901306
7.127985 0.901306
7.130109 0.901306
7.132233 0.901306
7.134357 0.901306
7.136481 0.901306
7.138605 0.901306
7.140729 0.901306
7.142853 0.901306
7.144977 0.901306
7.147101 0.901306
7.149225 0.901306
7.151349 0.901306
7.153473 0.901306
7.155597 0.901306
7.157721 0.901306
7.159845 0.901306
7.161969 0.901306
7.164093 0.901306
7.166218 0.902758
7.168342 0.902758
7.170466 0.902758
7.172590 0.902758
7.174714 0.902758
7.176838 0.902758
7.178962 0.902758
7.181086 0.902758
7.183210 0.902758
7.185334 0.902758
7.187458 0.902758
7.189582 0.902758
7.191706 0.904209
7.193830 0.904209
7.195954 0.904209
7.198078 0.904209
7.200202 0.904209
7.202326 0.904209
7.204450 0.905660
7.206574 0.905660
7.208698 0.905660
7.210822 0.907112
7.212946 0.907112
7.215070 0.907112
7.217194 0.907112
7.219318 0.907112
7.221442 0.907112
7.223566 0.907112
7.225690 0.907112
7.227814 0.907112
7.229938 0.907112
7.232063 0.907112
7.234187 0.907112
7.236311 0.907112
7.238435 0.907112
7.240559 0.907112
7.242683 0.907112
7.244807 0.907112
7.246931 0.907112
7.249055 0.908563
7.251179 0.908563
7.253303 0.908563
7.255427 0.908563
7.257551 0.908563
7.259675 0.908563
7.261799 0.908563
7.263923 0.908563
7.266047 0.908563
7.268171 0.908563
7.270295 0.908563
7.272419 0.908563
7.274543 0.908563
7.276667 0.908563
7.278791 0.908563
7.280915 0.908563
7.283039 0.908563
7.285163 0.908563
7.287287 0.908563
7.289411 0.908563
7.291535 0.908563
7.293659 0.908563
7.295783 0.908563
7.297907 0.908563
7.300032 0.908563
7.302156 0.908563
7.304280 0.910015
7.306404 0.910015
7.308528 0.910015
7.310652 0.910015
7.312776 0.910015
7.314900 0.910015
7.317024 0.910015
7.319148 0.910015
7.321272 0.910015
7.323396 0.910015
7.325520 0.910015
7.327644 0.910015
7.329768 0.911466
7.331892 0.911466
7.334016 0.911466
7.336140 0.911466
7.338264 0.911466
7.340388 0.911466
7.342512 0.911466
7.344636 0.911466
7.346760 0.911466
7.348884 0.911466
7.351008 0.911466
7.353132 0.911466
7.355256 0.911466
7.357380 0.911466
7.359504 0.911466
7.361628 0.911466
7.363752 0.911466
7.365877 0.911466
7.368001 0.911466
7.370125 0.911466
7.372249 0.911466
7.374373 0.911466
7.376497 0.912917
7.378621 0.912917
7.380745 0.914369
7.382869 0.914369
7.384993 0.914369
7.387117 0.914369
7.389241 0.914369
7.391365 0.915820
7.393489 0.915820
7.395613 0.915820
7.397737 0.915820
7.399861 0.915820
7.401985 0.915820
7.404109 0.915820
7.406233 0.915820
7.408357 0.915820
7.410481 0.915820
7.412605 0.915820
7.414729 0.915820
7.416853 0.915820
7.418977 0.915820
7.421101 0.915820
7.423225 0.915820
7.425349 0.915820
7.427473 0.915820
7.429597 0.915820
7.431722 0.915820
7.433846 0.915820
7.435970 0.915820
7.438094 0.915820
7.440218 0.915820
7.442342 0.915820
7.444466 0.915820
7.446590 0.915820
7.448714 0.915820
7.450838 0.915820
7.452962 0.915820
7.455086 0.917271
7.457210 0.917271
7.459334 0.917271
7.461458 0.917271
7.463582 0.917271
7.465706 0.917271
7.467830 0.917271
7.469954 0.917271
7.472078 0.917271
7.474202 0.917271
7.476326 0.917271
7.478450 0.917271
7.480574 0.917271
7.482698 0.917271
7.484822 0.917271
7.486946 0.917271
7.489070 0.917271
7.491194 0.917271
7.493318 0.917271
7.495442 0.917271
7.497566 0.917271
7.499691 0.917271
7.501815 0.917271
7.503939 0.917271
7.506063 0.917271
7.508187 0.917271
7.510311 0.917271
7.512435 0.917271
7.514559 0.918723
7.516683 0.918723
7.518807 0.918723
7.520931 0.920174
7.523055 0.920174
7.525179 0.920174
7.527303 0.920174
7.529427 0.920174
7.531551 0.920174
7.533675 0.920174
7.535799 0.920174
7.537923 0.920174
7.540047 0.921626
7.542171 0.921626
7.544295 0.921626
7.546419 0.921626
7.548543 0.921626
7.550667 0.921626
7.552791 0.921626
7.554915 0.921626
7.557039 0.921626
7.559163 0.921626
7.561287 0.921626
7.563411 0.921626
7.565536 0.921626
7.567660 0.921626
7.569784 0.921626
7.571908 0.921626
7.574032 0.921626
7.576156 0.921626
7.578280 0.921626
7.580404 0.921626
7.582528 0.921626
7.584652 0.921626
7.586776 0.921626
7.588900 0.921626
7.591024 0.921626
7.593148 0.923077
7.595272 0.923077
7.597396 0.923077
7.599520 0.923077
7.601644 0.923077
7.603768 0.923077
7.605892 0.923077
7.608016 0.924528
7.610140 0.924528
7.612264 0.924528
7.614388 0.924528
7.616512 0.924528
7.618636 0.924528
7.620760 0.924528
7.622884 0.924528
7.625008 0.924528
7.627132 0.925980
7.629256 0.925980
7.631380 0.925980
7.633505 0.925980
7.635629 0.925980
7.637753 0.925980
7.639877 0.925980
7.642001 0.925980
7.644125 0.925980
7.646249 0.925980
7.648373 0.925980
7.650497 0.925980
7.652621 0.925980
7.654745 0.925980
7.656869 0.925980
7.658993 0.925980
7.661117 0.925980
7.663241 0.925980
7.665365 0.925980
7.667489 0.925980
7.669613 0.925980
7.671737 0.925980
7.673861 0.925980
7.675985 0.925980
7.678109 0.927431
7.680233 0.927431
7.682357 0.927431
7.684481 0.927431
7.686605 0.927431
7.688729 0.927431
7.690853 0.927431
7.692977 0.927431
7.695101 0.927431
7.697225 0.927431
7.699350 0.927431
7.701474 0.927431
7.703598 0.927431
7.705722 0.927431
7.707846 0.927431
7.709970 0.927431
7.712094 0.927431
7.714218 0.927431
7.716342 0.927431
7.718466 0.927431
7.720590 0.927431
7.722714 0.927431
7.724838 0.927431
7.726962 0.927431
7.729086 0.928882
7.731210 0.928882
7.733334 0.930334
7.735458 0.930334
7.737582 0.930334
7.739706 0.930334
7.741830 0.930334
7.743954 0.930334
7.746078 0.930334
7.748202 0.930334
7.750326 0.930334
7.752450 0.930334
7.754574 0.930334
7.756698 0.930334
7.758822 0.930334
7.760946 0.930334
7.763070 0.930334
7.765195 0.930334
7.767319 0.930334
7.769443 0.930334
7.771567 0.930334
7.773691 0.930334
7.775815 0.930334
7.777939 0.930334
7.780063 0.930334
7.782187 0.930334
7.784311 0.930334
7.786435 0.930334
7.788559 0.930334
7.790683 0.930334
7.792807 0.930334
7.794931 0.930334
7.797055 0.930334
7.799179 0.930334
7.801303 0.930334
7.803427 0.930334
7.805551 0.930334
7.807675 0.930334
7.809799 0.930334
7.811923 0.930334
7.814047 0.930334
7.816171 0.930334
7.818295 0.930334
7.820419 0.930334
7.822543 0.931785
7.824667 0.931785
7.826791 0.931785
7.828915 0.931785
7.831039 0.931785
7.833164 0.931785
7.835288 0.931785
7.837412 0.931785
7.839536 0.931785
7.841660 0.931785
7.843784 0.931785
7.845908 0.931785
7.848032 0.931785
7.850156 0.931785
7.852280 0.931785
7.854404 0.931785
7.856528 0.931785
7.858652 0.931785
7.860776 0.931785
7.862900 0.931785
7.865024 0.931785
7.867148 0.931785
7.869272 0.931785
7.871396 0.931785
7.873520 0.931785
7.875644 0.931785
7.877768 0.931785
7.879892 0.931785
7.882016 0.931785
7.884140 0.931785
7.886264 0.931785
7.888388 0.931785
7.890512 0.933237
7.892636 0.933237
7.894760 0.933237
7.896884 0.933237
7.899009 0.933237
7.901133 0.933237
7.903257 0.933237
7.905381 0.933237
7.907505 0.933237
7.909629 0.933237
7.911753 0.933237
7.913877 0.933237
7.916001 0.933237
7.918125 0.933237
7.920249 0.933237
7.922373 0.933237
7.924497 0.933237
7.926621 0.933237
7.928745 0.934688
7.930869 0.936139
7.932993 0.936139
7.935117 0.936139
7.937241 0.936139
7.939365 0.936139
7.941489 0.936139
7.943613 0.936139
7.945737 0.936139
7.947861 0.936139
7.949985 0.936139
7.952109 0.936139
7.954233 0.936139
7.956357 0.936139
7.958481 0.936139
7.960605 0.936139
7.962729 0.936139
7.964853 0.936139
7.966978 0.936139
7.969102 0.936139
7.971226 0.936139
7.973350 0.936139
7.975474 0.936139
7.977598 0.936139
7.979722 0.936139
7.981846 0.936139
7.983970 0.936139
7.986094 0.937591
7.988218 0.937591
7.990342 0.937591
7.992466 0.937591
7.994590 0.939042
7.996714 0.939042
7.998838 0.939042
