1.773452 0.001451
1.777047 0.001451
1.780642 0.001451
1.784238 0.001451
1.787833 0.001451
1.791428 0.001451
1.795023 0.001451
1.798619 0.001451
1.802214 0.001451
1.805809 0.001451
1.809405 0.001451
1.813000 0.001451
1.816595 0.001451
1.820190 0.001451
1.823786 0.001451
1.827381 0.001451
1.830976 0.001451
1.834572 0.001451
1.838167 0.001451
1.841762 0.001451
1.845357 0.001451
1.848953 0.002903
1.852548 0.002903
1.856143 0.002903
1.859739 0.002903
1.863334 0.002903
1.866929 0.002903
1.870524 0.002903
1.874120 0.002903
1.877715 0.002903
1.881310 0.002903
1.884906 0.002903
1.888501 0.002903
1.892096 0.002903
1.895691 0.004354
1.899287 0.005806
1.902882 0.005806
1.906477 0.007257
1.910073 0.007257
1.913668 0.007257
1.917263 0.007257
1.920858 0.007257
1.924454 0.007257
1.928049 0.007257
1.931644 0.007257
1.935240 0.008708
1.938835 0.008708
1.942430 0.008708
1.946025 0.008708
1.949621 0.008708
1.953216 0.008708
1.956811 0.008708
1.960407 0.008708
1.964002 0.008708
1.967597 0.008708
1.971192 0.008708
1.974788 0.008708
1.978383 0.008708
1.981978 0.010160
1.985574 0.010160
1.989169 0.010160
1.992764 0.010160
1.996359 0.010160
1.999955 0.010160
2.003550 0.010160
2.007145 0.010160
2.010741 0.010160
2.014336 0.011611
2.017931 0.011611
2.021526 0.011611
2.025122 0.013062
2.028717 0.013062
2.032312 0.013062
2.035908 0.013062
2.039503 0.014514
2.043098 0.014514
2.046694 0.014514
2.050289 0.014514
2.053884 0.014514
2.057479 0.014514
2.061075 0.015965
2.064670 0.015965
2.068265 0.015965
2.071861 0.015965
2.075456 0.015965
2.079051 0.015965
2.082646 0.015965
2.086242 0.017417
2.089837 0.017417
2.093432 0.018868
2.097028 0.018868
2.100623 0.021771
2.104218 0.021771
2.107813 0.021771
2.111409 0.021771
2.115004 0.021771
2.118599 0.021771
2.122195 0.021771
2.125790 0.021771
2.129385 0.021771
2.132980 0.021771
2.136576 0.021771
2.140171 0.021771
2.143766 0.021771
2.147362 0.023222
2.150957 0.023222
2.154552 0.023222
2.158147 0.024673
2.161743 0.024673
2.165338 0.024673
2.168933 0.024673
2.172529 0.024673
2.176124 0.026125
2.179719 0.026125
2.183314 0.026125
2.186910 0.026125
2.190505 0.026125
2.194100 0.026125
2.197696 0.027576
2.201291 0.027576
2.204886 0.027576
2.208481 0.027576
2.212077 0.027576
2.215672 0.027576
2.219267 0.027576
2.222863 0.027576
2.226458 0.027576
2.230053 0.027576
2.233648 0.027576
2.237244 0.027576
2.240839 0.029028
2.244434 0.029028
2.248030 0.029028
2.251625 0.029028
2.255220 0.029028
2.258815 0.030479
2.262411 0.030479
2.266006 0.030479
2.269601 0.030479
2.273197 0.030479
2.276792 0.031930
2.280387 0.031930
2.283982 0.034833
2.287578 0.034833
2.291173 0.034833
2.294768 0.039187
2.298364 0.039187
2.301959 0.039187
2.305554 0.039187
2.309150 0.039187
2.312745 0.040639
2.316340 0.040639
2.319935 0.043541
2.323531 0.043541
2.327126 0.043541
2.330721 0.044993
2.334317 0.044993
2.337912 0.044993
2.341507 0.044993
2.345102 0.044993
2.348698 0.049347
2.352293 0.049347
2.355888 0.050798
2.359484 0.050798
2.363079 0.050798
2.366674 0.050798
2.370269 0.050798
2.373865 0.050798
2.377460 0.050798
2.381055 0.052250
2.384651 0.052250
2.388246 0.053701
2.391841 0.053701
2.395436 0.055152
2.399032 0.056604
2.402627 0.058055
2.406222 0.059507
2.409818 0.059507
2.413413 0.059507
2.417008 0.059507
2.420603 0.063861
2.424199 0.065312
2.427794 0.066763
2.431389 0.068215
2.434985 0.068215
2.438580 0.068215
2.442175 0.069666
2.445770 0.069666
2.449366 0.069666
2.452961 0.069666
2.456556 0.071118
2.460152 0.071118
2.463747 0.071118
2.467342 0.071118
2.470937 0.071118
2.474533 0.072569
2.478128 0.072569
2.481723 0.075472
2.485319 0.079826
2.488914 0.079826
2.492509 0.081277
2.496104 0.082729
2.499700 0.082729
2.503295 0.084180
2.506890 0.084180
2.510486 0.084180
2.514081 0.084180
2.517676 0.084180
2.521271 0.084180
2.524867 0.084180
2.528462 0.084180
2.532057 0.084180
2.535653 0.084180
2.539248 0.084180
2.542843 0.084180
2.546438 0.084180
2.550034 0.084180
2.553629 0.085631
2.557224 0.085631
2.560820 0.087083
2.564415 0.089985
2.568010 0.092888
2.571606 0.092888
2.575201 0.092888
2.578796 0.095791
2.582391 0.095791
2.585987 0.097242
2.589582 0.097242
2.593177 0.098694
2.596773 0.098694
2.600368 0.100145
2.603963 0.100145
2.607558 0.100145
2.611154 0.100145
2.614749 0.100145
2.618344 0.100145
2.621940 0.101597
2.625535 0.103048
2.629130 0.104499
2.632725 0.105951
2.636321 0.105951
2.639916 0.105951
2.643511 0.105951
2.647107 0.107402
2.650702 0.110305
2.654297 0.110305
2.657892 0.111756
2.661488 0.113208
2.665083 0.114659
2.668678 0.116110
2.672274 0.117562
2.675869 0.117562
2.679464 0.119013
2.683059 0.120464
2.686655 0.121916
2.690250 0.123367
2.693845 0.126270
2.697441 0.126270
2.701036 0.127721
2.704631 0.129173
2.708226 0.130624
2.711822 0.130624
2.715417 0.132075
2.719012 0.132075
2.722608 0.132075
2.726203 0.132075
2.729798 0.136430
2.733393 0.137881
2.736989 0.137881
2.740584 0.139332
2.744179 0.139332
2.747775 0.139332
2.751370 0.140784
2.754965 0.143687
2.758560 0.143687
2.762156 0.143687
2.765751 0.143687
2.769346 0.143687
2.772942 0.143687
2.776537 0.143687
2.780132 0.143687
2.783727 0.145138
2.787323 0.146589
2.790918 0.146589
2.794513 0.148041
2.798109 0.148041
2.801704 0.148041
2.805299 0.149492
2.808894 0.149492
2.812490 0.149492
2.816085 0.149492
2.819680 0.149492
2.823276 0.152395
2.826871 0.152395
2.830466 0.153846
2.834062 0.153846
2.837657 0.155298
2.841252 0.156749
2.844847 0.159652
2.848443 0.164006
2.852038 0.164006
2.855633 0.164006
2.859229 0.164006
2.862824 0.165457
2.866419 0.166909
2.870014 0.168360
2.873610 0.168360
2.877205 0.168360
2.880800 0.168360
2.884396 0.168360
2.887991 0.171263
2.891586 0.172714
2.895181 0.175617
2.898777 0.177068
2.902372 0.179971
2.905967 0.179971
2.909563 0.179971
2.913158 0.179971
2.916753 0.182874
2.920348 0.182874
2.923944 0.185776
2.927539 0.185776
2.931134 0.185776
2.934730 0.185776
2.938325 0.185776
2.941920 0.185776
2.945515 0.187228
2.949111 0.191582
2.952706 0.193033
2.956301 0.197388
2.959897 0.197388
2.963492 0.198839
2.967087 0.201742
2.970682 0.203193
2.974278 0.203193
2.977873 0.203193
2.981468 0.203193
2.985064 0.206096
2.988659 0.207547
2.992254 0.211901
2.995849 0.211901
2.999445 0.214804
3.003040 0.214804
3.006635 0.217707
3.010231 0.219158
3.013826 0.222061
3.017421 0.222061
3.021016 0.222061
3.024612 0.223512
3.028207 0.224964
3.031802 0.229318
3.035398 0.230769
3.038993 0.230769
3.042588 0.230769
3.046183 0.232221
3.049779 0.233672
3.053374 0.235123
3.056969 0.236575
3.060565 0.238026
3.064160 0.239478
3.067755 0.239478
3.071350 0.240929
3.074946 0.240929
3.078541 0.240929
3.082136 0.240929
3.085732 0.242380
3.089327 0.243832
3.092922 0.246734
3.096518 0.246734
3.100113 0.249637
3.103708 0.251089
3.107303 0.251089
3.110899 0.255443
3.114494 0.255443
3.118089 0.258345
3.121685 0.259797
3.125280 0.259797
3.128875 0.261248
3.132470 0.267054
3.136066 0.267054
3.139661 0.268505
3.143256 0.269956
3.146852 0.271408
3.150447 0.272859
3.154042 0.272859
3.157637 0.274311
3.161233 0.275762
3.164828 0.278665
3.168423 0.280116
3.172019 0.280116
3.175614 0.280116
3.179209 0.283019
3.182804 0.284470
3.186400 0.284470
3.189995 0.287373
3.193590 0.288824
3.197186 0.290276
3.200781 0.293179
3.204376 0.293179
3.207971 0.296081
3.211567 0.296081
3.215162 0.297533
3.218757 0.297533
3.222353 0.297533
3.225948 0.297533
3.229543 0.297533
3.233138 0.298984
3.236734 0.300435
3.240329 0.300435
3.243924 0.301887
3.247520 0.304790
3.251115 0.307692
3.254710 0.307692
3.258305 0.307692
3.261901 0.307692
3.265496 0.307692
3.269091 0.309144
3.272687 0.310595
3.276282 0.313498
3.279877 0.314949
3.283472 0.316401
3.287068 0.317852
3.290663 0.317852
3.294258 0.319303
3.297854 0.320755
3.301449 0.322206
3.305044 0.323657
3.308639 0.323657
3.312235 0.323657
3.315830 0.323657
3.319425 0.326560
3.323021 0.326560
3.326616 0.328012
3.330211 0.330914
3.333806 0.330914
3.337402 0.332366
3.340997 0.332366
3.344592 0.333817
3.348188 0.333817
3.351783 0.333817
3.355378 0.333817
3.358973 0.333817
3.362569 0.333817
3.366164 0.333817
3.369759 0.339623
3.373355 0.339623
3.376950 0.341074
3.380545 0.341074
3.384141 0.342525
3.387736 0.342525
3.391331 0.343977
3.394926 0.345428
3.398522 0.351234
3.402117 0.351234
3.405712 0.351234
3.409308 0.351234
3.412903 0.351234
3.416498 0.354136
3.420093 0.354136
3.423689 0.354136
3.427284 0.354136
3.430879 0.355588
3.434475 0.355588
3.438070 0.355588
3.441665 0.355588
3.445260 0.355588
3.448856 0.357039
3.452451 0.358491
3.456046 0.362845
3.459642 0.365747
3.463237 0.367199
3.466832 0.367199
3.470427 0.367199
3.474023 0.367199
3.477618 0.368650
3.481213 0.370102
3.484809 0.370102
3.488404 0.371553
3.491999 0.371553
3.495594 0.373004
3.499190 0.374456
3.502785 0.374456
3.506380 0.374456
3.509976 0.374456
3.513571 0.374456
3.517166 0.374456
3.520761 0.377358
3.524357 0.377358
3.527952 0.380261
3.531547 0.383164
3.535143 0.384615
3.538738 0.388970
3.542333 0.390421
3.545928 0.390421
3.549524 0.390421
3.553119 0.390421
3.556714 0.391872
3.560310 0.391872
3.563905 0.393324
3.567500 0.396226
3.571095 0.396226
3.574691 0.396226
3.578286 0.399129
3.581881 0.399129
3.585477 0.399129
3.589072 0.402032
3.592667 0.402032
3.596262 0.403483
3.599858 0.406386
3.603453 0.406386
3.607048 0.409289
3.610644 0.410740
3.614239 0.412192
3.617834 0.413643
3.621429 0.413643
3.625025 0.415094
3.628620 0.415094
3.632215 0.415094
3.635811 0.416546
3.639406 0.420900
3.643001 0.422351
3.646597 0.426705
3.650192 0.426705
3.653787 0.426705
3.657382 0.426705
3.660978 0.426705
3.664573 0.426705
3.668168 0.428157
3.671764 0.429608
3.675359 0.431060
3.678954 0.431060
3.682549 0.431060
3.686145 0.432511
3.689740 0.433962
3.693335 0.433962
3.696931 0.435414
3.700526 0.436865
3.704121 0.439768
3.707716 0.442671
3.711312 0.442671
3.714907 0.442671
3.718502 0.442671
3.722098 0.444122
3.725693 0.444122
3.729288 0.444122
3.732883 0.445573
3.736479 0.445573
3.740074 0.445573
3.743669 0.445573
3.747265 0.445573
3.750860 0.445573
3.754455 0.448476
3.758050 0.451379
3.761646 0.451379
3.765241 0.452830
3.768836 0.452830
3.772432 0.454282
3.776027 0.457184
3.779622 0.458636
3.783217 0.458636
3.786813 0.458636
3.790408 0.461538
3.794003 0.462990
3.797599 0.462990
3.801194 0.464441
3.804789 0.464441
3.808384 0.465893
3.811980 0.468795
3.815575 0.468795
3.819170 0.468795
3.822766 0.468795
3.826361 0.470247
3.829956 0.470247
3.833551 0.470247
3.837147 0.471698
3.840742 0.473149
3.844337 0.473149
3.847933 0.474601
3.851528 0.474601
3.855123 0.476052
3.858718 0.477504
3.862314 0.477504
3.865909 0.478955
3.869504 0.478955
3.873100 0.480406
3.876695 0.481858
3.880290 0.481858
3.883885 0.483309
3.887481 0.483309
3.891076 0.484761
3.894671 0.484761
3.898267 0.484761
3.901862 0.484761
3.905457 0.486212
3.909053 0.487663
3.912648 0.489115
3.916243 0.490566
3.919838 0.492017
3.923434 0.494920
3.927029 0.497823
3.930624 0.499274
3.934220 0.502177
3.937815 0.503628
3.941410 0.503628
3.945005 0.505080
3.948601 0.506531
3.952196 0.509434
3.955791 0.509434
3.959387 0.509434
3.962982 0.513788
3.966577 0.513788
3.970172 0.513788
3.973768 0.516691
3.977363 0.516691
3.980958 0.516691
3.984554 0.518142
3.988149 0.518142
3.991744 0.518142
3.995339 0.521045
3.998935 0.521045
4.002530 0.521045
4.006125 0.522496
4.009721 0.522496
4.013316 0.526851
4.016911 0.528302
4.020506 0.528302
4.024102 0.528302
4.027697 0.529753
4.031292 0.529753
4.034888 0.532656
4.038483 0.532656
4.042078 0.532656
4.045673 0.532656
4.049269 0.534107
4.052864 0.534107
4.056459 0.535559
4.060055 0.535559
4.063650 0.537010
4.067245 0.538462
4.070840 0.538462
4.074436 0.538462
4.078031 0.538462
4.081626 0.539913
4.085222 0.541364
4.088817 0.542816
4.092412 0.542816
4.096007 0.544267
4.099603 0.545718
4.103198 0.548621
4.106793 0.548621
4.110389 0.548621
4.113984 0.550073
4.117579 0.550073
4.121174 0.550073
4.124770 0.550073
4.128365 0.551524
4.131960 0.551524
4.135556 0.551524
4.139151 0.551524
4.142746 0.555878
4.146341 0.557329
4.149937 0.558781
4.153532 0.558781
4.157127 0.558781
4.160723 0.560232
4.164318 0.560232
4.167913 0.560232
4.171509 0.560232
4.175104 0.563135
4.178699 0.563135
4.182294 0.563135
4.185890 0.566038
4.189485 0.567489
4.193080 0.571843
4.196676 0.573295
4.200271 0.574746
4.203866 0.574746
4.207461 0.574746
4.211057 0.574746
4.214652 0.576197
4.218247 0.577649
4.221843 0.580552
4.225438 0.582003
4.229033 0.582003
4.232628 0.582003
4.236224 0.582003
4.239819 0.582003
4.243414 0.582003
4.247010 0.583454
4.250605 0.583454
4.254200 0.583454
4.257795 0.583454
4.261391 0.586357
4.264986 0.586357
4.268581 0.586357
4.272177 0.586357
4.275772 0.587808
4.279367 0.589260
4.282962 0.589260
4.286558 0.589260
4.290153 0.589260
4.293748 0.589260
4.297344 0.590711
4.300939 0.590711
4.304534 0.592163
4.308129 0.595065
4.311725 0.595065
4.315320 0.595065
4.318915 0.595065
4.322511 0.597968
4.326106 0.602322
4.329701 0.603774
4.333296 0.603774
4.336892 0.605225
4.340487 0.605225
4.344082 0.605225
4.347678 0.605225
4.351273 0.605225
4.354868 0.605225
4.358463 0.605225
4.362059 0.605225
4.365654 0.605225
4.369249 0.605225
4.372845 0.605225
4.376440 0.606676
4.380035 0.606676
4.383630 0.606676
4.387226 0.606676
4.390821 0.606676
4.394416 0.608128
4.398012 0.609579
4.401607 0.611030
4.405202 0.613933
4.408797 0.615385
4.412393 0.615385
4.415988 0.616836
4.419583 0.618287
4.423179 0.619739
4.426774 0.619739
4.430369 0.619739
4.433965 0.624093
4.437560 0.624093
4.441155 0.624093
4.444750 0.624093
4.448346 0.624093
4.451941 0.624093
4.455536 0.624093
4.459132 0.624093
4.462727 0.624093
4.466322 0.624093
4.469917 0.625544
4.473513 0.625544
4.477108 0.626996
4.480703 0.626996
4.484299 0.626996
4.487894 0.628447
4.491489 0.628447
4.495084 0.628447
4.498680 0.628447
4.502275 0.629898
4.505870 0.631350
4.509466 0.631350
4.513061 0.631350
4.516656 0.631350
4.520251 0.632801
4.523847 0.632801
4.527442 0.632801
4.531037 0.634253
4.534633 0.634253
4.538228 0.634253
4.541823 0.634253
4.545418 0.637155
4.549014 0.638607
4.552609 0.640058
4.556204 0.640058
4.559800 0.641509
4.563395 0.641509
4.566990 0.642961
4.570585 0.642961
4.574181 0.645864
4.577776 0.645864
4.581371 0.645864
4.584967 0.647315
4.588562 0.647315
4.592157 0.647315
4.595752 0.647315
4.599348 0.647315
4.602943 0.647315
4.606538 0.648766
4.610134 0.650218
4.613729 0.650218
4.617324 0.653120
4.620919 0.654572
4.624515 0.654572
4.628110 0.656023
4.631705 0.656023
4.635301 0.656023
4.638896 0.657475
4.642491 0.658926
4.646086 0.660377
4.649682 0.660377
4.653277 0.663280
4.656872 0.663280
4.660468 0.663280
4.664063 0.666183
4.667658 0.666183
4.671253 0.667634
4.674849 0.669086
4.678444 0.669086
4.682039 0.671988
4.685635 0.671988
4.689230 0.673440
4.692825 0.673440
4.696421 0.673440
4.700016 0.673440
4.703611 0.673440
4.707206 0.673440
4.710802 0.674891
4.714397 0.676343
4.717992 0.676343
4.721588 0.676343
4.725183 0.676343
4.728778 0.676343
4.732373 0.676343
4.735969 0.676343
4.739564 0.676343
4.743159 0.676343
4.746755 0.676343
4.750350 0.676343
4.753945 0.676343
4.757540 0.676343
4.761136 0.680697
4.764731 0.682148
4.768326 0.683599
4.771922 0.685051
4.775517 0.685051
4.779112 0.685051
4.782707 0.685051
4.786303 0.685051
4.789898 0.685051
4.793493 0.685051
4.797089 0.686502
4.800684 0.686502
4.804279 0.687954
4.807874 0.687954
4.811470 0.687954
4.815065 0.687954
4.818660 0.687954
4.822256 0.689405
4.825851 0.690856
4.829446 0.690856
4.833041 0.690856
4.836637 0.690856
4.840232 0.692308
4.843827 0.693759
4.847423 0.696662
4.851018 0.698113
4.854613 0.699565
4.858208 0.701016
4.861804 0.701016
4.865399 0.701016
4.868994 0.701016
4.872590 0.702467
4.876185 0.702467
4.879780 0.702467
4.883375 0.703919
4.886971 0.706821
4.890566 0.706821
4.894161 0.708273
4.897757 0.708273
4.901352 0.708273
4.904947 0.708273
4.908542 0.709724
4.912138 0.709724
4.915733 0.709724
4.919328 0.709724
4.922924 0.709724
4.926519 0.711176
4.930114 0.711176
4.933709 0.712627
4.937305 0.714078
4.940900 0.714078
4.944495 0.715530
4.948091 0.715530
4.951686 0.715530
4.955281 0.715530
4.958876 0.715530
4.962472 0.715530
4.966067 0.715530
4.969662 0.715530
4.973258 0.715530
4.976853 0.716981
4.980448 0.716981
4.984044 0.716981
4.987639 0.719884
4.991234 0.719884
4.994829 0.719884
4.998425 0.719884
5.002020 0.721335
5.005615 0.721335
5.009211 0.721335
5.012806 0.721335
5.016401 0.721335
5.019996 0.722787
5.023592 0.724238
5.027187 0.724238
5.030782 0.725689
5.034378 0.727141
5.037973 0.727141
5.041568 0.727141
5.045163 0.727141
5.048759 0.727141
5.052354 0.727141
5.055949 0.728592
5.059545 0.728592
5.063140 0.730044
5.066735 0.731495
5.070330 0.731495
5.073926 0.731495
5.077521 0.732946
5.081116 0.732946
5.084712 0.732946
5.088307 0.732946
5.091902 0.732946
5.095497 0.732946
5.099093 0.732946
5.102688 0.732946
5.106283 0.732946
5.109879 0.734398
5.113474 0.734398
5.117069 0.735849
5.120664 0.737300
5.124260 0.738752
5.127855 0.738752
5.131450 0.738752
5.135046 0.738752
5.138641 0.738752
5.142236 0.738752
5.145831 0.738752
5.149427 0.738752
5.153022 0.740203
5.156617 0.740203
5.160213 0.740203
5.163808 0.740203
5.167403 0.740203
5.170998 0.740203
5.174594 0.740203
5.178189 0.741655
5.181784 0.741655
5.185380 0.741655
5.188975 0.741655
5.192570 0.743106
5.196165 0.743106
5.199761 0.743106
5.203356 0.743106
5.206951 0.743106
5.210547 0.743106
5.214142 0.743106
5.217737 0.743106
5.221332 0.743106
5.224928 0.743106
5.228523 0.744557
5.232118 0.744557
5.235714 0.744557
5.239309 0.746009
5.242904 0.746009
5.246500 0.746009
5.250095 0.746009
5.253690 0.748911
5.257285 0.748911
5.260881 0.750363
5.264476 0.751814
5.268071 0.751814
5.271667 0.753266
5.275262 0.753266
5.278857 0.754717
5.282452 0.754717
5.286048 0.754717
5.289643 0.754717
5.293238 0.754717
5.296834 0.754717
5.300429 0.756168
5.304024 0.756168
5.307619 0.756168
5.311215 0.756168
5.314810 0.756168
5.318405 0.756168
5.322001 0.756168
5.325596 0.759071
5.329191 0.759071
5.332786 0.759071
5.336382 0.759071
5.339977 0.760522
5.343572 0.761974
5.347168 0.761974
5.350763 0.761974
5.354358 0.761974
5.357953 0.761974
5.361549 0.761974
5.365144 0.763425
5.368739 0.764877
5.372335 0.764877
5.375930 0.766328
5.379525 0.766328
5.383120 0.766328
5.386716 0.767779
5.390311 0.767779
5.393906 0.767779
5.397502 0.767779
5.401097 0.767779
5.404692 0.767779
5.408287 0.767779
5.411883 0.769231
5.415478 0.769231
5.419073 0.769231
5.422669 0.769231
5.426264 0.770682
5.429859 0.770682
5.433454 0.770682
5.437050 0.772134
5.440645 0.772134
5.444240 0.772134
5.447836 0.773585
5.451431 0.776488
5.455026 0.776488
5.458621 0.776488
5.462217 0.776488
5.465812 0.776488
5.469407 0.776488
5.473003 0.777939
5.476598 0.777939
5.480193 0.780842
5.483788 0.780842
5.487384 0.782293
5.490979 0.782293
5.494574 0.782293
5.498170 0.782293
5.501765 0.782293
5.505360 0.782293
5.508956 0.782293
5.512551 0.782293
5.516146 0.783745
5.519741 0.783745
5.523337 0.783745
5.526932 0.785196
5.530527 0.785196
5.534123 0.785196
5.537718 0.788099
5.541313 0.788099
5.544908 0.788099
5.548504 0.788099
5.552099 0.788099
5.555694 0.788099
5.559290 0.791001
5.562885 0.791001
5.566480 0.791001
5.570075 0.793904
5.573671 0.793904
5.577266 0.793904
5.580861 0.793904
5.584457 0.793904
5.588052 0.793904
5.591647 0.793904
5.595242 0.793904
5.598838 0.795356
5.602433 0.795356
5.606028 0.795356
5.609624 0.795356
5.613219 0.795356
5.616814 0.796807
5.620409 0.798258
5.624005 0.798258
5.627600 0.798258
5.631195 0.798258
5.634791 0.798258
5.638386 0.798258
5.641981 0.798258
5.645576 0.799710
5.649172 0.801161
5.652767 0.802612
5.656362 0.802612
5.659958 0.802612
5.663553 0.802612
5.667148 0.805515
5.670743 0.805515
5.674339 0.805515
5.677934 0.805515
5.681529 0.805515
5.685125 0.805515
5.688720 0.805515
5.692315 0.805515
5.695910 0.805515
5.699506 0.805515
5.703101 0.805515
5.706696 0.808418
5.710292 0.809869
5.713887 0.809869
5.717482 0.811321
5.721077 0.811321
5.724673 0.812772
5.728268 0.812772
5.731863 0.812772
5.735459 0.812772
5.739054 0.812772
5.742649 0.812772
5.746244 0.812772
5.749840 0.812772
5.753435 0.814224
5.757030 0.814224
5.760626 0.814224
5.764221 0.815675
5.767816 0.815675
5.771412 0.815675
5.775007 0.815675
5.778602 0.817126
5.782197 0.817126
5.785793 0.817126
5.789388 0.817126
5.792983 0.817126
5.796579 0.817126
5.800174 0.818578
5.803769 0.818578
5.807364 0.818578
5.810960 0.818578
5.814555 0.821480
5.818150 0.821480
5.821746 0.822932
5.825341 0.822932
5.828936 0.822932
5.832531 0.822932
5.836127 0.824383
5.839722 0.824383
5.843317 0.825835
5.846913 0.825835
5.850508 0.825835
5.854103 0.825835
5.857698 0.825835
5.861294 0.825835
5.864889 0.825835
5.868484 0.825835
5.872080 0.825835
5.875675 0.825835
5.879270 0.825835
5.882865 0.825835
5.886461 0.825835
5.890056 0.825835
5.893651 0.827286
5.897247 0.827286
5.900842 0.827286
5.904437 0.827286
5.908032 0.827286
5.911628 0.828737
5.915223 0.830189
5.918818 0.831640
5.922414 0.831640
5.926009 0.831640
5.929604 0.831640
5.933199 0.831640
5.936795 0.831640
5.940390 0.833091
5.943985 0.834543
5.947581 0.835994
5.951176 0.835994
5.954771 0.835994
5.958366 0.835994
5.961962 0.835994
5.965557 0.835994
5.969152 0.835994
5.972748 0.835994
5.976343 0.835994
5.979938 0.835994
5.983533 0.835994
5.987129 0.835994
5.990724 0.835994
5.994319 0.835994
5.997915 0.835994
6.001510 0.835994
6.005105 0.835994
6.008700 0.835994
6.012296 0.835994
6.015891 0.835994
6.019486 0.838897
6.023082 0.840348
6.026677 0.841800
6.030272 0.841800
6.033868 0.841800
6.037463 0.841800
6.041058 0.841800
6.044653 0.841800
6.048249 0.841800
6.051844 0.841800
6.055439 0.841800
6.059035 0.844702
6.062630 0.846154
6.066225 0.846154
6.069820 0.846154
6.073416 0.846154
6.077011 0.847605
6.080606 0.847605
6.084202 0.847605
6.087797 0.847605
6.091392 0.847605
6.094987 0.847605
6.098583 0.847605
6.102178 0.847605
6.105773 0.847605
6.109369 0.847605
6.112964 0.847605
6.116559 0.847605
6.120154 0.847605
6.123750 0.847605
6.127345 0.847605
6.130940 0.847605
6.134536 0.847605
6.138131 0.847605
6.141726 0.847605
6.145321 0.847605
6.148917 0.847605
6.152512 0.847605
6.156107 0.849057
6.159703 0.849057
6.163298 0.849057
6.166893 0.849057
6.170488 0.849057
6.174084 0.849057
6.177679 0.850508
6.181274 0.850508
6.184870 0.850508
6.188465 0.850508
6.192060 0.851959
6.195655 0.851959
6.199251 0.851959
6.202846 0.851959
6.206441 0.851959
6.210037 0.851959
6.213632 0.851959
6.217227 0.851959
6.220822 0.851959
6.224418 0.851959
6.228013 0.851959
6.231608 0.851959
6.235204 0.851959
6.238799 0.851959
6.242394 0.851959
6.245989 0.851959
6.249585 0.851959
6.253180 0.851959
6.256775 0.851959
6.260371 0.851959
6.263966 0.851959
6.267561 0.851959
6.271156 0.851959
6.274752 0.851959
6.278347 0.851959
6.281942 0.853411
6.285538 0.853411
6.289133 0.853411
6.292728 0.853411
6.296324 0.853411
6.299919 0.853411
6.303514 0.853411
6.307109 0.853411
6.310705 0.853411
6.314300 0.853411
6.317895 0.853411
6.321491 0.853411
6.325086 0.853411
6.328681 0.853411
6.332276 0.853411
6.335872 0.853411
6.339467 0.856313
6.343062 0.856313
6.346658 0.856313
6.350253 0.856313
6.353848 0.856313
6.357443 0.856313
6.361039 0.857765
6.364634 0.857765
6.368229 0.859216
6.371825 0.859216
6.375420 0.859216
6.379015 0.859216
6.382610 0.859216
6.386206 0.860668
6.389801 0.862119
6.393396 0.863570
6.396992 0.865022
6.400587 0.865022
6.404182 0.865022
6.407777 0.865022
6.411373 0.865022
6.414968 0.865022
6.418563 0.866473
6.422159 0.866473
6.425754 0.866473
6.429349 0.866473
6.432944 0.866473
6.436540 0.866473
6.440135 0.866473
6.443730 0.866473
6.447326 0.866473
6.450921 0.866473
6.454516 0.866473
6.458111 0.866473
6.461707 0.867925
6.465302 0.867925
6.468897 0.867925
6.472493 0.867925
6.476088 0.867925
6.479683 0.867925
6.483278 0.869376
6.486874 0.870827
6.490469 0.870827
6.494064 0.872279
6.497660 0.872279
6.501255 0.872279
6.504850 0.872279
6.508445 0.872279
6.512041 0.872279
6.515636 0.872279
6.519231 0.872279
6.522827 0.872279
6.526422 0.872279
6.530017 0.872279
6.533612 0.872279
6.537208 0.873730
6.540803 0.873730
6.544398 0.873730
6.547994 0.875181
6.551589 0.875181
6.555184 0.875181
6.558780 0.876633
6.562375 0.876633
6.565970 0.876633
6.569565 0.876633
6.573161 0.876633
6.576756 0.876633
6.580351 0.876633
6.583947 0.876633
6.587542 0.876633
6.591137 0.878084
6.594732 0.878084
6.598328 0.878084
6.601923 0.878084
6.605518 0.879536
6.609114 0.879536
6.612709 0.879536
6.616304 0.880987
6.619899 0.880987
6.623495 0.880987
6.627090 0.880987
6.630685 0.880987
6.634281 0.880987
6.637876 0.880987
6.641471 0.880987
6.645066 0.880987
6.648662 0.880987
6.652257 0.880987
6.655852 0.882438
6.659448 0.882438
6.663043 0.883890
6.666638 0.883890
6.670233 0.883890
6.673829 0.883890
6.677424 0.883890
6.681019 0.883890
6.684615 0.883890
6.688210 0.883890
6.691805 0.883890
6.695400 0.883890
6.698996 0.883890
6.702591 0.883890
6.706186 0.885341
6.709782 0.885341
6.713377 0.885341
6.716972 0.886792
6.720567 0.886792
6.724163 0.888244
6.727758 0.888244
6.731353 0.889695
6.734949 0.889695
6.738544 0.889695
6.742139 0.889695
6.745734 0.889695
6.749330 0.889695
6.752925 0.889695
6.756520 0.889695
6.760116 0.889695
6.763711 0.889695
6.767306 0.889695
6.770901 0.889695
6.774497 0.889695
6.778092 0.889695
6.781687 0.889695
6.785283 0.889695
6.788878 0.889695
6.792473 0.889695
6.796068 0.889695
6.799664 0.889695
6.803259 0.889695
6.806854 0.889695
6.810450 0.889695
6.814045 0.891147
6.817640 0.892598
6.821235 0.892598
6.824831 0.892598
6.828426 0.894049
6.832021 0.894049
6.835617 0.894049
6.839212 0.894049
6.842807 0.894049
6.846403 0.894049
6.849998 0.894049
6.853593 0.894049
6.857188 0.894049
6.860784 0.894049
6.864379 0.895501
6.867974 0.895501
6.871570 0.895501
6.875165 0.895501
6.878760 0.895501
6.882355 0.895501
6.885951 0.895501
6.889546 0.895501
6.893141 0.895501
6.896737 0.895501
6.900332 0.895501
6.903927 0.896952
6.907522 0.896952
6.911118 0.896952
6.914713 0.896952
6.918308 0.896952
6.921904 0.896952
6.925499 0.896952
6.929094 0.896952
6.932689 0.896952
6.936285 0.896952
6.939880 0.896952
6.943475 0.898403
6.947071 0.898403
6.950666 0.898403
6.954261 0.898403
6.957856 0.898403
6.961452 0.899855
6.965047 0.899855
6.968642 0.899855
6.972238 0.899855
6.975833 0.899855
6.979428 0.899855
6.983023 0.899855
6.986619 0.899855
6.990214 0.899855
6.993809 0.901306
6.997405 0.901306
7.001000 0.901306
7.004595 0.902758
7.008190 0.902758
7.011786 0.902758
7.015381 0.902758
7.018976 0.904209
7.022572 0.904209
7.026167 0.904209
7.029762 0.904209
7.033357 0.904209
7.036953 0.904209
7.040548 0.904209
7.044143 0.904209
7.047739 0.904209
7.051334 0.904209
7.054929 0.904209
7.058524 0.904209
7.062120 0.904209
7.065715 0.904209
7.069310 0.905660
7.072906 0.905660
7.076501 0.905660
7.080096 0.905660
7.083691 0.905660
7.087287 0.905660
7.090882 0.905660
7.094477 0.905660
7.098073 0.905660
7.101668 0.905660
7.105263 0.905660
7.108859 0.905660
7.112454 0.905660
7.116049 0.905660
7.119644 0.905660
7.123240 0.905660
7.126835 0.905660
7.130430 0.905660
7.134026 0.905660
7.137621 0.905660
7.141216 0.905660
7.144811 0.905660
7.148407 0.905660
7.152002 0.905660
7.155597 0.905660
7.159193 0.907112
7.162788 0.908563
7.166383 0.908563
7.169978 0.908563
7.173574 0.908563
7.177169 0.908563
7.180764 0.908563
7.184360 0.908563
7.187955 0.908563
7.191550 0.908563
7.195145 0.908563
7.198741 0.908563
7.202336 0.908563
7.205931 0.908563
7.209527 0.910015
7.213122 0.910015
7.216717 0.910015
7.220312 0.910015
7.223908 0.910015
7.227503 0.910015
7.231098 0.910015
7.234694 0.910015
7.238289 0.910015
7.241884 0.910015
7.245479 0.910015
7.249075 0.910015
7.252670 0.910015
7.256265 0.910015
7.259861 0.910015
7.263456 0.910015
7.267051 0.910015
7.270646 0.911466
7.274242 0.911466
7.277837 0.911466
7.281432 0.911466
7.285028 0.911466
7.288623 0.911466
7.292218 0.911466
7.295813 0.911466
7.299409 0.911466
7.303004 0.911466
7.306599 0.911466
7.310195 0.911466
7.313790 0.911466
7.317385 0.911466
7.320980 0.912917
7.324576 0.912917
7.328171 0.912917
7.331766 0.912917
7.335362 0.912917
7.338957 0.912917
7.342552 0.912917
7.346147 0.912917
7.349743 0.912917
7.353338 0.912917
7.356933 0.912917
7.360529 0.912917
7.364124 0.912917
7.367719 0.912917
7.371315 0.912917
7.374910 0.912917
7.378505 0.912917
7.382100 0.912917
7.385696 0.912917
7.389291 0.912917
7.392886 0.912917
7.396482 0.912917
7.400077 0.912917
7.403672 0.912917
7.407267 0.912917
7.410863 0.912917
7.414458 0.912917
7.418053 0.912917
7.421649 0.912917
7.425244 0.912917
7.428839 0.912917
7.432434 0.912917
7.436030 0.912917
7.439625 0.912917
7.443220 0.912917
7.446816 0.912917
7.450411 0.912917
7.454006 0.912917
7.457601 0.912917
7.461197 0.912917
7.464792 0.912917
7.468387 0.912917
7.471983 0.912917
7.475578 0.912917
7.479173 0.912917
7.482768 0.912917
7.486364 0.912917
7.489959 0.912917
7.493554 0.912917
7.497150 0.912917
7.500745 0.912917
7.504340 0.912917
7.507935 0.912917
7.511531 0.912917
7.515126 0.912917
7.518721 0.912917
7.522317 0.912917
7.525912 0.912917
7.529507 0.912917
7.533102 0.912917
7.536698 0.912917
7.540293 0.912917
7.543888 0.912917
7.547484 0.912917
7.551079 0.912917
7.554674 0.912917
7.558269 0.912917
7.561865 0.912917
7.565460 0.912917
7.569055 0.912917
7.572651 0.912917
7.576246 0.912917
7.579841 0.912917
7.583436 0.914369
7.587032 0.914369
7.590627 0.914369
7.594222 0.914369
7.597818 0.914369
7.601413 0.914369
7.605008 0.914369
7.608603 0.914369
7.612199 0.914369
7.615794 0.914369
7.619389 0.914369
7.622985 0.914369
7.626580 0.914369
7.630175 0.914369
7.633771 0.914369
7.637366 0.915820
7.640961 0.915820
7.644556 0.915820
7.648152 0.915820
7.651747 0.915820
7.655342 0.915820
7.658938 0.915820
7.662533 0.915820
7.666128 0.917271
7.669723 0.918723
7.673319 0.918723
7.676914 0.918723
7.680509 0.920174
7.684105 0.920174
7.687700 0.920174
7.691295 0.920174
7.694890 0.920174
7.698486 0.920174
7.702081 0.921626
7.705676 0.921626
7.709272 0.921626
7.712867 0.921626
7.716462 0.921626
7.720057 0.921626
7.723653 0.923077
7.727248 0.923077
7.730843 0.923077
7.734439 0.923077
7.738034 0.923077
7.741629 0.923077
7.745224 0.923077
7.748820 0.923077
7.752415 0.923077
7.756010 0.923077
7.759606 0.923077
7.763201 0.923077
7.766796 0.923077
7.770391 0.923077
7.773987 0.923077
7.777582 0.923077
7.781177 0.923077
7.784773 0.923077
7.788368 0.923077
7.791963 0.923077
7.795558 0.923077
7.799154 0.923077
7.802749 0.923077
7.806344 0.923077
7.809940 0.923077
7.813535 0.923077
7.817130 0.924528
7.820725 0.924528
7.824321 0.924528
7.827916 0.924528
7.831511 0.924528
7.835107 0.924528
7.838702 0.924528
7.842297 0.924528
7.845892 0.924528
7.849488 0.924528
7.853083 0.924528
7.856678 0.924528
7.860274 0.924528
7.863869 0.924528
7.867464 0.924528
7.871059 0.924528
7.874655 0.924528
7.878250 0.924528
7.881845 0.925980
7.885441 0.925980
7.889036 0.925980
7.892631 0.927431
7.896227 0.927431
7.899822 0.927431
7.903417 0.927431
7.907012 0.927431
7.910608 0.927431
7.914203 0.927431
7.917798 0.927431
7.921394 0.927431
7.924989 0.927431
7.928584 0.927431
7.932179 0.927431
7.935775 0.927431
7.939370 0.927431
7.942965 0.927431
7.946561 0.927431
7.950156 0.927431
7.953751 0.927431
7.957346 0.927431
7.960942 0.927431
7.964537 0.927431
7.968132 0.927431
7.971728 0.927431
7.975323 0.927431
7.978918 0.927431
7.982513 0.927431
7.986109 0.927431
7.989704 0.927431
7.993299 0.927431
7.996895 0.927431
