2.045709 0.001451
2.047577 0.001451
2.049445 0.001451
2.051313 0.001451
2.053181 0.001451
2.055049 0.002903
2.056918 0.002903
2.058786 0.002903
2.060654 0.002903
2.062522 0.002903
2.064390 0.002903
2.066258 0.002903
2.068126 0.002903
2.069994 0.002903
2.071862 0.002903
2.073730 0.002903
2.075598 0.002903
2.077466 0.002903
2.079334 0.002903
2.081202 0.002903
2.083070 0.002903
2.084938 0.002903
2.086806 0.002903
2.088674 0.002903
2.090542 0.002903
2.092410 0.002903
2.094278 0.002903
2.096146 0.002903
2.098014 0.002903
2.099882 0.002903
2.101750 0.002903
2.103618 0.002903
2.105486 0.002903
2.107354 0.002903
2.109222 0.002903
2.111090 0.002903
2.112958 0.002903
2.114826 0.002903
2.116694 0.002903
2.118562 0.002903
2.120430 0.002903
2.122298 0.002903
2.124166 0.002903
2.126034 0.002903
2.127902 0.002903
2.129770 0.002903
2.131638 0.004354
2.133506 0.004354
2.135374 0.004354
2.137242 0.004354
2.139110 0.004354
2.140978 0.004354
2.142846 0.004354
2.144714 0.004354
2.146582 0.004354
2.148450 0.004354
2.150319 0.004354
2.152187 0.004354
2.154055 0.004354
2.155923 0.004354
2.157791 0.005806
2.159659 0.005806
2.161527 0.005806
2.163395 0.005806
2.165263 0.005806
2.167131 0.005806
2.168999 0.005806
2.170867 0.005806
2.172735 0.005806
2.174603 0.005806
2.176471 0.005806
2.178339 0.005806
2.180207 0.005806
2.182075 0.005806
2.183943 0.005806
2.185811 0.005806
2.187679 0.005806
2.189547 0.005806
2.191415 0.005806
2.193283 0.005806
2.195151 0.005806
2.197019 0.005806
2.198887 0.005806
2.200755 0.005806
2.202623 0.005806
2.204491 0.005806
2.206359 0.005806
2.208227 0.005806
2.210095 0.005806
2.211963 0.005806
2.213831 0.005806
2.215699 0.005806
2.217567 0.005806
2.219435 0.005806
2.221303 0.005806
2.223171 0.005806
2.225039 0.005806
2.226907 0.005806
2.228775 0.005806
2.230643 0.005806
2.232511 0.005806
2.234379 0.005806
2.236247 0.005806
2.238115 0.005806
2.239983 0.005806
2.241852 0.005806
2.243720 0.005806
2.245588 0.005806
2.247456 0.005806
2.249324 0.005806
2.251192 0.005806
2.253060 0.005806
2.254928 0.005806
2.256796 0.005806
2.258664 0.005806
2.260532 0.005806
2.262400 0.005806
2.264268 0.005806
2.266136 0.005806
2.268004 0.005806
2.269872 0.005806
2.271740 0.005806
2.273608 0.005806
2.275476 0.005806
2.277344 0.005806
2.279212 0.005806
2.281080 0.005806
2.282948 0.005806
2.284816 0.007257
2.286684 0.007257
2.288552 0.007257
2.290420 0.007257
2.292288 0.007257
2.294156 0.007257
2.296024 0.007257
2.297892 0.008708
2.299760 0.008708
2.301628 0.008708
2.303496 0.008708
2.305364 0.008708
2.307232 0.008708
2.309100 0.008708
2.310968 0.008708
2.312836 0.010160
2.314704 0.010160
2.316572 0.010160
2.318440 0.010160
2.320308 0.010160
2.322176 0.010160
2.324044 0.010160
2.325912 0.010160
2.327780 0.010160
2.329648 0.011611
2.331516 0.011611
2.333385 0.011611
2.335253 0.011611
2.337121 0.011611
2.338989 0.011611
2.340857 0.011611
2.342725 0.011611
2.344593 0.011611
2.346461 0.011611
2.348329 0.011611
2.350197 0.011611
2.352065 0.011611
2.353933 0.011611
2.355801 0.011611
2.357669 0.011611
2.359537 0.011611
2.361405 0.011611
2.363273 0.013062
2.365141 0.013062
2.367009 0.013062
2.368877 0.013062
2.370745 0.013062
2.372613 0.013062
2.374481 0.013062
2.376349 0.013062
2.378217 0.013062
2.380085 0.013062
2.381953 0.013062
2.383821 0.013062
2.385689 0.013062
2.387557 0.014514
2.389425 0.014514
2.391293 0.014514
2.393161 0.015965
2.395029 0.015965
2.396897 0.015965
2.398765 0.015965
2.400633 0.015965
2.402501 0.015965
2.404369 0.015965
2.406237 0.017417
2.408105 0.017417
2.409973 0.017417
2.411841 0.017417
2.413709 0.018868
2.415577 0.018868
2.417445 0.018868
2.419313 0.020319
2.421181 0.020319
2.423049 0.020319
2.424917 0.021771
2.426786 0.021771
2.428654 0.021771
2.430522 0.021771
2.432390 0.021771
2.434258 0.021771
2.436126 0.021771
2.437994 0.021771
2.439862 0.021771
2.441730 0.021771
2.443598 0.023222
2.445466 0.024673
2.447334 0.024673
2.449202 0.024673
2.451070 0.026125
2.452938 0.026125
2.454806 0.026125
2.456674 0.026125
2.458542 0.026125
2.460410 0.026125
2.462278 0.026125
2.464146 0.026125
2.466014 0.026125
2.467882 0.026125
2.469750 0.026125
2.471618 0.026125
2.473486 0.026125
2.475354 0.026125
2.477222 0.026125
2.479090 0.026125
2.480958 0.026125
2.482826 0.026125
2.484694 0.026125
2.486562 0.029028
2.488430 0.029028
2.490298 0.029028
2.492166 0.029028
2.494034 0.030479
2.495902 0.030479
2.497770 0.030479
2.499638 0.030479
2.501506 0.030479
2.503374 0.031930
2.505242 0.031930
2.507110 0.031930
2.508978 0.031930
2.510846 0.031930
2.512714 0.031930
2.514582 0.031930
2.516450 0.031930
2.518319 0.031930
2.520187 0.033382
2.522055 0.033382
2.523923 0.033382
2.525791 0.033382
2.527659 0.034833
2.529527 0.034833
2.531395 0.036284
2.533263 0.036284
2.535131 0.037736
2.536999 0.037736
2.538867 0.039187
2.540735 0.039187
2.542603 0.039187
2.544471 0.039187
2.546339 0.039187
2.548207 0.039187
2.550075 0.039187
2.551943 0.039187
2.553811 0.040639
2.555679 0.040639
2.557547 0.040639
2.559415 0.040639
2.561283 0.042090
2.563151 0.043541
2.565019 0.043541
2.566887 0.044993
2.568755 0.044993
2.570623 0.044993
2.572491 0.044993
2.574359 0.044993
2.576227 0.044993
2.578095 0.044993
2.579963 0.046444
2.581831 0.047896
2.583699 0.047896
2.585567 0.049347
2.587435 0.049347
2.589303 0.049347
2.591171 0.049347
2.593039 0.049347
2.594907 0.049347
2.596775 0.050798
2.598643 0.050798
2.600511 0.050798
2.602379 0.052250
2.604247 0.052250
2.606115 0.052250
2.607983 0.053701
2.609851 0.053701
2.611720 0.056604
2.613588 0.056604
2.615456 0.056604
2.617324 0.056604
2.619192 0.056604
2.621060 0.056604
2.622928 0.058055
2.624796 0.058055
2.626664 0.058055
2.628532 0.059507
2.630400 0.059507
2.632268 0.059507
2.634136 0.060958
2.636004 0.060958
2.637872 0.060958
2.639740 0.063861
2.641608 0.063861
2.643476 0.063861
2.645344 0.063861
2.647212 0.063861
2.649080 0.063861
2.650948 0.063861
2.652816 0.063861
2.654684 0.063861
2.656552 0.063861
2.658420 0.063861
2.660288 0.063861
2.662156 0.063861
2.664024 0.063861
2.665892 0.063861
2.667760 0.063861
2.669628 0.063861
2.671496 0.063861
2.673364 0.063861
2.675232 0.063861
2.677100 0.063861
2.678968 0.063861
2.680836 0.063861
2.682704 0.063861
2.684572 0.063861
2.686440 0.065312
2.688308 0.065312
2.690176 0.066763
2.692044 0.066763
2.693912 0.066763
2.695780 0.066763
2.697648 0.068215
2.699516 0.068215
2.701384 0.069666
2.703253 0.069666
2.705121 0.069666
2.706989 0.069666
2.708857 0.069666
2.710725 0.069666
2.712593 0.071118
2.714461 0.071118
2.716329 0.072569
2.718197 0.072569
2.720065 0.072569
2.721933 0.072569
2.723801 0.074020
2.725669 0.074020
2.727537 0.074020
2.729405 0.074020
2.731273 0.074020
2.733141 0.074020
2.735009 0.074020
2.736877 0.075472
2.738745 0.075472
2.740613 0.076923
2.742481 0.078374
2.744349 0.078374
2.746217 0.078374
2.748085 0.078374
2.749953 0.079826
2.751821 0.079826
2.753689 0.081277
2.755557 0.082729
2.757425 0.082729
2.759293 0.084180
2.761161 0.084180
2.763029 0.085631
2.764897 0.087083
2.766765 0.087083
2.768633 0.088534
2.770501 0.088534
2.772369 0.089985
2.774237 0.091437
2.776105 0.091437
2.777973 0.091437
2.779841 0.092888
2.781709 0.092888
2.783577 0.094340
2.785445 0.094340
2.787313 0.094340
2.789181 0.095791
2.791049 0.095791
2.792917 0.095791
2.794786 0.097242
2.796654 0.097242
2.798522 0.097242
2.800390 0.097242
2.802258 0.097242
2.804126 0.097242
2.805994 0.097242
2.807862 0.098694
2.809730 0.098694
2.811598 0.098694
2.813466 0.098694
2.815334 0.100145
2.817202 0.101597
2.819070 0.101597
2.820938 0.101597
2.822806 0.101597
2.824674 0.101597
2.826542 0.101597
2.828410 0.103048
2.830278 0.103048
2.832146 0.103048
2.834014 0.103048
2.835882 0.104499
2.837750 0.104499
2.839618 0.104499
2.841486 0.104499
2.843354 0.104499
2.845222 0.104499
2.847090 0.105951
2.848958 0.105951
2.850826 0.105951
2.852694 0.107402
2.854562 0.107402
2.856430 0.107402
2.858298 0.107402
2.860166 0.107402
2.862034 0.107402
2.863902 0.108853
2.865770 0.108853
2.867638 0.110305
2.869506 0.110305
2.871374 0.110305
2.873242 0.110305
2.875110 0.110305
2.876978 0.110305
2.878846 0.110305
2.880714 0.110305
2.882582 0.111756
2.884450 0.111756
2.886318 0.111756
2.888187 0.113208
2.890055 0.113208
2.891923 0.113208
2.893791 0.114659
2.895659 0.114659
2.897527 0.114659
2.899395 0.114659
2.901263 0.119013
2.903131 0.119013
2.904999 0.120464
2.906867 0.123367
2.908735 0.123367
2.910603 0.123367
2.912471 0.123367
2.914339 0.123367
2.916207 0.123367
2.918075 0.124819
2.919943 0.126270
2.921811 0.126270
2.923679 0.126270
2.925547 0.127721
2.927415 0.127721
2.929283 0.127721
2.931151 0.129173
2.933019 0.129173
2.934887 0.129173
2.936755 0.129173
2.938623 0.129173
2.940491 0.129173
2.942359 0.129173
2.944227 0.129173
2.946095 0.129173
2.947963 0.130624
2.949831 0.130624
2.951699 0.133527
2.953567 0.133527
2.955435 0.134978
2.957303 0.134978
2.959171 0.136430
2.961039 0.136430
2.962907 0.136430
2.964775 0.139332
2.966643 0.139332
2.968511 0.139332
2.970379 0.139332
2.972247 0.139332
2.974115 0.140784
2.975983 0.142235
2.977851 0.142235
2.979720 0.143687
2.981588 0.143687
2.983456 0.143687
2.985324 0.145138
2.987192 0.146589
2.989060 0.146589
2.990928 0.146589
2.992796 0.148041
2.994664 0.148041
2.996532 0.149492
2.998400 0.149492
3.000268 0.149492
3.002136 0.149492
3.004004 0.149492
3.005872 0.150943
3.007740 0.152395
3.009608 0.152395
3.011476 0.156749
3.013344 0.159652
3.015212 0.161103
3.017080 0.162554
3.018948 0.162554
3.020816 0.162554
3.022684 0.162554
3.024552 0.162554
3.026420 0.162554
3.028288 0.162554
3.030156 0.162554
3.032024 0.162554
3.033892 0.162554
3.035760 0.162554
3.037628 0.164006
3.039496 0.165457
3.041364 0.168360
3.043232 0.171263
3.045100 0.172714
3.046968 0.175617
3.048836 0.175617
3.050704 0.175617
3.052572 0.175617
3.054440 0.177068
3.056308 0.179971
3.058176 0.179971
3.060044 0.182874
3.061912 0.182874
3.063780 0.182874
3.065648 0.182874
3.067516 0.182874
3.069384 0.182874
3.071252 0.184325
3.073121 0.184325
3.074989 0.185776
3.076857 0.187228
3.078725 0.187228
3.080593 0.187228
3.082461 0.188679
3.084329 0.190131
3.086197 0.190131
3.088065 0.190131
3.089933 0.193033
3.091801 0.193033
3.093669 0.194485
3.095537 0.194485
3.097405 0.195936
3.099273 0.195936
3.101141 0.195936
3.103009 0.195936
3.104877 0.198839
3.106745 0.198839
3.108613 0.198839
3.110481 0.198839
3.112349 0.200290
3.114217 0.200290
3.116085 0.200290
3.117953 0.201742
3.119821 0.201742
3.121689 0.201742
3.123557 0.203193
3.125425 0.203193
3.127293 0.204644
3.129161 0.204644
3.131029 0.204644
3.132897 0.204644
3.134765 0.204644
3.136633 0.204644
3.138501 0.204644
3.140369 0.207547
3.142237 0.207547
3.144105 0.208999
3.145973 0.210450
3.147841 0.210450
3.149709 0.211901
3.151577 0.211901
3.153445 0.211901
3.155313 0.213353
3.157181 0.213353
3.159049 0.214804
3.160917 0.216255
3.162785 0.216255
3.164654 0.217707
3.166522 0.217707
3.168390 0.217707
3.170258 0.217707
3.172126 0.217707
3.173994 0.219158
3.175862 0.219158
3.177730 0.219158
3.179598 0.219158
3.181466 0.219158
3.183334 0.220610
3.185202 0.220610
3.187070 0.220610
3.188938 0.220610
3.190806 0.220610
3.192674 0.222061
3.194542 0.222061
3.196410 0.223512
3.198278 0.223512
3.200146 0.223512
3.202014 0.224964
3.203882 0.226415
3.205750 0.226415
3.207618 0.226415
3.209486 0.227866
3.211354 0.227866
3.213222 0.229318
3.215090 0.229318
3.216958 0.229318
3.218826 0.229318
3.220694 0.229318
3.222562 0.230769
3.224430 0.232221
3.226298 0.233672
3.228166 0.233672
3.230034 0.233672
3.231902 0.235123
3.233770 0.236575
3.235638 0.238026
3.237506 0.238026
3.239374 0.238026
3.241242 0.238026
3.243110 0.240929
3.244978 0.240929
3.246846 0.240929
3.248714 0.240929
3.250582 0.242380
3.252450 0.242380
3.254318 0.242380
3.256187 0.242380
3.258055 0.243832
3.259923 0.243832
3.261791 0.243832
3.263659 0.245283
3.265527 0.246734
3.267395 0.249637
3.269263 0.249637
3.271131 0.249637
3.272999 0.249637
3.274867 0.249637
3.276735 0.249637
3.278603 0.249637
3.280471 0.251089
3.282339 0.251089
3.284207 0.251089
3.286075 0.251089
3.287943 0.252540
3.289811 0.253991
3.291679 0.253991
3.293547 0.255443
3.295415 0.255443
3.297283 0.256894
3.299151 0.256894
3.301019 0.256894
3.302887 0.258345
3.304755 0.259797
3.306623 0.259797
3.308491 0.262700
3.310359 0.262700
3.312227 0.262700
3.314095 0.262700
3.315963 0.262700
3.317831 0.262700
3.319699 0.262700
3.321567 0.262700
3.323435 0.264151
3.325303 0.264151
3.327171 0.267054
3.329039 0.267054
3.330907 0.268505
3.332775 0.268505
3.334643 0.268505
3.336511 0.269956
3.338379 0.269956
3.340247 0.269956
3.342115 0.269956
3.343983 0.269956
3.345851 0.271408
3.347719 0.271408
3.349588 0.271408
3.351456 0.274311
3.353324 0.274311
3.355192 0.274311
3.357060 0.275762
3.358928 0.275762
3.360796 0.275762
3.362664 0.275762
3.364532 0.277213
3.366400 0.277213
3.368268 0.277213
3.370136 0.277213
3.372004 0.277213
3.373872 0.278665
3.375740 0.278665
3.377608 0.280116
3.379476 0.281567
3.381344 0.281567
3.383212 0.281567
3.385080 0.281567
3.386948 0.281567
3.388816 0.284470
3.390684 0.284470
3.392552 0.285922
3.394420 0.285922
3.396288 0.285922
3.398156 0.285922
3.400024 0.285922
3.401892 0.288824
3.403760 0.288824
3.405628 0.288824
3.407496 0.288824
3.409364 0.290276
3.411232 0.290276
3.413100 0.290276
3.414968 0.290276
3.416836 0.290276
3.418704 0.291727
3.420572 0.291727
3.422440 0.293179
3.424308 0.293179
3.426176 0.293179
3.428044 0.293179
3.429912 0.293179
3.431780 0.294630
3.433648 0.294630
3.435516 0.296081
3.437384 0.297533
3.439252 0.297533
3.441121 0.297533
3.442989 0.297533
3.444857 0.298984
3.446725 0.300435
3.448593 0.300435
3.450461 0.300435
3.452329 0.301887
3.454197 0.301887
3.456065 0.301887
3.457933 0.303338
3.459801 0.303338
3.461669 0.303338
3.463537 0.304790
3.465405 0.306241
3.467273 0.306241
3.469141 0.306241
3.471009 0.307692
3.472877 0.307692
3.474745 0.309144
3.476613 0.309144
3.478481 0.309144
3.480349 0.309144
3.482217 0.309144
3.484085 0.309144
3.485953 0.309144
3.487821 0.309144
3.489689 0.310595
3.491557 0.310595
3.493425 0.312046
3.495293 0.312046
3.497161 0.313498
3.499029 0.314949
3.500897 0.316401
3.502765 0.316401
3.504633 0.316401
3.506501 0.316401
3.508369 0.317852
3.510237 0.317852
3.512105 0.317852
3.513973 0.320755
3.515841 0.323657
3.517709 0.323657
3.519577 0.325109
3.521445 0.325109
3.523313 0.326560
3.525181 0.326560
3.527049 0.329463
3.528917 0.330914
3.530785 0.330914
3.532653 0.332366
3.534522 0.333817
3.536390 0.333817
3.538258 0.333817
3.540126 0.335269
3.541994 0.335269
3.543862 0.335269
3.545730 0.335269
3.547598 0.336720
3.549466 0.336720
3.551334 0.339623
3.553202 0.339623
3.555070 0.341074
3.556938 0.341074
3.558806 0.342525
3.560674 0.342525
3.562542 0.342525
3.564410 0.342525
3.566278 0.342525
3.568146 0.343977
3.570014 0.345428
3.571882 0.345428
3.573750 0.345428
3.575618 0.346880
3.577486 0.346880
3.579354 0.346880
3.581222 0.346880
3.583090 0.346880
3.584958 0.346880
3.586826 0.348331
3.588694 0.349782
3.590562 0.351234
3.592430 0.352685
3.594298 0.355588
3.596166 0.355588
3.598034 0.355588
3.599902 0.355588
3.601770 0.355588
3.603638 0.355588
3.605506 0.355588
3.607374 0.357039
3.609242 0.357039
3.611110 0.357039
3.612978 0.357039
3.614846 0.358491
3.616714 0.358491
3.618582 0.358491
3.620450 0.364296
3.622318 0.364296
3.624186 0.364296
3.626055 0.364296
3.627923 0.364296
3.629791 0.364296
3.631659 0.364296
3.633527 0.365747
3.635395 0.367199
3.637263 0.368650
3.639131 0.373004
3.640999 0.373004
3.642867 0.374456
3.644735 0.374456
3.646603 0.374456
3.648471 0.374456
3.650339 0.374456
3.652207 0.374456
3.654075 0.374456
3.655943 0.375907
3.657811 0.375907
3.659679 0.377358
3.661547 0.377358
3.663415 0.378810
3.665283 0.378810
3.667151 0.380261
3.669019 0.383164
3.670887 0.383164
3.672755 0.383164
3.674623 0.383164
3.676491 0.383164
3.678359 0.384615
3.680227 0.387518
3.682095 0.387518
3.683963 0.388970
3.685831 0.390421
3.687699 0.390421
3.689567 0.390421
3.691435 0.390421
3.693303 0.391872
3.695171 0.393324
3.697039 0.393324
3.698907 0.393324
3.700775 0.393324
3.702643 0.394775
3.704511 0.396226
3.706379 0.397678
3.708247 0.399129
3.710115 0.399129
3.711983 0.400581
3.713851 0.400581
3.715719 0.403483
3.717587 0.403483
3.719456 0.403483
3.721324 0.404935
3.723192 0.404935
3.725060 0.406386
3.726928 0.406386
3.728796 0.406386
3.730664 0.406386
3.732532 0.409289
3.734400 0.412192
3.736268 0.412192
3.738136 0.413643
3.740004 0.413643
3.741872 0.415094
3.743740 0.416546
3.745608 0.416546
3.747476 0.416546
3.749344 0.417997
3.751212 0.419448
3.753080 0.419448
3.754948 0.419448
3.756816 0.419448
3.758684 0.419448
3.760552 0.420900
3.762420 0.420900
3.764288 0.420900
3.766156 0.420900
3.768024 0.420900
3.769892 0.420900
3.771760 0.422351
3.773628 0.422351
3.775496 0.423803
3.777364 0.425254
3.779232 0.425254
3.781100 0.425254
3.782968 0.425254
3.784836 0.426705
3.786704 0.426705
3.788572 0.426705
3.790440 0.428157
3.792308 0.428157
3.794176 0.429608
3.796044 0.429608
3.797912 0.429608
3.799780 0.429608
3.801648 0.431060
3.803516 0.432511
3.805384 0.432511
3.807252 0.432511
3.809120 0.432511
3.810989 0.432511
3.812857 0.433962
3.814725 0.433962
3.816593 0.433962
3.818461 0.435414
3.820329 0.436865
3.822197 0.436865
3.824065 0.436865
3.825933 0.436865
3.827801 0.438316
3.829669 0.438316
3.831537 0.438316
3.833405 0.438316
3.835273 0.441219
3.837141 0.441219
3.839009 0.444122
3.840877 0.444122
3.842745 0.444122
3.844613 0.444122
3.846481 0.444122
3.848349 0.445573
3.850217 0.445573
3.852085 0.447025
3.853953 0.447025
3.855821 0.447025
3.857689 0.447025
3.859557 0.448476
3.861425 0.448476
3.863293 0.451379
3.865161 0.451379
3.867029 0.451379
3.868897 0.451379
3.870765 0.452830
3.872633 0.452830
3.874501 0.452830
3.876369 0.452830
3.878237 0.452830
3.880105 0.455733
3.881973 0.455733
3.883841 0.455733
3.885709 0.455733
3.887577 0.455733
3.889445 0.455733
3.891313 0.457184
3.893181 0.457184
3.895049 0.457184
3.896917 0.458636
3.898785 0.458636
3.900653 0.458636
3.902522 0.458636
3.904390 0.460087
3.906258 0.461538
3.908126 0.461538
3.909994 0.461538
3.911862 0.464441
3.913730 0.465893
3.915598 0.465893
3.917466 0.465893
3.919334 0.468795
3.921202 0.468795
3.923070 0.470247
3.924938 0.470247
3.926806 0.470247
3.928674 0.471698
3.930542 0.471698
3.932410 0.471698
3.934278 0.473149
3.936146 0.473149
3.938014 0.473149
3.939882 0.473149
3.941750 0.473149
3.943618 0.474601
3.945486 0.476052
3.947354 0.477504
3.949222 0.477504
3.951090 0.478955
3.952958 0.478955
3.954826 0.478955
3.956694 0.478955
3.958562 0.480406
3.960430 0.481858
3.962298 0.481858
3.964166 0.481858
3.966034 0.481858
3.967902 0.483309
3.969770 0.483309
3.971638 0.483309
3.973506 0.484761
3.975374 0.484761
3.977242 0.484761
3.979110 0.487663
3.980978 0.487663
3.982846 0.487663
3.984714 0.487663
3.986582 0.489115
3.988450 0.489115
3.990318 0.489115
3.992186 0.489115
3.994054 0.489115
3.995923 0.489115
3.997791 0.489115
3.999659 0.489115
4.001527 0.489115
4.003395 0.492017
4.005263 0.494920
4.007131 0.494920
4.008999 0.494920
4.010867 0.494920
4.012735 0.496372
4.014603 0.499274
4.016471 0.499274
4.018339 0.499274
4.020207 0.499274
4.022075 0.500726
4.023943 0.502177
4.025811 0.502177
4.027679 0.502177
4.029547 0.502177
4.031415 0.502177
4.033283 0.503628
4.035151 0.506531
4.037019 0.506531
4.038887 0.506531
4.040755 0.506531
4.042623 0.506531
4.044491 0.506531
4.046359 0.507983
4.048227 0.507983
4.050095 0.507983
4.051963 0.507983
4.053831 0.507983
4.055699 0.509434
4.057567 0.509434
4.059435 0.509434
4.061303 0.509434
4.063171 0.510885
4.065039 0.510885
4.066907 0.510885
4.068775 0.512337
4.070643 0.512337
4.072511 0.512337
4.074379 0.512337
4.076247 0.512337
4.078115 0.512337
4.079983 0.513788
4.081851 0.513788
4.083719 0.513788
4.085587 0.515239
4.087456 0.515239
4.089324 0.515239
4.091192 0.516691
4.093060 0.518142
4.094928 0.518142
4.096796 0.518142
4.098664 0.519594
4.100532 0.519594
4.102400 0.519594
4.104268 0.519594
4.106136 0.519594
4.108004 0.521045
4.109872 0.521045
4.111740 0.521045
4.113608 0.522496
4.115476 0.522496
4.117344 0.522496
4.119212 0.522496
4.121080 0.522496
4.122948 0.522496
4.124816 0.523948
4.126684 0.523948
4.128552 0.523948
4.130420 0.523948
4.132288 0.523948
4.134156 0.526851
4.136024 0.529753
4.137892 0.531205
4.139760 0.534107
4.141628 0.534107
4.143496 0.535559
4.145364 0.535559
4.147232 0.535559
4.149100 0.535559
4.150968 0.535559
4.152836 0.535559
4.154704 0.535559
4.156572 0.535559
4.158440 0.535559
4.160308 0.537010
4.162176 0.537010
4.164044 0.537010
4.165912 0.538462
4.167780 0.538462
4.169648 0.539913
4.171516 0.539913
4.173384 0.539913
4.175252 0.539913
4.177120 0.539913
4.178988 0.539913
4.180857 0.541364
4.182725 0.541364
4.184593 0.541364
4.186461 0.541364
4.188329 0.542816
4.190197 0.544267
4.192065 0.545718
4.193933 0.547170
4.195801 0.548621
4.197669 0.548621
4.199537 0.548621
4.201405 0.548621
4.203273 0.548621
4.205141 0.548621
4.207009 0.548621
4.208877 0.550073
4.210745 0.550073
4.212613 0.550073
4.214481 0.551524
4.216349 0.551524
4.218217 0.551524
4.220085 0.551524
4.221953 0.551524
4.223821 0.551524
4.225689 0.551524
4.227557 0.552975
4.229425 0.552975
4.231293 0.552975
4.233161 0.552975
4.235029 0.552975
4.236897 0.552975
4.238765 0.552975
4.240633 0.552975
4.242501 0.552975
4.244369 0.555878
4.246237 0.555878
4.248105 0.555878
4.249973 0.555878
4.251841 0.555878
4.253709 0.557329
4.255577 0.557329
4.257445 0.558781
4.259313 0.558781
4.261181 0.560232
4.263049 0.560232
4.264917 0.560232
4.266785 0.560232
4.268653 0.560232
4.270521 0.560232
4.272390 0.560232
4.274258 0.560232
4.276126 0.560232
4.277994 0.560232
4.279862 0.560232
4.281730 0.563135
4.283598 0.563135
4.285466 0.563135
4.287334 0.563135
4.289202 0.563135
4.291070 0.563135
4.292938 0.563135
4.294806 0.566038
4.296674 0.566038
4.298542 0.567489
4.300410 0.568940
4.302278 0.570392
4.304146 0.570392
4.306014 0.570392
4.307882 0.570392
4.309750 0.570392
4.311618 0.570392
4.313486 0.570392
4.315354 0.570392
4.317222 0.571843
4.319090 0.571843
4.320958 0.571843
4.322826 0.571843
4.324694 0.571843
4.326562 0.571843
4.328430 0.573295
4.330298 0.574746
4.332166 0.574746
4.334034 0.574746
4.335902 0.576197
4.337770 0.577649
4.339638 0.577649
4.341506 0.577649
4.343374 0.577649
4.345242 0.579100
4.347110 0.579100
4.348978 0.580552
4.350846 0.580552
4.352714 0.580552
4.354582 0.580552
4.356450 0.582003
4.358318 0.582003
4.360186 0.582003
4.362054 0.583454
4.363923 0.583454
4.365791 0.583454
4.367659 0.583454
4.369527 0.583454
4.371395 0.583454
4.373263 0.584906
4.375131 0.584906
4.376999 0.584906
4.378867 0.584906
4.380735 0.584906
4.382603 0.586357
4.384471 0.586357
4.386339 0.587808
4.388207 0.587808
4.390075 0.589260
4.391943 0.589260
4.393811 0.589260
4.395679 0.589260
4.397547 0.589260
4.399415 0.589260
4.401283 0.589260
4.403151 0.592163
4.405019 0.593614
4.406887 0.596517
4.408755 0.596517
4.410623 0.596517
4.412491 0.596517
4.414359 0.597968
4.416227 0.597968
4.418095 0.600871
4.419963 0.600871
4.421831 0.600871
4.423699 0.600871
4.425567 0.600871
4.427435 0.600871
4.429303 0.602322
4.431171 0.602322
4.433039 0.602322
4.434907 0.602322
4.436775 0.603774
4.438643 0.605225
4.440511 0.605225
4.442379 0.605225
4.444247 0.605225
4.446115 0.605225
4.447983 0.606676
4.449851 0.606676
4.451719 0.606676
4.453587 0.606676
4.455455 0.606676
4.457324 0.606676
4.459192 0.606676
4.461060 0.606676
4.462928 0.606676
4.464796 0.606676
4.466664 0.606676
4.468532 0.606676
4.470400 0.606676
4.472268 0.606676
4.474136 0.606676
4.476004 0.608128
4.477872 0.608128
4.479740 0.608128
4.481608 0.609579
4.483476 0.609579
4.485344 0.609579
4.487212 0.609579
4.489080 0.609579
4.490948 0.611030
4.492816 0.612482
4.494684 0.612482
4.496552 0.612482
4.498420 0.612482
4.500288 0.612482
4.502156 0.612482
4.504024 0.612482
4.505892 0.615385
4.507760 0.618287
4.509628 0.618287
4.511496 0.618287
4.513364 0.618287
4.515232 0.618287
4.517100 0.618287
4.518968 0.618287
4.520836 0.618287
4.522704 0.618287
4.524572 0.618287
4.526440 0.618287
4.528308 0.618287
4.530176 0.618287
4.532044 0.618287
4.533912 0.618287
4.535780 0.618287
4.537648 0.618287
4.539516 0.618287
4.541384 0.618287
4.543252 0.618287
4.545120 0.618287
4.546988 0.618287
4.548857 0.618287
4.550725 0.618287
4.552593 0.619739
4.554461 0.619739
4.556329 0.619739
4.558197 0.619739
4.560065 0.619739
4.561933 0.619739
4.563801 0.619739
4.565669 0.621190
4.567537 0.622642
4.569405 0.622642
4.571273 0.622642
4.573141 0.622642
4.575009 0.624093
4.576877 0.624093
4.578745 0.624093
4.580613 0.624093
4.582481 0.624093
4.584349 0.624093
4.586217 0.624093
4.588085 0.624093
4.589953 0.624093
4.591821 0.624093
4.593689 0.624093
4.595557 0.625544
4.597425 0.626996
4.599293 0.626996
4.601161 0.626996
4.603029 0.626996
4.604897 0.628447
4.606765 0.629898
4.608633 0.629898
4.610501 0.629898
4.612369 0.631350
4.614237 0.632801
4.616105 0.632801
4.617973 0.632801
4.619841 0.632801
4.621709 0.632801
4.623577 0.632801
4.625445 0.632801
4.627313 0.635704
4.629181 0.635704
4.631049 0.635704
4.632917 0.637155
4.634785 0.637155
4.636653 0.637155
4.638521 0.637155
4.640389 0.637155
4.642258 0.638607
4.644126 0.640058
4.645994 0.642961
4.647862 0.644412
4.649730 0.644412
4.651598 0.644412
4.653466 0.644412
4.655334 0.644412
4.657202 0.644412
4.659070 0.645864
4.660938 0.645864
4.662806 0.645864
4.664674 0.645864
4.666542 0.645864
4.668410 0.645864
4.670278 0.645864
4.672146 0.645864
4.674014 0.647315
4.675882 0.647315
4.677750 0.647315
4.679618 0.647315
4.681486 0.647315
4.683354 0.647315
4.685222 0.647315
4.687090 0.647315
4.688958 0.647315
4.690826 0.647315
4.692694 0.647315
4.694562 0.648766
4.696430 0.648766
4.698298 0.648766
4.700166 0.648766
4.702034 0.650218
4.703902 0.650218
4.705770 0.651669
4.707638 0.651669
4.709506 0.653120
4.711374 0.653120
4.713242 0.653120
4.715110 0.653120
4.716978 0.653120
4.718846 0.653120
4.720714 0.653120
4.722582 0.653120
4.724450 0.654572
4.726318 0.654572
4.728186 0.656023
4.730054 0.656023
4.731922 0.657475
4.733791 0.657475
4.735659 0.657475
4.737527 0.657475
4.739395 0.657475
4.741263 0.657475
4.743131 0.657475
4.744999 0.657475
4.746867 0.658926
4.748735 0.658926
4.750603 0.658926
4.752471 0.658926
4.754339 0.658926
4.756207 0.658926
4.758075 0.660377
4.759943 0.660377
4.761811 0.660377
4.763679 0.660377
4.765547 0.660377
4.767415 0.661829
4.769283 0.661829
4.771151 0.661829
4.773019 0.663280
4.774887 0.663280
4.776755 0.663280
4.778623 0.663280
4.780491 0.663280
4.782359 0.664731
4.784227 0.664731
4.786095 0.664731
4.787963 0.664731
4.789831 0.666183
4.791699 0.666183
4.793567 0.667634
4.795435 0.667634
4.797303 0.670537
4.799171 0.670537
4.801039 0.671988
4.802907 0.671988
4.804775 0.671988
4.806643 0.671988
4.808511 0.671988
4.810379 0.671988
4.812247 0.671988
4.814115 0.671988
4.815983 0.671988
4.817851 0.673440
4.819719 0.674891
4.821587 0.674891
4.823455 0.676343
4.825324 0.676343
4.827192 0.676343
4.829060 0.676343
4.830928 0.676343
4.832796 0.676343
4.834664 0.677794
4.836532 0.677794
4.838400 0.677794
4.840268 0.677794
4.842136 0.677794
4.844004 0.679245
4.845872 0.680697
4.847740 0.680697
4.849608 0.680697
4.851476 0.682148
4.853344 0.682148
4.855212 0.682148
4.857080 0.682148
4.858948 0.682148
4.860816 0.683599
4.862684 0.683599
4.864552 0.685051
4.866420 0.685051
4.868288 0.685051
4.870156 0.685051
4.872024 0.685051
4.873892 0.685051
4.875760 0.685051
4.877628 0.685051
4.879496 0.686502
4.881364 0.686502
4.883232 0.687954
4.885100 0.687954
4.886968 0.687954
4.888836 0.687954
4.890704 0.687954
4.892572 0.687954
4.894440 0.687954
4.896308 0.687954
4.898176 0.687954
4.900044 0.687954
4.901912 0.687954
4.903780 0.687954
4.905648 0.687954
4.907516 0.687954
4.909384 0.687954
4.911252 0.687954
4.913120 0.687954
4.914988 0.687954
4.916856 0.689405
4.918725 0.690856
4.920593 0.690856
4.922461 0.690856
4.924329 0.690856
4.926197 0.693759
4.928065 0.693759
4.929933 0.693759
4.931801 0.695210
4.933669 0.695210
4.935537 0.695210
4.937405 0.695210
4.939273 0.695210
4.941141 0.695210
4.943009 0.696662
4.944877 0.696662
4.946745 0.696662
4.948613 0.696662
4.950481 0.696662
4.952349 0.696662
4.954217 0.696662
4.956085 0.696662
4.957953 0.696662
4.959821 0.696662
4.961689 0.696662
4.963557 0.696662
4.965425 0.696662
4.967293 0.696662
4.969161 0.696662
4.971029 0.696662
4.972897 0.696662
4.974765 0.696662
4.976633 0.696662
4.978501 0.696662
4.980369 0.696662
4.982237 0.696662
4.984105 0.696662
4.985973 0.698113
4.987841 0.698113
4.989709 0.698113
4.991577 0.698113
4.993445 0.698113
4.995313 0.698113
4.997181 0.698113
4.999049 0.698113
5.000917 0.698113
5.002785 0.699565
5.004653 0.699565
5.006521 0.699565
5.008389 0.699565
5.010258 0.699565
5.012126 0.699565
5.013994 0.699565
5.015862 0.699565
5.017730 0.699565
5.019598 0.699565
5.021466 0.699565
5.023334 0.699565
5.025202 0.699565
5.027070 0.699565
5.028938 0.699565
5.030806 0.699565
5.032674 0.699565
5.034542 0.699565
5.036410 0.701016
5.038278 0.701016
5.040146 0.701016
5.042014 0.701016
5.043882 0.701016
5.045750 0.701016
5.047618 0.701016
5.049486 0.701016
5.051354 0.701016
5.053222 0.701016
5.055090 0.701016
5.056958 0.701016
5.058826 0.702467
5.060694 0.702467
5.062562 0.702467
5.064430 0.702467
5.066298 0.702467
5.068166 0.702467
5.070034 0.703919
5.071902 0.705370
5.073770 0.706821
5.075638 0.706821
5.077506 0.706821
5.079374 0.706821
5.081242 0.706821
5.083110 0.706821
5.084978 0.706821
5.086846 0.706821
5.088714 0.708273
5.090582 0.709724
5.092450 0.709724
5.094318 0.709724
5.096186 0.709724
5.098054 0.709724
5.099922 0.709724
5.101790 0.709724
5.103659 0.709724
5.105527 0.711176
5.107395 0.711176
5.109263 0.711176
5.111131 0.711176
5.112999 0.711176
5.114867 0.711176
5.116735 0.711176
5.118603 0.711176
5.120471 0.711176
5.122339 0.711176
5.124207 0.714078
5.126075 0.714078
5.127943 0.716981
5.129811 0.716981
5.131679 0.716981
5.133547 0.716981
5.135415 0.718433
5.137283 0.718433
5.139151 0.718433
5.141019 0.719884
5.142887 0.721335
5.144755 0.722787
5.146623 0.724238
5.148491 0.724238
5.150359 0.725689
5.152227 0.725689
5.154095 0.725689
5.155963 0.727141
5.157831 0.727141
5.159699 0.727141
5.161567 0.727141
5.163435 0.727141
5.165303 0.728592
5.167171 0.728592
5.169039 0.728592
5.170907 0.728592
5.172775 0.730044
5.174643 0.730044
5.176511 0.730044
5.178379 0.730044
5.180247 0.730044
5.182115 0.730044
5.183983 0.730044
5.185851 0.730044
5.187719 0.730044
5.189587 0.731495
5.191455 0.731495
5.193323 0.731495
5.195192 0.731495
5.197060 0.731495
5.198928 0.731495
5.200796 0.731495
5.202664 0.732946
5.204532 0.732946
5.206400 0.734398
5.208268 0.735849
5.210136 0.735849
5.212004 0.735849
5.213872 0.735849
5.215740 0.735849
5.217608 0.737300
5.219476 0.737300
5.221344 0.737300
5.223212 0.737300
5.225080 0.737300
5.226948 0.740203
5.228816 0.740203
5.230684 0.740203
5.232552 0.740203
5.234420 0.740203
5.236288 0.740203
5.238156 0.740203
5.240024 0.740203
5.241892 0.740203
5.243760 0.740203
5.245628 0.740203
5.247496 0.740203
5.249364 0.741655
5.251232 0.743106
5.253100 0.743106
5.254968 0.743106
5.256836 0.743106
5.258704 0.743106
5.260572 0.743106
5.262440 0.743106
5.264308 0.743106
5.266176 0.743106
5.268044 0.743106
5.269912 0.743106
5.271780 0.744557
5.273648 0.744557
5.275516 0.744557
5.277384 0.744557
5.279252 0.744557
5.281120 0.744557
5.282988 0.744557
5.284856 0.744557
5.286724 0.746009
5.288593 0.746009
5.290461 0.746009
5.292329 0.746009
5.294197 0.746009
5.296065 0.746009
5.297933 0.746009
5.299801 0.746009
5.301669 0.746009
5.303537 0.746009
5.305405 0.746009
5.307273 0.746009
5.309141 0.746009
5.311009 0.746009
5.312877 0.746009
5.314745 0.748911
5.316613 0.748911
5.318481 0.748911
5.320349 0.748911
5.322217 0.748911
5.324085 0.748911
5.325953 0.750363
5.327821 0.750363
5.329689 0.750363
5.331557 0.750363
5.333425 0.750363
5.335293 0.750363
5.337161 0.750363
5.339029 0.750363
5.340897 0.751814
5.342765 0.751814
5.344633 0.751814
5.346501 0.751814
5.348369 0.751814
5.350237 0.751814
5.352105 0.751814
5.353973 0.751814
5.355841 0.751814
5.357709 0.751814
5.359577 0.753266
5.361445 0.754717
5.363313 0.754717
5.365181 0.754717
5.367049 0.754717
5.368917 0.756168
5.370785 0.756168
5.372653 0.756168
5.374521 0.756168
5.376389 0.756168
5.378257 0.756168
5.380126 0.756168
5.381994 0.756168
5.383862 0.757620
5.385730 0.757620
5.387598 0.757620
5.389466 0.757620
5.391334 0.757620
5.393202 0.757620
5.395070 0.759071
5.396938 0.759071
5.398806 0.760522
5.400674 0.760522
5.402542 0.760522
5.404410 0.760522
5.406278 0.760522
5.408146 0.760522
5.410014 0.760522
5.411882 0.760522
5.413750 0.760522
5.415618 0.760522
5.417486 0.760522
5.419354 0.761974
5.421222 0.761974
5.423090 0.761974
5.424958 0.763425
5.426826 0.763425
5.428694 0.764877
5.430562 0.764877
5.432430 0.764877
5.434298 0.764877
5.436166 0.764877
5.438034 0.766328
5.439902 0.766328
5.441770 0.769231
5.443638 0.769231
5.445506 0.769231
5.447374 0.769231
5.449242 0.770682
5.451110 0.770682
5.452978 0.772134
5.454846 0.772134
5.456714 0.773585
5.458582 0.775036
5.460450 0.775036
5.462318 0.775036
5.464186 0.775036
5.466054 0.776488
5.467922 0.776488
5.469790 0.776488
5.471659 0.776488
5.473527 0.776488
5.475395 0.776488
5.477263 0.776488
5.479131 0.776488
5.480999 0.776488
5.482867 0.776488
5.484735 0.776488
5.486603 0.776488
5.488471 0.776488
5.490339 0.776488
5.492207 0.776488
5.494075 0.776488
5.495943 0.776488
5.497811 0.776488
5.499679 0.776488
5.501547 0.776488
5.503415 0.776488
5.505283 0.776488
5.507151 0.776488
5.509019 0.776488
5.510887 0.776488
5.512755 0.777939
5.514623 0.777939
5.516491 0.777939
5.518359 0.777939
5.520227 0.777939
5.522095 0.777939
5.523963 0.779390
5.525831 0.779390
5.527699 0.779390
5.529567 0.779390
5.531435 0.779390
5.533303 0.779390
5.535171 0.779390
5.537039 0.779390
5.538907 0.779390
5.540775 0.779390
5.542643 0.779390
5.544511 0.779390
5.546379 0.779390
5.548247 0.779390
5.550115 0.779390
5.551983 0.779390
5.553851 0.779390
5.555719 0.779390
5.557587 0.780842
5.559455 0.780842
5.561323 0.780842
5.563191 0.780842
5.565060 0.782293
5.566928 0.782293
5.568796 0.782293
5.570664 0.783745
5.572532 0.783745
5.574400 0.783745
5.576268 0.783745
5.578136 0.783745
5.580004 0.785196
5.581872 0.786647
5.583740 0.786647
5.585608 0.786647
5.587476 0.786647
5.589344 0.786647
5.591212 0.786647
5.593080 0.786647
5.594948 0.788099
5.596816 0.788099
5.598684 0.788099
5.600552 0.788099
5.602420 0.788099
5.604288 0.788099
5.606156 0.788099
5.608024 0.788099
5.609892 0.788099
5.611760 0.788099
5.613628 0.788099
5.615496 0.788099
5.617364 0.788099
5.619232 0.788099
5.621100 0.788099
5.622968 0.788099
5.624836 0.788099
5.626704 0.788099
5.628572 0.788099
5.630440 0.788099
5.632308 0.788099
5.634176 0.788099
5.636044 0.788099
5.637912 0.788099
5.639780 0.788099
5.641648 0.789550
5.643516 0.789550
5.645384 0.791001
5.647252 0.791001
5.649120 0.791001
5.650988 0.791001
5.652856 0.791001
5.654724 0.791001
5.656593 0.791001
5.658461 0.791001
5.660329 0.791001
5.662197 0.791001
5.664065 0.791001
5.665933 0.791001
5.667801 0.791001
5.669669 0.791001
5.671537 0.791001
5.673405 0.791001
5.675273 0.792453
5.677141 0.792453
5.679009 0.792453
5.680877 0.792453
5.682745 0.792453
5.684613 0.792453
5.686481 0.792453
5.688349 0.792453
5.690217 0.792453
5.692085 0.792453
5.693953 0.793904
5.695821 0.793904
5.697689 0.793904
5.699557 0.793904
5.701425 0.793904
5.703293 0.793904
5.705161 0.793904
5.707029 0.793904
5.708897 0.795356
5.710765 0.795356
5.712633 0.795356
5.714501 0.795356
5.716369 0.795356
5.718237 0.795356
5.720105 0.795356
5.721973 0.796807
5.723841 0.796807
5.725709 0.798258
5.727577 0.798258
5.729445 0.798258
5.731313 0.798258
5.733181 0.798258
5.735049 0.798258
5.736917 0.799710
5.738785 0.799710
5.740653 0.799710
5.742521 0.799710
5.744389 0.799710
5.746257 0.801161
5.748125 0.801161
5.749994 0.801161
5.751862 0.801161
5.753730 0.801161
5.755598 0.801161
5.757466 0.802612
5.759334 0.802612
5.761202 0.802612
5.763070 0.802612
5.764938 0.802612
5.766806 0.802612
5.768674 0.802612
5.770542 0.802612
5.772410 0.802612
5.774278 0.802612
5.776146 0.802612
5.778014 0.802612
5.779882 0.802612
5.781750 0.802612
5.783618 0.802612
5.785486 0.802612
5.787354 0.802612
5.789222 0.802612
5.791090 0.802612
5.792958 0.802612
5.794826 0.802612
5.796694 0.802612
5.798562 0.802612
5.800430 0.802612
5.802298 0.802612
5.804166 0.802612
5.806034 0.802612
5.807902 0.802612
5.809770 0.802612
5.811638 0.802612
5.813506 0.802612
5.815374 0.802612
5.817242 0.802612
5.819110 0.804064
5.820978 0.804064
5.822846 0.804064
5.824714 0.804064
5.826582 0.804064
5.828450 0.804064
5.830318 0.804064
5.832186 0.804064
5.834054 0.804064
5.835922 0.804064
5.837790 0.804064
5.839658 0.804064
5.841527 0.804064
5.843395 0.804064
5.845263 0.804064
5.847131 0.805515
5.848999 0.805515
5.850867 0.805515
5.852735 0.805515
5.854603 0.805515
5.856471 0.805515
5.858339 0.805515
5.860207 0.805515
5.862075 0.805515
5.863943 0.805515
5.865811 0.806967
5.867679 0.806967
5.869547 0.806967
5.871415 0.806967
5.873283 0.806967
5.875151 0.806967
5.877019 0.806967
5.878887 0.806967
5.880755 0.806967
5.882623 0.806967
5.884491 0.806967
5.886359 0.806967
5.888227 0.806967
5.890095 0.808418
5.891963 0.808418
5.893831 0.808418
5.895699 0.808418
5.897567 0.808418
5.899435 0.808418
5.901303 0.808418
5.903171 0.808418
5.905039 0.808418
5.906907 0.808418
5.908775 0.808418
5.910643 0.808418
5.912511 0.808418
5.914379 0.809869
5.916247 0.809869
5.918115 0.809869
5.919983 0.809869
5.921851 0.809869
5.923719 0.809869
5.925587 0.809869
5.927455 0.809869
5.929323 0.809869
5.931191 0.809869
5.933060 0.811321
5.934928 0.811321
5.936796 0.811321
5.938664 0.811321
5.940532 0.811321
5.942400 0.812772
5.944268 0.812772
5.946136 0.812772
5.948004 0.814224
5.949872 0.815675
5.951740 0.815675
5.953608 0.815675
5.955476 0.815675
5.957344 0.815675
5.959212 0.815675
5.961080 0.815675
5.962948 0.815675
5.964816 0.817126
5.966684 0.817126
5.968552 0.817126
5.970420 0.817126
5.972288 0.817126
5.974156 0.817126
5.976024 0.817126
5.977892 0.817126
5.979760 0.817126
5.981628 0.817126
5.983496 0.818578
5.985364 0.818578
5.987232 0.818578
5.989100 0.820029
5.990968 0.820029
5.992836 0.820029
5.994704 0.820029
5.996572 0.821480
5.998440 0.821480
6.000308 0.821480
6.002176 0.821480
6.004044 0.821480
6.005912 0.821480
6.007780 0.821480
6.009648 0.821480
6.011516 0.821480
6.013384 0.821480
6.015252 0.821480
6.017120 0.821480
6.018988 0.821480
6.020856 0.821480
6.022724 0.821480
6.024592 0.821480
6.026461 0.821480
6.028329 0.821480
6.030197 0.822932
6.032065 0.822932
6.033933 0.822932
6.035801 0.822932
6.037669 0.824383
6.039537 0.824383
6.041405 0.824383
6.043273 0.824383
6.045141 0.825835
6.047009 0.825835
6.048877 0.825835
6.050745 0.825835
6.052613 0.825835
6.054481 0.825835
6.056349 0.825835
6.058217 0.825835
6.060085 0.825835
6.061953 0.825835
6.063821 0.825835
6.065689 0.825835
6.067557 0.827286
6.069425 0.827286
6.071293 0.827286
6.073161 0.827286
6.075029 0.828737
6.076897 0.828737
6.078765 0.828737
6.080633 0.828737
6.082501 0.828737
6.084369 0.828737
6.086237 0.828737
6.088105 0.828737
6.089973 0.828737
6.091841 0.828737
6.093709 0.828737
6.095577 0.828737
6.097445 0.830189
6.099313 0.830189
6.101181 0.830189
6.103049 0.830189
6.104917 0.830189
6.106785 0.830189
6.108653 0.830189
6.110521 0.831640
6.112389 0.831640
6.114257 0.831640
6.116125 0.831640
6.117994 0.831640
6.119862 0.831640
6.121730 0.831640
6.123598 0.831640
6.125466 0.831640
6.127334 0.831640
6.129202 0.831640
6.131070 0.831640
6.132938 0.831640
6.134806 0.831640
6.136674 0.831640
6.138542 0.833091
6.140410 0.833091
6.142278 0.833091
6.144146 0.833091
6.146014 0.833091
6.147882 0.833091
6.149750 0.833091
6.151618 0.833091
6.153486 0.833091
6.155354 0.833091
6.157222 0.833091
6.159090 0.833091
6.160958 0.833091
6.162826 0.833091
6.164694 0.833091
6.166562 0.833091
6.168430 0.833091
6.170298 0.833091
6.172166 0.833091
6.174034 0.834543
6.175902 0.834543
6.177770 0.834543
6.179638 0.834543
6.181506 0.834543
6.183374 0.834543
6.185242 0.834543
6.187110 0.834543
6.188978 0.834543
6.190846 0.834543
6.192714 0.834543
6.194582 0.834543
6.196450 0.834543
6.198318 0.834543
6.200186 0.834543
6.202054 0.834543
6.203922 0.834543
6.205790 0.834543
6.207658 0.834543
6.209526 0.834543
6.211395 0.834543
6.213263 0.834543
6.215131 0.834543
6.216999 0.834543
6.218867 0.834543
6.220735 0.834543
6.222603 0.834543
6.224471 0.834543
6.226339 0.834543
6.228207 0.834543
6.230075 0.834543
6.231943 0.834543
6.233811 0.834543
6.235679 0.834543
6.237547 0.834543
6.239415 0.834543
6.241283 0.834543
6.243151 0.834543
6.245019 0.834543
6.246887 0.834543
6.248755 0.834543
6.250623 0.834543
6.252491 0.835994
6.254359 0.835994
6.256227 0.835994
6.258095 0.835994
6.259963 0.835994
6.261831 0.835994
6.263699 0.835994
6.265567 0.835994
6.267435 0.835994
6.269303 0.835994
6.271171 0.835994
6.273039 0.835994
6.274907 0.835994
6.276775 0.835994
6.278643 0.835994
6.280511 0.835994
6.282379 0.835994
6.284247 0.835994
6.286115 0.837446
6.287983 0.837446
6.289851 0.837446
6.291719 0.837446
6.293587 0.838897
6.295455 0.838897
6.297323 0.838897
6.299191 0.838897
6.301059 0.838897
6.302928 0.838897
6.304796 0.838897
6.306664 0.838897
6.308532 0.838897
6.310400 0.838897
6.312268 0.838897
6.314136 0.838897
6.316004 0.838897
6.317872 0.838897
6.319740 0.838897
6.321608 0.838897
6.323476 0.838897
6.325344 0.838897
6.327212 0.838897
6.329080 0.838897
6.330948 0.838897
6.332816 0.838897
6.334684 0.838897
6.336552 0.838897
6.338420 0.838897
6.340288 0.838897
6.342156 0.838897
6.344024 0.838897
6.345892 0.841800
6.347760 0.841800
6.349628 0.841800
6.351496 0.841800
6.353364 0.841800
6.355232 0.841800
6.357100 0.841800
6.358968 0.841800
6.360836 0.841800
6.362704 0.841800
6.364572 0.841800
6.366440 0.841800
6.368308 0.841800
6.370176 0.841800
6.372044 0.841800
6.373912 0.841800
6.375780 0.841800
6.377648 0.841800
6.379516 0.841800
6.381384 0.841800
6.383252 0.841800
6.385120 0.841800
6.386988 0.841800
6.388856 0.841800
6.390724 0.841800
6.392592 0.841800
6.394461 0.841800
6.396329 0.841800
6.398197 0.841800
6.400065 0.841800
6.401933 0.841800
6.403801 0.841800
6.405669 0.841800
6.407537 0.841800
6.409405 0.841800
6.411273 0.843251
6.413141 0.843251
6.415009 0.843251
6.416877 0.843251
6.418745 0.844702
6.420613 0.844702
6.422481 0.844702
6.424349 0.844702
6.426217 0.844702
6.428085 0.844702
6.429953 0.844702
6.431821 0.844702
6.433689 0.844702
6.435557 0.844702
6.437425 0.846154
6.439293 0.847605
6.441161 0.847605
6.443029 0.847605
6.444897 0.847605
6.446765 0.847605
6.448633 0.847605
6.450501 0.847605
6.452369 0.847605
6.454237 0.847605
6.456105 0.847605
6.457973 0.847605
6.459841 0.847605
6.461709 0.847605
6.463577 0.847605
6.465445 0.849057
6.467313 0.849057
6.469181 0.849057
6.471049 0.849057
6.472917 0.849057
6.474785 0.849057
6.476653 0.849057
6.478521 0.849057
6.480389 0.849057
6.482257 0.849057
6.484125 0.849057
6.485993 0.849057
6.487862 0.849057
6.489730 0.849057
6.491598 0.850508
6.493466 0.850508
6.495334 0.850508
6.497202 0.851959
6.499070 0.851959
6.500938 0.851959
6.502806 0.851959
6.504674 0.851959
6.506542 0.851959
6.508410 0.851959
6.510278 0.851959
6.512146 0.851959
6.514014 0.853411
6.515882 0.853411
6.517750 0.853411
6.519618 0.853411
6.521486 0.853411
6.523354 0.853411
6.525222 0.853411
6.527090 0.853411
6.528958 0.853411
6.530826 0.853411
6.532694 0.853411
6.534562 0.853411
6.536430 0.853411
6.538298 0.853411
6.540166 0.853411
6.542034 0.853411
6.543902 0.853411
6.545770 0.853411
6.547638 0.853411
6.549506 0.854862
6.551374 0.854862
6.553242 0.854862
6.555110 0.854862
6.556978 0.854862
6.558846 0.854862
6.560714 0.854862
6.562582 0.854862
6.564450 0.856313
6.566318 0.856313
6.568186 0.856313
6.570054 0.857765
6.571922 0.857765
6.573790 0.857765
6.575658 0.857765
6.577526 0.857765
6.579395 0.857765
6.581263 0.857765
6.583131 0.859216
6.584999 0.859216
6.586867 0.859216
6.588735 0.859216
6.590603 0.859216
6.592471 0.859216
6.594339 0.859216
6.596207 0.859216
6.598075 0.859216
6.599943 0.859216
6.601811 0.859216
6.603679 0.860668
6.605547 0.860668
6.607415 0.860668
6.609283 0.860668
6.611151 0.860668
6.613019 0.860668
6.614887 0.860668
6.616755 0.862119
6.618623 0.862119
6.620491 0.862119
6.622359 0.862119
6.624227 0.863570
6.626095 0.863570
6.627963 0.865022
6.629831 0.865022
6.631699 0.865022
6.633567 0.865022
6.635435 0.865022
6.637303 0.865022
6.639171 0.865022
6.641039 0.865022
6.642907 0.865022
6.644775 0.865022
6.646643 0.865022
6.648511 0.865022
6.650379 0.865022
6.652247 0.866473
6.654115 0.866473
6.655983 0.866473
6.657851 0.866473
6.659719 0.866473
6.661587 0.866473
6.663455 0.866473
6.665323 0.866473
6.667191 0.866473
6.669059 0.866473
6.670927 0.866473
6.672796 0.866473
6.674664 0.866473
6.676532 0.866473
6.678400 0.866473
6.680268 0.866473
6.682136 0.866473
6.684004 0.866473
6.685872 0.866473
6.687740 0.866473
6.689608 0.866473
6.691476 0.866473
6.693344 0.866473
6.695212 0.866473
6.697080 0.866473
6.698948 0.866473
6.700816 0.867925
6.702684 0.867925
6.704552 0.867925
6.706420 0.867925
6.708288 0.867925
6.710156 0.867925
6.712024 0.867925
6.713892 0.867925
6.715760 0.869376
6.717628 0.869376
6.719496 0.869376
6.721364 0.869376
6.723232 0.869376
6.725100 0.869376
6.726968 0.869376
6.728836 0.869376
6.730704 0.869376
6.732572 0.869376
6.734440 0.869376
6.736308 0.869376
6.738176 0.869376
6.740044 0.869376
6.741912 0.869376
6.743780 0.869376
6.745648 0.869376
6.747516 0.869376
6.749384 0.869376
6.751252 0.869376
6.753120 0.870827
6.754988 0.870827
6.756856 0.870827
6.758724 0.870827
6.760592 0.870827
6.762460 0.870827
6.764329 0.870827
6.766197 0.870827
6.768065 0.870827
6.769933 0.870827
6.771801 0.870827
6.773669 0.870827
6.775537 0.870827
6.777405 0.870827
6.779273 0.870827
6.781141 0.870827
6.783009 0.870827
6.784877 0.870827
6.786745 0.870827
6.788613 0.870827
6.790481 0.870827
6.792349 0.870827
6.794217 0.870827
6.796085 0.870827
6.797953 0.870827
6.799821 0.870827
6.801689 0.870827
6.803557 0.870827
6.805425 0.870827
6.807293 0.870827
6.809161 0.870827
6.811029 0.870827
6.812897 0.870827
6.814765 0.870827
6.816633 0.870827
6.818501 0.870827
6.820369 0.870827
6.822237 0.870827
6.824105 0.872279
6.825973 0.872279
6.827841 0.872279
6.829709 0.872279
6.831577 0.872279
6.833445 0.872279
6.835313 0.872279
6.837181 0.872279
6.839049 0.872279
6.840917 0.872279
6.842785 0.872279
6.844653 0.872279
6.846521 0.872279
6.848389 0.872279
6.850257 0.873730
6.852125 0.873730
6.853993 0.875181
6.855861 0.875181
6.857730 0.875181
6.859598 0.876633
6.861466 0.876633
6.863334 0.876633
6.865202 0.876633
6.867070 0.876633
6.868938 0.876633
6.870806 0.876633
6.872674 0.876633
6.874542 0.876633
6.876410 0.876633
6.878278 0.876633
6.880146 0.876633
6.882014 0.876633
6.883882 0.876633
6.885750 0.876633
6.887618 0.876633
6.889486 0.876633
6.891354 0.876633
6.893222 0.876633
6.895090 0.876633
6.896958 0.876633
6.898826 0.878084
6.900694 0.878084
6.902562 0.878084
6.904430 0.878084
6.906298 0.878084
6.908166 0.878084
6.910034 0.878084
6.911902 0.878084
6.913770 0.879536
6.915638 0.879536
6.917506 0.879536
6.919374 0.879536
6.921242 0.879536
6.923110 0.879536
6.924978 0.879536
6.926846 0.879536
6.928714 0.879536
6.930582 0.879536
6.932450 0.879536
6.934318 0.879536
6.936186 0.879536
6.938054 0.879536
6.939922 0.879536
6.941790 0.879536
6.943658 0.879536
6.945526 0.879536
6.947394 0.879536
6.949263 0.879536
6.951131 0.879536
6.952999 0.879536
6.954867 0.879536
6.956735 0.879536
6.958603 0.879536
6.960471 0.879536
6.962339 0.879536
6.964207 0.879536
6.966075 0.880987
6.967943 0.882438
6.969811 0.882438
6.971679 0.882438
6.973547 0.882438
6.975415 0.882438
6.977283 0.882438
6.979151 0.882438
6.981019 0.882438
6.982887 0.883890
6.984755 0.883890
6.986623 0.883890
6.988491 0.883890
6.990359 0.883890
6.992227 0.883890
6.994095 0.883890
6.995963 0.883890
6.997831 0.883890
6.999699 0.883890
7.001567 0.883890
7.003435 0.885341
7.005303 0.885341
7.007171 0.885341
7.009039 0.885341
7.010907 0.885341
7.012775 0.885341
7.014643 0.885341
7.016511 0.885341
7.018379 0.885341
7.020247 0.885341
7.022115 0.885341
7.023983 0.885341
7.025851 0.886792
7.027719 0.886792
7.029587 0.886792
7.031455 0.886792
7.033323 0.886792
7.035191 0.886792
7.037059 0.886792
7.038927 0.886792
7.040796 0.886792
7.042664 0.886792
7.044532 0.886792
7.046400 0.886792
7.048268 0.886792
7.050136 0.886792
7.052004 0.886792
7.053872 0.886792
7.055740 0.886792
7.057608 0.886792
7.059476 0.886792
7.061344 0.886792
7.063212 0.886792
7.065080 0.886792
7.066948 0.888244
7.068816 0.888244
7.070684 0.888244
7.072552 0.888244
7.074420 0.888244
7.076288 0.888244
7.078156 0.888244
7.080024 0.888244
7.081892 0.888244
7.083760 0.888244
7.085628 0.888244
7.087496 0.888244
7.089364 0.888244
7.091232 0.888244
7.093100 0.888244
7.094968 0.888244
7.096836 0.888244
7.098704 0.888244
7.100572 0.888244
7.102440 0.888244
7.104308 0.888244
7.106176 0.888244
7.108044 0.888244
7.109912 0.888244
7.111780 0.888244
7.113648 0.888244
7.115516 0.888244
7.117384 0.888244
7.119252 0.888244
7.121120 0.888244
7.122988 0.888244
7.124856 0.888244
7.126724 0.888244
7.128592 0.888244
7.130460 0.889695
7.132328 0.889695
7.134197 0.889695
7.136065 0.891147
7.137933 0.891147
7.139801 0.891147
7.141669 0.891147
7.143537 0.891147
7.145405 0.891147
7.147273 0.891147
7.149141 0.891147
7.151009 0.891147
7.152877 0.891147
7.154745 0.891147
7.156613 0.891147
7.158481 0.891147
7.160349 0.891147
7.162217 0.891147
7.164085 0.891147
7.165953 0.891147
7.167821 0.891147
7.169689 0.891147
7.171557 0.891147
7.173425 0.891147
7.175293 0.891147
7.177161 0.891147
7.179029 0.891147
7.180897 0.891147
7.182765 0.891147
7.184633 0.891147
7.186501 0.891147
7.188369 0.891147
7.190237 0.891147
7.192105 0.891147
7.193973 0.891147
7.195841 0.891147
7.197709 0.892598
7.199577 0.892598
7.201445 0.892598
7.203313 0.892598
7.205181 0.892598
7.207049 0.892598
7.208917 0.892598
7.210785 0.892598
7.212653 0.892598
7.214521 0.892598
7.216389 0.894049
7.218257 0.894049
7.220125 0.894049
7.221993 0.894049
7.223861 0.894049
7.225730 0.894049
7.227598 0.894049
7.229466 0.894049
7.231334 0.895501
7.233202 0.895501
7.235070 0.895501
7.236938 0.895501
7.238806 0.895501
7.240674 0.895501
7.242542 0.895501
7.244410 0.895501
7.246278 0.895501
7.248146 0.895501
7.250014 0.895501
7.251882 0.895501
7.253750 0.895501
7.255618 0.895501
7.257486 0.895501
7.259354 0.895501
7.261222 0.895501
7.263090 0.896952
7.264958 0.896952
7.266826 0.896952
7.268694 0.896952
7.270562 0.896952
7.272430 0.896952
7.274298 0.896952
7.276166 0.896952
7.278034 0.896952
7.279902 0.896952
7.281770 0.896952
7.283638 0.896952
7.285506 0.896952
7.287374 0.896952
7.289242 0.896952
7.291110 0.896952
7.292978 0.896952
7.294846 0.896952
7.296714 0.896952
7.298582 0.896952
7.300450 0.896952
7.302318 0.896952
7.304186 0.896952
7.306054 0.896952
7.307922 0.896952
7.309790 0.898403
7.311658 0.898403
7.313526 0.898403
7.315394 0.898403
7.317262 0.898403
7.319131 0.898403
7.320999 0.898403
7.322867 0.898403
7.324735 0.898403
7.326603 0.898403
7.328471 0.898403
7.330339 0.898403
7.332207 0.898403
7.334075 0.898403
7.335943 0.898403
7.337811 0.899855
7.339679 0.899855
7.341547 0.899855
7.343415 0.899855
7.345283 0.899855
7.347151 0.899855
7.349019 0.899855
7.350887 0.899855
7.352755 0.899855
7.354623 0.899855
7.356491 0.899855
7.358359 0.899855
7.360227 0.899855
7.362095 0.899855
7.363963 0.901306
7.365831 0.901306
7.367699 0.901306
7.369567 0.901306
7.371435 0.901306
7.373303 0.901306
7.375171 0.902758
7.377039 0.902758
7.378907 0.902758
7.380775 0.902758
7.382643 0.902758
7.384511 0.902758
7.386379 0.902758
7.388247 0.902758
7.390115 0.902758
7.391983 0.904209
7.393851 0.904209
7.395719 0.904209
7.397587 0.904209
7.399455 0.904209
7.401323 0.904209
7.403191 0.904209
7.405059 0.904209
7.406927 0.904209
7.408795 0.904209
7.410664 0.904209
7.412532 0.904209
7.414400 0.904209
7.416268 0.904209
7.418136 0.904209
7.420004 0.904209
7.421872 0.904209
7.423740 0.904209
7.425608 0.904209
7.427476 0.904209
7.429344 0.904209
7.431212 0.904209
7.433080 0.904209
7.434948 0.904209
7.436816 0.905660
7.438684 0.905660
7.440552 0.905660
7.442420 0.905660
7.444288 0.905660
7.446156 0.905660
7.448024 0.905660
7.449892 0.905660
7.451760 0.905660
7.453628 0.905660
7.455496 0.905660
7.457364 0.905660
7.459232 0.905660
7.461100 0.905660
7.462968 0.905660
7.464836 0.907112
7.466704 0.907112
7.468572 0.907112
7.470440 0.907112
7.472308 0.907112
7.474176 0.907112
7.476044 0.907112
7.477912 0.907112
7.479780 0.907112
7.481648 0.907112
7.483516 0.907112
7.485384 0.907112
7.487252 0.907112
7.489120 0.907112
7.490988 0.907112
7.492856 0.907112
7.494724 0.907112
7.496592 0.908563
7.498460 0.908563
7.500328 0.908563
7.502197 0.908563
7.504065 0.908563
7.505933 0.908563
7.507801 0.908563
7.509669 0.908563
7.511537 0.908563
7.513405 0.908563
7.515273 0.908563
7.517141 0.908563
7.519009 0.908563
7.520877 0.908563
7.522745 0.908563
7.524613 0.908563
7.526481 0.908563
7.528349 0.908563
7.530217 0.908563
7.532085 0.908563
7.533953 0.908563
7.535821 0.908563
7.537689 0.908563
7.539557 0.908563
7.541425 0.908563
7.543293 0.908563
7.545161 0.908563
7.547029 0.908563
7.548897 0.908563
7.550765 0.908563
7.552633 0.908563
7.554501 0.908563
7.556369 0.908563
7.558237 0.908563
7.560105 0.908563
7.561973 0.908563
7.563841 0.908563
7.565709 0.908563
7.567577 0.908563
7.569445 0.908563
7.571313 0.908563
7.573181 0.908563
7.575049 0.908563
7.576917 0.908563
7.578785 0.908563
7.580653 0.908563
7.582521 0.908563
7.584389 0.908563
7.586257 0.908563
7.588125 0.908563
7.589993 0.908563
7.591861 0.908563
7.593729 0.908563
7.595598 0.910015
7.597466 0.910015
7.599334 0.910015
7.601202 0.910015
7.603070 0.910015
7.604938 0.910015
7.606806 0.911466
7.608674 0.911466
7.610542 0.911466
7.612410 0.911466
7.614278 0.911466
7.616146 0.911466
7.618014 0.911466
7.619882 0.912917
7.621750 0.912917
7.623618 0.912917
7.625486 0.912917
7.627354 0.914369
7.629222 0.914369
7.631090 0.914369
7.632958 0.914369
7.634826 0.914369
7.636694 0.914369
7.638562 0.914369
7.640430 0.914369
7.642298 0.914369
7.644166 0.914369
7.646034 0.914369
7.647902 0.914369
7.649770 0.914369
7.651638 0.914369
7.653506 0.914369
7.655374 0.914369
7.657242 0.914369
7.659110 0.914369
7.660978 0.914369
7.662846 0.914369
7.664714 0.914369
7.666582 0.914369
7.668450 0.914369
7.670318 0.914369
7.672186 0.914369
7.674054 0.915820
7.675922 0.915820
7.677790 0.915820
7.679658 0.915820
7.681526 0.915820
7.683394 0.915820
7.685262 0.915820
7.687131 0.915820
7.688999 0.915820
7.690867 0.915820
7.692735 0.915820
7.694603 0.915820
7.696471 0.915820
7.698339 0.915820
7.700207 0.915820
7.702075 0.915820
7.703943 0.915820
7.705811 0.915820
7.707679 0.915820
7.709547 0.915820
7.711415 0.915820
7.713283 0.915820
7.715151 0.917271
7.717019 0.917271
7.718887 0.917271
7.720755 0.917271
7.722623 0.917271
7.724491 0.917271
7.726359 0.917271
7.728227 0.917271
7.730095 0.917271
7.731963 0.917271
7.733831 0.917271
7.735699 0.917271
7.737567 0.917271
7.739435 0.917271
7.741303 0.917271
7.743171 0.917271
7.745039 0.917271
7.746907 0.917271
7.748775 0.917271
7.750643 0.917271
7.752511 0.917271
7.754379 0.917271
7.756247 0.917271
7.758115 0.917271
7.759983 0.917271
7.761851 0.918723
7.763719 0.918723
7.765587 0.918723
7.767455 0.918723
7.769323 0.918723
7.771191 0.918723
7.773059 0.918723
7.774927 0.918723
7.776795 0.918723
7.778663 0.918723
7.780532 0.918723
7.782400 0.918723
7.784268 0.918723
7.786136 0.918723
7.788004 0.918723
7.789872 0.918723
7.791740 0.918723
7.793608 0.920174
7.795476 0.920174
7.797344 0.920174
7.799212 0.920174
7.801080 0.920174
7.802948 0.920174
7.804816 0.920174
7.806684 0.920174
7.808552 0.920174
7.810420 0.920174
7.812288 0.920174
7.814156 0.920174
7.816024 0.920174
7.817892 0.920174
7.819760 0.920174
7.821628 0.920174
7.823496 0.920174
7.825364 0.920174
7.827232 0.920174
7.829100 0.920174
7.830968 0.920174
7.832836 0.920174
7.834704 0.920174
7.836572 0.920174
7.838440 0.920174
7.840308 0.920174
7.842176 0.920174
7.844044 0.920174
7.845912 0.920174
7.847780 0.920174
7.849648 0.920174
7.851516 0.920174
7.853384 0.920174
7.855252 0.920174
7.857120 0.920174
7.858988 0.920174
7.860856 0.920174
7.862724 0.920174
7.864592 0.923077
7.866460 0.923077
7.868328 0.923077
7.870196 0.923077
7.872065 0.923077
7.873933 0.923077
7.875801 0.923077
7.877669 0.923077
7.879537 0.923077
7.881405 0.923077
7.883273 0.923077
7.885141 0.923077
7.887009 0.923077
7.888877 0.925980
7.890745 0.925980
7.892613 0.925980
7.894481 0.925980
7.896349 0.925980
7.898217 0.925980
7.900085 0.925980
7.901953 0.925980
7.903821 0.925980
7.905689 0.925980
7.907557 0.925980
7.909425 0.925980
7.911293 0.925980
7.913161 0.925980
7.915029 0.925980
7.916897 0.925980
7.918765 0.925980
7.920633 0.925980
7.922501 0.925980
7.924369 0.925980
7.926237 0.925980
7.928105 0.925980
7.929973 0.925980
7.931841 0.927431
7.933709 0.927431
7.935577 0.927431
7.937445 0.928882
7.939313 0.928882
7.941181 0.928882
7.943049 0.928882
7.944917 0.928882
7.946785 0.928882
7.948653 0.928882
7.950521 0.928882
7.952389 0.928882
7.954257 0.928882
7.956125 0.928882
7.957993 0.928882
7.959861 0.928882
7.961729 0.928882
7.963598 0.928882
7.965466 0.928882
7.967334 0.928882
7.969202 0.928882
7.971070 0.928882
7.972938 0.928882
7.974806 0.928882
7.976674 0.928882
7.978542 0.928882
7.980410 0.928882
7.982278 0.928882
7.984146 0.928882
7.986014 0.928882
7.987882 0.928882
7.989750 0.930334
7.991618 0.930334
7.993486 0.930334
7.995354 0.930334
7.997222 0.930334
7.999090 0.930334
