0.662009 0.000232
0.671971 0.000232
0.681933 0.000232
0.691894 0.000464
0.701856 0.000696
0.711818 0.000696
0.721779 0.000696
0.731741 0.000696
0.741703 0.000696
0.751664 0.000696
0.761626 0.001160
0.771588 0.001623
0.781549 0.001855
0.791511 0.002087
0.801473 0.002319
0.811434 0.002783
0.821396 0.003247
0.831358 0.003942
0.841319 0.004870
0.851281 0.005566
0.861243 0.006262
0.871205 0.007421
0.881166 0.009508
0.891128 0.009508
0.901090 0.011132
0.911051 0.011827
0.921013 0.013451
0.930975 0.015306
0.940936 0.016466
0.950898 0.018553
0.960860 0.020176
0.970821 0.021568
0.980783 0.023191
0.990745 0.025742
1.000706 0.027597
1.010668 0.030844
1.020630 0.032699
1.030591 0.035250
1.040553 0.037338
1.050515 0.041744
1.060476 0.044295
1.070438 0.048006
1.080400 0.051020
1.090361 0.053803
1.100323 0.058210
1.110285 0.064239
1.120246 0.070269
1.130208 0.074212
1.140170 0.081169
1.150131 0.085575
1.160093 0.091141
1.170055 0.095547
1.180016 0.100649
1.189978 0.105983
1.199940 0.110622
1.209901 0.115492
1.219863 0.122681
1.229825 0.129174
1.239786 0.135668
1.249748 0.143321
1.259710 0.148655
1.269672 0.153061
1.279633 0.160714
1.289595 0.168367
1.299557 0.174861
1.309518 0.183442
1.319480 0.191327
1.329442 0.197588
1.339403 0.205937
1.349365 0.212894
1.359327 0.218228
1.369288 0.223794
1.379250 0.230983
1.389212 0.239100
1.399173 0.247449
1.409135 0.256725
1.419097 0.264610
1.429058 0.274814
1.439020 0.281540
1.448982 0.289425
1.458943 0.298006
1.468905 0.304499
1.478867 0.314007
1.488828 0.321892
1.498790 0.327690
1.508752 0.334647
1.518713 0.343228
1.528675 0.349258
1.538637 0.355288
1.548598 0.364796
1.558560 0.373145
1.568522 0.381725
1.578483 0.387987
1.588445 0.394249
1.598407 0.401670
1.608368 0.407699
1.618330 0.414193
1.628292 0.419991
1.638253 0.426252
1.648215 0.432978
1.658177 0.441558
1.668139 0.445965
1.678100 0.451994
1.688062 0.459879
1.698024 0.466605
1.707985 0.473098
1.717947 0.479360
1.727909 0.485390
1.737870 0.490492
1.747832 0.496753
1.757794 0.503479
1.767755 0.506725
1.777717 0.513219
1.787679 0.520872
1.797640 0.527829
1.807602 0.534323
1.817564 0.538729
1.827525 0.543599
1.837487 0.547774
1.847449 0.552876
1.857410 0.557050
1.867372 0.560065
1.877334 0.564471
1.887295 0.568646
1.897257 0.571429
1.907219 0.577922
1.917180 0.583488
1.927142 0.589750
1.937104 0.593228
1.947065 0.598330
1.957027 0.601809
1.966989 0.605288
1.976950 0.608534
1.986912 0.612941
1.996874 0.619666
2.006835 0.623609
2.016797 0.626623
2.026759 0.631030
2.036720 0.634276
2.046682 0.637755
2.056644 0.641002
2.066606 0.643785
2.076567 0.647495
2.086529 0.651438
2.096491 0.653989
2.106452 0.656772
2.116414 0.660946
2.126376 0.665353
2.136337 0.668367
2.146299 0.671846
2.156261 0.675788
2.166222 0.677876
2.176184 0.679499
2.186146 0.682050
2.196107 0.684601
2.206069 0.687384
2.216031 0.690167
2.225992 0.692718
2.235954 0.695269
2.245916 0.697356
2.255877 0.699675
2.265839 0.702226
2.275801 0.705009
2.285762 0.707560
2.295724 0.711039
2.305686 0.711503
2.315647 0.714518
2.325609 0.719156
2.335571 0.721707
2.345532 0.724954
2.355494 0.726345
2.365456 0.729592
2.375417 0.730751
2.385379 0.733302
2.395341 0.735622
2.405302 0.737477
2.415264 0.738868
2.425226 0.741419
2.435187 0.742579
2.445149 0.743738
2.455111 0.744434
2.465073 0.745362
2.475034 0.747681
2.484996 0.750000
2.494958 0.751391
2.504919 0.752551
2.514881 0.756030
2.524843 0.758117
2.534804 0.759508
2.544766 0.760668
2.554728 0.762059
2.564689 0.763683
2.574651 0.764842
2.584613 0.766466
2.594574 0.767857
2.604536 0.768553
2.614498 0.769712
2.624459 0.770640
2.634421 0.771568
2.644383 0.773655
2.654344 0.774351
2.664306 0.775046
2.674268 0.776206
2.684229 0.777134
2.694191 0.779221
2.704153 0.780844
2.714114 0.781540
2.724076 0.782931
2.734038 0.784555
2.743999 0.785714
2.753961 0.787106
2.763923 0.788265
2.773884 0.789889
2.783846 0.792208
2.793808 0.793599
2.803769 0.795223
2.813731 0.796614
2.823693 0.796846
2.833654 0.797310
2.843616 0.798701
2.853578 0.799861
2.863540 0.801252
2.873501 0.803340
2.883463 0.805195
2.893425 0.806122
2.903386 0.807282
2.913348 0.807978
2.923310 0.809833
2.933271 0.811456
2.943233 0.811920
2.953195 0.813312
2.963156 0.814239
2.973118 0.815863
2.983080 0.816327
2.993041 0.817254
3.003003 0.817950
3.012965 0.819805
3.022926 0.820965
3.032888 0.822588
3.042850 0.823516
3.052811 0.824907
3.062773 0.825835
3.072735 0.826531
3.082696 0.827690
3.092658 0.828850
3.102620 0.829545
3.112581 0.830241
3.122543 0.831401
3.132505 0.832792
3.142466 0.834416
3.152428 0.835111
3.162390 0.836503
3.172351 0.837894
3.182313 0.838590
3.192275 0.838590
3.202236 0.839518
3.212198 0.839750
3.222160 0.840909
3.232121 0.841373
3.242083 0.842069
3.252045 0.842532
3.262007 0.843924
3.271968 0.845547
3.281930 0.846011
3.291892 0.847403
3.301853 0.848562
3.311815 0.849258
3.321777 0.850186
3.331738 0.851809
3.341700 0.852505
3.351662 0.853896
3.361623 0.854360
3.371585 0.855519
3.381547 0.856215
3.391508 0.856447
3.401470 0.856447
3.411432 0.857375
3.421393 0.857607
3.431355 0.858071
3.441317 0.858998
3.451278 0.859694
3.461240 0.861085
3.471202 0.861781
3.481163 0.862941
3.491125 0.864100
3.501087 0.864564
3.511048 0.864564
3.521010 0.865260
3.530972 0.866187
3.540933 0.866419
3.550895 0.867115
3.560857 0.868275
3.570818 0.868506
3.580780 0.868738
3.590742 0.869434
3.600703 0.870130
3.610665 0.871289
3.620627 0.872217
3.630588 0.872449
3.640550 0.872681
3.650512 0.873377
3.660474 0.874304
3.670435 0.874536
3.680397 0.875464
3.690359 0.876160
3.700320 0.877783
3.710282 0.877783
3.720244 0.878247
3.730205 0.878711
3.740167 0.878711
3.750129 0.879406
3.760090 0.880334
3.770052 0.880566
3.780014 0.881262
3.789975 0.882421
3.799937 0.883117
3.809899 0.883813
3.819860 0.884045
3.829822 0.885204
3.839784 0.885668
3.849745 0.886827
3.859707 0.887755
3.869669 0.887755
3.879630 0.888683
3.889592 0.888915
3.899554 0.889610
3.909515 0.889842
3.919477 0.890306
3.929439 0.891002
3.939400 0.891466
3.949362 0.892161
3.959324 0.892857
3.969285 0.893553
3.979247 0.894017
3.989209 0.894481
3.999170 0.894944
4.009132 0.895872
4.019094 0.896104
4.029055 0.896336
4.039017 0.897263
4.048979 0.897727
4.058941 0.898191
4.068902 0.898655
4.078864 0.899119
4.088826 0.899351
4.098787 0.899814
4.108749 0.900510
4.118711 0.900974
4.128672 0.901438
4.138634 0.902365
4.148596 0.902365
4.158557 0.902365
4.168519 0.902597
4.178481 0.902597
4.188442 0.902829
4.198404 0.902829
4.208366 0.903061
4.218327 0.903525
4.228289 0.903989
4.238251 0.903989
4.248212 0.904221
4.258174 0.905380
4.268136 0.905612
4.278097 0.906772
4.288059 0.907468
4.298021 0.908163
4.307982 0.908163
4.317944 0.908859
4.327906 0.909091
4.337867 0.909555
4.347829 0.909787
4.357791 0.909787
4.367752 0.910019
4.377714 0.910714
4.387676 0.910714
4.397637 0.911178
4.407599 0.911410
4.417561 0.911642
4.427522 0.911874
4.437484 0.912106
4.447446 0.912570
4.457408 0.912570
4.467369 0.913265
4.477331 0.913729
4.487293 0.914193
4.497254 0.914889
4.507216 0.915353
4.517178 0.915353
4.527139 0.915816
4.537101 0.916048
4.547063 0.916280
4.557024 0.916744
4.566986 0.916976
4.576948 0.917672
4.586909 0.917904
4.596871 0.918135
4.606833 0.919295
4.616794 0.919295
4.626756 0.919759
4.636718 0.919759
4.646679 0.919991
4.656641 0.920223
4.666603 0.921150
4.676564 0.921382
4.686526 0.921382
4.696488 0.921614
4.706449 0.921614
4.716411 0.921846
4.726373 0.922078
4.736334 0.922310
4.746296 0.922542
4.756258 0.922774
4.766219 0.923006
4.776181 0.923469
4.786143 0.923469
4.796104 0.924165
4.806066 0.924629
4.816028 0.924629
4.825990 0.925093
4.835951 0.925788
4.845913 0.926020
4.855875 0.926252
4.865836 0.926484
4.875798 0.926948
4.885760 0.926948
4.895721 0.926948
4.905683 0.927412
4.915645 0.927876
4.925606 0.927876
4.935568 0.927876
4.945530 0.927876
4.955491 0.928108
4.965453 0.928340
4.975415 0.928340
4.985376 0.928340
4.995338 0.929035
5.005300 0.929035
5.015261 0.929035
5.025223 0.929499
5.035185 0.929963
5.045146 0.930195
5.055108 0.930659
5.065070 0.930891
5.075031 0.931122
5.084993 0.931122
5.094955 0.931818
5.104916 0.931818
5.114878 0.932282
5.124840 0.932282
5.134801 0.932746
5.144763 0.932746
5.154725 0.932978
5.164686 0.933210
5.174648 0.933673
5.184610 0.933905
5.194571 0.933905
5.204533 0.934369
5.214495 0.934601
5.224457 0.934601
5.234418 0.934601
5.244380 0.934833
5.254342 0.935065
5.264303 0.935529
5.274265 0.935529
5.284227 0.935761
5.294188 0.935761
5.304150 0.935993
5.314112 0.936224
5.324073 0.936456
5.334035 0.936920
5.343997 0.937152
5.353958 0.937848
5.363920 0.938544
5.373882 0.938544
5.383843 0.938776
5.393805 0.939471
5.403767 0.939471
5.413728 0.939471
5.423690 0.939471
5.433652 0.939471
5.443613 0.939703
5.453575 0.940167
5.463537 0.940399
5.473498 0.940631
5.483460 0.940631
5.493422 0.940863
5.503383 0.941095
5.513345 0.941327
5.523307 0.941790
5.533268 0.941790
5.543230 0.941790
5.553192 0.942022
5.563153 0.942022
5.573115 0.942022
5.583077 0.942486
5.593038 0.942718
5.603000 0.943182
5.612962 0.943414
5.622924 0.944109
5.632885 0.944109
5.642847 0.944341
5.652809 0.944805
5.662770 0.944805
5.672732 0.945269
5.682694 0.946197
5.692655 0.946197
5.702617 0.946429
5.712579 0.946429
5.722540 0.946660
5.732502 0.946892
5.742464 0.947588
5.752425 0.947820
5.762387 0.947820
5.772349 0.947820
5.782310 0.947820
5.792272 0.948052
5.802234 0.948284
5.812195 0.948284
5.822157 0.948284
5.832119 0.948748
5.842080 0.948748
5.852042 0.949212
5.862004 0.949443
5.871965 0.949443
5.881927 0.949675
5.891889 0.949907
5.901850 0.950139
5.911812 0.950603
5.921774 0.951299
5.931735 0.951531
5.941697 0.951763
5.951659 0.952226
5.961620 0.952226
5.971582 0.952226
5.981544 0.952226
5.991505 0.952226
