0.786534 0.000207
0.790197 0.000207
0.793860 0.000207
0.797522 0.000207
0.801185 0.000207
0.804848 0.000207
0.808510 0.000207
0.812173 0.000207
0.815836 0.000207
0.819498 0.000207
0.823161 0.000207
0.826823 0.000207
0.830486 0.000207
0.834149 0.000207
0.837811 0.000207
0.841474 0.000207
0.845137 0.000207
0.848799 0.000414
0.852462 0.000414
0.856125 0.000414
0.859787 0.000414
0.863450 0.000414
0.867112 0.000621
0.870775 0.000829
0.874438 0.001036
0.878100 0.001036
0.881763 0.001036
0.885426 0.001036
0.889088 0.001036
0.892751 0.001036
0.896414 0.001036
0.900076 0.001036
0.903739 0.001243
0.907401 0.001243
0.911064 0.001450
0.914727 0.001450
0.918389 0.001450
0.922052 0.001450
0.925715 0.001657
0.929377 0.001864
0.933040 0.001864
0.936703 0.001864
0.940365 0.002071
0.944028 0.002278
0.947691 0.002900
0.951353 0.002900
0.955016 0.002900
0.958678 0.003107
0.962341 0.003728
0.966004 0.003728
0.969666 0.003935
0.973329 0.003935
0.976992 0.004143
0.980654 0.004350
0.984317 0.004557
0.987980 0.004971
0.991642 0.005178
0.995305 0.005178
0.998967 0.005178
1.002630 0.005385
1.006293 0.005385
1.009955 0.005592
1.013618 0.005800
1.017281 0.006214
1.020943 0.006421
1.024606 0.006628
1.028269 0.006628
1.031931 0.006835
1.035594 0.007042
1.039256 0.007457
1.042919 0.007457
1.046582 0.007457
1.050244 0.007457
1.053907 0.007871
1.057570 0.008078
1.061232 0.008078
1.064895 0.008492
1.068558 0.008492
1.072220 0.008699
1.075883 0.008699
1.079546 0.008906
1.083208 0.008906
1.086871 0.009114
1.090533 0.009528
1.094196 0.010149
1.097859 0.010149
1.101521 0.010563
1.105184 0.010978
1.108847 0.011185
1.112509 0.011392
1.116172 0.011599
1.119835 0.012013
1.123497 0.012635
1.127160 0.012842
1.130822 0.013670
1.134485 0.013877
1.138148 0.014499
1.141810 0.015327
1.145473 0.015742
1.149136 0.015949
1.152798 0.016570
1.156461 0.016984
1.160124 0.017606
1.163786 0.017813
1.167449 0.017813
1.171111 0.018227
1.174774 0.019056
1.178437 0.020091
1.182099 0.020091
1.185762 0.020713
1.189425 0.021541
1.193087 0.022162
1.196750 0.022991
1.200413 0.023612
1.204075 0.024855
1.207738 0.025684
1.211401 0.026305
1.215063 0.027548
1.218726 0.027962
1.222388 0.029412
1.226051 0.029826
1.229714 0.030240
1.233376 0.030655
1.237039 0.031483
1.240702 0.032519
1.244364 0.033554
1.248027 0.035418
1.251690 0.036040
1.255352 0.036868
1.259015 0.037283
1.262677 0.037904
1.266340 0.039561
1.270003 0.040804
1.273665 0.041425
1.277328 0.043289
1.280991 0.044118
1.284653 0.044739
1.288316 0.045360
1.291979 0.045775
1.295641 0.046189
1.299304 0.046810
1.302966 0.048674
1.306629 0.049503
1.310292 0.050539
1.313954 0.051781
1.317617 0.052817
1.321280 0.053853
1.324942 0.055095
1.328605 0.056752
1.332268 0.057581
1.335930 0.057995
1.339593 0.058824
1.343256 0.060481
1.346918 0.062138
1.350581 0.064623
1.354243 0.065866
1.357906 0.067523
1.361569 0.068144
1.365231 0.070215
1.368894 0.071458
1.372557 0.072908
1.376219 0.074772
1.379882 0.075601
1.383545 0.077879
1.387207 0.079329
1.390870 0.080572
1.394532 0.081400
1.398195 0.082850
1.401858 0.084921
1.405520 0.086371
1.409183 0.088028
1.412846 0.090099
1.416508 0.091964
1.420171 0.093621
1.423834 0.095485
1.427496 0.097349
1.431159 0.099420
1.434821 0.100870
1.438484 0.103355
1.442147 0.105427
1.445809 0.107291
1.449472 0.108741
1.453135 0.110398
1.456797 0.111848
1.460460 0.114954
1.464123 0.116404
1.467785 0.117440
1.471448 0.119718
1.475111 0.121582
1.478773 0.123654
1.482436 0.124275
1.486098 0.126761
1.489761 0.128210
1.493424 0.129660
1.497086 0.131317
1.500749 0.134010
1.504412 0.136495
1.508074 0.139188
1.511737 0.141881
1.515400 0.144988
1.519062 0.148302
1.522725 0.150994
1.526387 0.151616
1.530050 0.153273
1.533713 0.156379
1.537375 0.159279
1.541038 0.161350
1.544701 0.163422
1.548363 0.165907
1.552026 0.167564
1.555689 0.170050
1.559351 0.171085
1.563014 0.172949
1.566676 0.175849
1.570339 0.179785
1.574002 0.181856
1.577664 0.183513
1.581327 0.185584
1.584990 0.187034
1.588652 0.189105
1.592315 0.191176
1.595978 0.193869
1.599640 0.196355
1.603303 0.198840
1.606966 0.200704
1.610628 0.202568
1.614291 0.205882
1.617953 0.207332
1.621616 0.208782
1.625279 0.209611
1.628941 0.211682
1.632604 0.214582
1.636267 0.215824
1.639929 0.217688
1.643592 0.219345
1.647255 0.220588
1.650917 0.222038
1.654580 0.223902
1.658242 0.226802
1.661905 0.230944
1.665568 0.232809
1.669230 0.236330
1.672893 0.239022
1.676556 0.240679
1.680218 0.241715
1.683881 0.243165
1.687544 0.245857
1.691206 0.246893
1.694869 0.248757
1.698531 0.251864
1.702194 0.254971
1.705857 0.256421
1.709519 0.258492
1.713182 0.260563
1.716845 0.262220
1.720507 0.264085
1.724170 0.267399
1.727833 0.269470
1.731495 0.271334
1.735158 0.273612
1.738821 0.274855
1.742483 0.276719
1.746146 0.279412
1.749808 0.282312
1.753471 0.285211
1.757134 0.287904
1.760796 0.291011
1.764459 0.294739
1.768122 0.297432
1.771784 0.300331
1.775447 0.302196
1.779110 0.304888
1.782772 0.306338
1.786435 0.310273
1.790097 0.312966
1.793760 0.316073
1.797423 0.317109
1.801085 0.318973
1.804748 0.321665
1.808411 0.323322
1.812073 0.324979
1.815736 0.327465
1.819399 0.329950
1.823061 0.332022
1.826724 0.335957
1.830386 0.340307
1.834049 0.342585
1.837712 0.346727
1.841374 0.348384
1.845037 0.351284
1.848700 0.352734
1.852362 0.354598
1.856025 0.357291
1.859688 0.359776
1.863350 0.362055
1.867013 0.365369
1.870676 0.367854
1.874338 0.370961
1.878001 0.373447
1.881663 0.375932
1.885326 0.378418
1.888989 0.380696
1.892651 0.383181
1.896314 0.385874
1.899977 0.387945
1.903639 0.390017
1.907302 0.392502
1.910965 0.394780
1.914627 0.398094
1.918290 0.400166
1.921952 0.403480
1.925615 0.407208
1.929278 0.410936
1.932940 0.413629
1.936603 0.416321
1.940266 0.418807
1.943928 0.420878
1.947591 0.422742
1.951254 0.426056
1.954916 0.428749
1.958579 0.431442
1.962241 0.433720
1.965904 0.436205
1.969567 0.439312
1.973229 0.441384
1.976892 0.444490
1.980555 0.446355
1.984217 0.449461
1.987880 0.451947
1.991543 0.454432
1.995205 0.457332
1.998868 0.458161
2.002531 0.460646
2.006193 0.462510
2.009856 0.465410
2.013518 0.468103
2.017181 0.470381
2.020844 0.472659
2.024506 0.475145
2.028169 0.477216
2.031832 0.479495
2.035494 0.481566
2.039157 0.483223
2.042820 0.485294
2.046482 0.488401
2.050145 0.490886
2.053807 0.493372
2.057470 0.495236
2.061133 0.497100
2.064795 0.499586
2.068458 0.501036
2.072121 0.503728
2.075783 0.506214
2.079446 0.508492
2.083109 0.509942
2.086771 0.512842
2.090434 0.514913
2.094096 0.517606
2.097759 0.519470
2.101422 0.522991
2.105084 0.525062
2.108747 0.528376
2.112410 0.530862
2.116072 0.532726
2.119735 0.535833
2.123398 0.537490
2.127060 0.539561
2.130723 0.541632
2.134386 0.543703
2.138048 0.546603
2.141711 0.548674
2.145373 0.550539
2.149036 0.553231
2.152699 0.556131
2.156361 0.557995
2.160024 0.560273
2.163687 0.561930
2.167349 0.563795
2.171012 0.565244
2.174675 0.566280
2.178337 0.568973
2.182000 0.570837
2.185662 0.572908
2.189325 0.575808
2.192988 0.577258
2.196650 0.579329
2.200313 0.581400
2.203976 0.583057
2.207638 0.584921
2.211301 0.586578
2.214964 0.587614
2.218626 0.588857
2.222289 0.590514
2.225951 0.591964
2.229614 0.594035
2.233277 0.595485
2.236939 0.598384
2.240602 0.601284
2.244265 0.603148
2.247927 0.603977
2.251590 0.605634
2.255253 0.606877
2.258915 0.608119
2.262578 0.610191
2.266241 0.611226
2.269903 0.613090
2.273566 0.614540
2.277228 0.616404
2.280891 0.617854
2.284554 0.620547
2.288216 0.622618
2.291879 0.624275
2.295542 0.625311
2.299204 0.627175
2.302867 0.629453
2.306530 0.632353
2.310192 0.633803
2.313855 0.635874
2.317517 0.638774
2.321180 0.640017
2.324843 0.641259
2.328505 0.641881
2.332168 0.642709
2.335831 0.644780
2.339493 0.645816
2.343156 0.647887
2.346819 0.648716
2.350481 0.650373
2.354144 0.651616
2.357806 0.653480
2.361469 0.654930
2.365132 0.655551
2.368794 0.657208
2.372457 0.658658
2.376120 0.661558
2.379782 0.662386
2.383445 0.664043
2.387108 0.665907
2.390770 0.667771
2.394433 0.669635
2.398096 0.670050
2.401758 0.672742
2.405421 0.674399
2.409083 0.676056
2.412746 0.677920
2.416409 0.678749
2.420071 0.680613
2.423734 0.683927
2.427397 0.684756
2.431059 0.686205
2.434722 0.687448
2.438385 0.688691
2.442047 0.689934
2.445710 0.691176
2.449372 0.693455
2.453035 0.694283
2.456698 0.696562
2.460360 0.697804
2.464023 0.698219
2.467686 0.700704
2.471348 0.702983
2.475011 0.705261
2.478674 0.707332
2.482336 0.708368
2.485999 0.710232
2.489661 0.711475
2.493324 0.712303
2.496987 0.714167
2.500649 0.716031
2.504312 0.717274
2.507975 0.718931
2.511637 0.719760
2.515300 0.720588
2.518963 0.721831
2.522625 0.723488
2.526288 0.724316
2.529951 0.725973
2.533613 0.727838
2.537276 0.728873
2.540938 0.730530
2.544601 0.732394
2.548264 0.733430
2.551926 0.735501
2.555589 0.736537
2.559252 0.738401
2.562914 0.738608
2.566577 0.740886
2.570240 0.742129
2.573902 0.743579
2.577565 0.745236
2.581227 0.747100
2.584890 0.748757
2.588553 0.750000
2.592215 0.751036
2.595878 0.751864
2.599541 0.753107
2.603203 0.754764
2.606866 0.756835
2.610529 0.757871
2.614191 0.759735
2.617854 0.760771
2.621516 0.762428
2.625179 0.764499
2.628842 0.765742
2.632504 0.766984
2.636167 0.768227
2.639830 0.769056
2.643492 0.770505
2.647155 0.771955
2.650818 0.772991
2.654480 0.774027
2.658143 0.775062
2.661806 0.775684
2.665468 0.776305
2.669131 0.777341
2.672793 0.779619
2.676456 0.780447
2.680119 0.781483
2.683781 0.782933
2.687444 0.783761
2.691107 0.785833
2.694769 0.786868
2.698432 0.788111
2.702095 0.789975
2.705757 0.790597
2.709420 0.791839
2.713082 0.793082
2.716745 0.794739
2.720408 0.795568
2.724070 0.796603
2.727733 0.798467
2.731396 0.799917
2.735058 0.800124
2.738721 0.800331
2.742384 0.801367
2.746046 0.802196
2.749709 0.803645
2.753371 0.804267
2.757034 0.805302
2.760697 0.806131
2.764359 0.807581
2.768022 0.808616
2.771685 0.810066
2.775347 0.810688
2.779010 0.811723
2.782673 0.812759
2.786335 0.813587
2.789998 0.814002
2.793661 0.814623
2.797323 0.815452
2.800986 0.816487
2.804648 0.817316
2.808311 0.818973
2.811974 0.819387
2.815636 0.820837
2.819299 0.822287
2.822962 0.823115
2.826624 0.824151
2.830287 0.825186
2.833950 0.826015
2.837612 0.827465
2.841275 0.828086
2.844937 0.828915
2.848600 0.829950
2.852263 0.830365
2.855925 0.830986
2.859588 0.831193
2.863251 0.832229
2.866913 0.832436
2.870576 0.832850
2.874239 0.834093
2.877901 0.834507
2.881564 0.835336
2.885226 0.835750
2.888889 0.835750
2.892552 0.836578
2.896214 0.837200
2.899877 0.838235
2.903540 0.840307
2.907202 0.841756
2.910865 0.842792
2.914528 0.843413
2.918190 0.844449
2.921853 0.845278
2.925516 0.846313
2.929178 0.846935
2.932841 0.847763
2.936503 0.848177
2.940166 0.849006
2.943829 0.849834
2.947491 0.850456
2.951154 0.850870
2.954817 0.851906
2.958479 0.852734
2.962142 0.853355
2.965805 0.853770
2.969467 0.853770
2.973130 0.853977
2.976792 0.855220
2.980455 0.855427
2.984118 0.856877
2.987780 0.857291
2.991443 0.858119
2.995106 0.858326
2.998768 0.858326
3.002431 0.858534
3.006094 0.859569
3.009756 0.860191
3.013419 0.860812
3.017081 0.861433
3.020744 0.861848
3.024407 0.862883
3.028069 0.863712
3.031732 0.864954
3.035395 0.865990
3.039057 0.866197
3.042720 0.867026
3.046383 0.867647
3.050045 0.868890
3.053708 0.869718
3.057371 0.870961
3.061033 0.871375
3.064696 0.871997
3.068358 0.872618
3.072021 0.872825
3.075684 0.873239
3.079346 0.873654
3.083009 0.874482
3.086672 0.875104
3.090334 0.876346
3.093997 0.876968
3.097660 0.877796
3.101322 0.878210
3.104985 0.879453
3.108647 0.879660
3.112310 0.880489
3.115973 0.881110
3.119635 0.882146
3.123298 0.882560
3.126961 0.882767
3.130623 0.884217
3.134286 0.884631
3.137949 0.884838
3.141611 0.885253
3.145274 0.886288
3.148936 0.886703
3.152599 0.887117
3.156262 0.887117
3.159924 0.887738
3.163587 0.888360
3.167250 0.888981
3.170912 0.890017
3.174575 0.890224
3.178238 0.890845
3.181900 0.891052
3.185563 0.891466
3.189226 0.891674
3.192888 0.891674
3.196551 0.892295
3.200213 0.892502
3.203876 0.893123
3.207539 0.893538
3.211201 0.894573
3.214864 0.895195
3.218527 0.895609
3.222189 0.896230
3.225852 0.897266
3.229515 0.897887
3.233177 0.898509
3.236840 0.899544
3.240502 0.899959
3.244165 0.900994
3.247828 0.901408
3.251490 0.902444
3.255153 0.902858
3.258816 0.902858
3.262478 0.903273
3.266141 0.903687
3.269804 0.904308
3.273466 0.904722
3.277129 0.905137
3.280791 0.905551
3.284454 0.905965
3.288117 0.906172
3.291779 0.906379
3.295442 0.906587
3.299105 0.907001
3.302767 0.907622
3.306430 0.908451
3.310093 0.909072
3.313755 0.909072
3.317418 0.909279
3.321081 0.910108
3.324743 0.910729
3.328406 0.910729
3.332068 0.911350
3.335731 0.911765
3.339394 0.912179
3.343056 0.912800
3.346719 0.913215
3.350382 0.913422
3.354044 0.913629
3.357707 0.913836
3.361370 0.914664
3.365032 0.915286
3.368695 0.915493
3.372357 0.915493
3.376020 0.915700
3.379683 0.916321
3.383345 0.916321
3.387008 0.916736
3.390671 0.916943
3.394333 0.917150
3.397996 0.917978
3.401659 0.918186
3.405321 0.918807
3.408984 0.919221
3.412646 0.919428
3.416309 0.920257
3.419972 0.920257
3.423634 0.920671
3.427297 0.921500
3.430960 0.921914
3.434622 0.922328
3.438285 0.922535
3.441948 0.922742
3.445610 0.923157
3.449273 0.923364
3.452936 0.923571
3.456598 0.923985
3.460261 0.924399
3.463923 0.924814
3.467586 0.925228
3.471249 0.925435
3.474911 0.925849
3.478574 0.925849
3.482237 0.926056
3.485899 0.926263
3.489562 0.926471
3.493225 0.927092
3.496887 0.927299
3.500550 0.927713
3.504212 0.927713
3.507875 0.927713
3.511538 0.927713
3.515200 0.928335
3.518863 0.928542
3.522526 0.928749
3.526188 0.929163
3.529851 0.929163
3.533514 0.929370
3.537176 0.929577
3.540839 0.930199
3.544501 0.930406
3.548164 0.930820
3.551827 0.931027
3.555489 0.931856
3.559152 0.932891
3.562815 0.933306
3.566477 0.933513
3.570140 0.933720
3.573803 0.934134
3.577465 0.935170
3.581128 0.935170
3.584791 0.935584
3.588453 0.935584
3.592116 0.935791
3.595778 0.935998
3.599441 0.936205
3.603104 0.936620
3.606766 0.936620
3.610429 0.937034
3.614092 0.937241
3.617754 0.937448
3.621417 0.937655
3.625080 0.937655
3.628742 0.938070
3.632405 0.938898
3.636067 0.939105
3.639730 0.939312
3.643393 0.939519
3.647055 0.939727
3.650718 0.939727
3.654381 0.939934
3.658043 0.939934
3.661706 0.939934
3.665369 0.939934
3.669031 0.940555
3.672694 0.940969
3.676356 0.941798
3.680019 0.942005
3.683682 0.942626
3.687344 0.943041
3.691007 0.943041
3.694670 0.943662
3.698332 0.944283
3.701995 0.944698
3.705658 0.944698
3.709320 0.944905
3.712983 0.945319
3.716646 0.945319
3.720308 0.945733
3.723971 0.945940
3.727633 0.945940
3.731296 0.946769
3.734959 0.946976
3.738621 0.946976
3.742284 0.947390
3.745947 0.947804
3.749609 0.948012
3.753272 0.948219
3.756935 0.948219
3.760597 0.948426
3.764260 0.948633
3.767922 0.948840
3.771585 0.949047
3.775248 0.949047
3.778910 0.949047
3.782573 0.949047
3.786236 0.949461
3.789898 0.949461
3.793561 0.949876
3.797224 0.950290
3.800886 0.950497
3.804549 0.950497
3.808211 0.950704
3.811874 0.950911
3.815537 0.951326
3.819199 0.951740
3.822862 0.951740
3.826525 0.951947
3.830187 0.952568
3.833850 0.952775
3.837513 0.952983
3.841175 0.952983
3.844838 0.952983
3.848501 0.953190
3.852163 0.953190
3.855826 0.953811
3.859488 0.954018
3.863151 0.954018
3.866814 0.954225
3.870476 0.954432
3.874139 0.954640
3.877802 0.954847
3.881464 0.954847
3.885127 0.955054
3.888790 0.955261
3.892452 0.955261
3.896115 0.955468
3.899777 0.955675
3.903440 0.955675
3.907103 0.956089
3.910765 0.956297
3.914428 0.956297
3.918091 0.956504
3.921753 0.956504
3.925416 0.956504
3.929079 0.956918
3.932741 0.957332
3.936404 0.957332
3.940066 0.957539
3.943729 0.957539
3.947392 0.957746
3.951054 0.957954
3.954717 0.957954
3.958380 0.957954
3.962042 0.957954
3.965705 0.957954
3.969368 0.958161
3.973030 0.958368
3.976693 0.958368
3.980356 0.958368
3.984018 0.958575
3.987681 0.958575
3.991343 0.958575
3.995006 0.959196
3.998669 0.959611
4.002331 0.959818
4.005994 0.959818
4.009657 0.960025
4.013319 0.960025
4.016982 0.960232
4.020645 0.960646
4.024307 0.961060
4.027970 0.961060
4.031632 0.961889
4.035295 0.961889
4.038958 0.961889
4.042620 0.961889
4.046283 0.961889
4.049946 0.961889
4.053608 0.961889
4.057271 0.962096
4.060934 0.962096
4.064596 0.962510
4.068259 0.962925
4.071921 0.963132
4.075584 0.963546
4.079247 0.963753
4.082909 0.963960
4.086572 0.963960
4.090235 0.963960
4.093897 0.964167
4.097560 0.964374
4.101223 0.964582
4.104885 0.964789
4.108548 0.964996
4.112211 0.964996
4.115873 0.964996
4.119536 0.964996
4.123198 0.964996
4.126861 0.964996
4.130524 0.964996
4.134186 0.964996
4.137849 0.965203
4.141512 0.965410
4.145174 0.965410
4.148837 0.965617
4.152500 0.965824
4.156162 0.965824
4.159825 0.966239
4.163487 0.966446
4.167150 0.966860
4.170813 0.966860
4.174475 0.967481
4.178138 0.968103
4.181801 0.968103
4.185463 0.968310
4.189126 0.968517
4.192789 0.968517
4.196451 0.968517
4.200114 0.968931
4.203776 0.968931
4.207439 0.969138
4.211102 0.969138
4.214764 0.969138
4.218427 0.969138
4.222090 0.969138
4.225752 0.969138
4.229415 0.969138
4.233078 0.969345
4.236740 0.969345
4.240403 0.969345
4.244066 0.969760
4.247728 0.969760
4.251391 0.970174
4.255053 0.970174
4.258716 0.970174
4.262379 0.970381
4.266041 0.970795
4.269704 0.971002
4.273367 0.971002
4.277029 0.971002
4.280692 0.971417
4.284355 0.971417
4.288017 0.971417
4.291680 0.971417
4.295342 0.971624
4.299005 0.971624
4.302668 0.971624
4.306330 0.971624
4.309993 0.971831
4.313656 0.972038
4.317318 0.972038
4.320981 0.972038
4.324644 0.972245
4.328306 0.972452
4.331969 0.972659
4.335631 0.972659
4.339294 0.972659
4.342957 0.972659
4.346619 0.972659
4.350282 0.972867
4.353945 0.972867
4.357607 0.972867
4.361270 0.973281
4.364933 0.973902
4.368595 0.974109
4.372258 0.974109
4.375921 0.974109
4.379583 0.974109
4.383246 0.974109
4.386908 0.974109
4.390571 0.974109
4.394234 0.974109
4.397896 0.974316
4.401559 0.974316
4.405222 0.974316
4.408884 0.974524
4.412547 0.974524
4.416210 0.974524
4.419872 0.974524
4.423535 0.974524
4.427197 0.974731
4.430860 0.974731
4.434523 0.975145
4.438185 0.975559
4.441848 0.975766
4.445511 0.975766
4.449173 0.975766
4.452836 0.975766
4.456499 0.975766
4.460161 0.975766
4.463824 0.976181
4.467486 0.976181
4.471149 0.976181
4.474812 0.976181
4.478474 0.976595
4.482137 0.976595
4.485800 0.976802
4.489462 0.977009
4.493125 0.977009
4.496788 0.977009
4.500450 0.977009
4.504113 0.977009
4.507776 0.977009
4.511438 0.977216
4.515101 0.977216
4.518763 0.977423
4.522426 0.977423
4.526089 0.977423
4.529751 0.978045
4.533414 0.978045
4.537077 0.978045
4.540739 0.978252
4.544402 0.978252
4.548065 0.978252
4.551727 0.978252
4.555390 0.978252
4.559052 0.978459
4.562715 0.978459
4.566378 0.978459
4.570040 0.978666
4.573703 0.978873
4.577366 0.978873
4.581028 0.978873
4.584691 0.978873
4.588354 0.979080
4.592016 0.979080
4.595679 0.979080
4.599341 0.979080
4.603004 0.979080
4.606667 0.979287
4.610329 0.979702
4.613992 0.980116
4.617655 0.980116
4.621317 0.980116
4.624980 0.980116
4.628643 0.980116
4.632305 0.980116
4.635968 0.980116
4.639631 0.980323
4.643293 0.980323
4.646956 0.980530
4.650618 0.980737
4.654281 0.980737
4.657944 0.980737
4.661606 0.980737
4.665269 0.980944
4.668932 0.980944
4.672594 0.980944
4.676257 0.980944
4.679920 0.980944
4.683582 0.980944
4.687245 0.980944
4.690907 0.980944
4.694570 0.981152
4.698233 0.981152
4.701895 0.981152
4.705558 0.981152
4.709221 0.981152
4.712883 0.981359
4.716546 0.981980
4.720209 0.981980
4.723871 0.981980
4.727534 0.981980
4.731196 0.981980
4.734859 0.981980
4.738522 0.982187
4.742184 0.982187
4.745847 0.982187
4.749510 0.982187
4.753172 0.982187
4.756835 0.982187
4.760498 0.982187
4.764160 0.982187
4.767823 0.982187
4.771486 0.982187
4.775148 0.982187
4.778811 0.982187
4.782473 0.982187
4.786136 0.982394
4.789799 0.982601
4.793461 0.982601
4.797124 0.982601
4.800787 0.982809
4.804449 0.982809
4.808112 0.982809
4.811775 0.983223
4.815437 0.983223
4.819100 0.983223
4.822762 0.983430
4.826425 0.983430
4.830088 0.983430
4.833750 0.983430
4.837413 0.983637
4.841076 0.983637
4.844738 0.983637
4.848401 0.983844
4.852064 0.983844
4.855726 0.983844
4.859389 0.983844
4.863051 0.983844
4.866714 0.983844
4.870377 0.983844
4.874039 0.983844
4.877702 0.983844
4.881365 0.983844
4.885027 0.983844
4.888690 0.983844
4.892353 0.983844
4.896015 0.983844
4.899678 0.983844
4.903341 0.984051
4.907003 0.984051
4.910666 0.984051
4.914328 0.984051
4.917991 0.984051
4.921654 0.984258
4.925316 0.984258
4.928979 0.984258
4.932642 0.984258
4.936304 0.984466
4.939967 0.984466
4.943630 0.984466
4.947292 0.984466
4.950955 0.984466
4.954617 0.984673
4.958280 0.984673
4.961943 0.984673
4.965605 0.984673
4.969268 0.984673
4.972931 0.984673
4.976593 0.984673
4.980256 0.984880
4.983919 0.985087
4.987581 0.985087
4.991244 0.985087
4.994906 0.985087
4.998569 0.985087
5.002232 0.985087
5.005894 0.985087
5.009557 0.985087
5.013220 0.985294
5.016882 0.985294
5.020545 0.985294
5.024208 0.985294
5.027870 0.985294
5.031533 0.985294
5.035196 0.985294
5.038858 0.985294
5.042521 0.985294
5.046183 0.985501
5.049846 0.985708
5.053509 0.985708
5.057171 0.985708
5.060834 0.985708
5.064497 0.986123
5.068159 0.986123
5.071822 0.986537
5.075485 0.986537
5.079147 0.986537
5.082810 0.986537
5.086472 0.986537
5.090135 0.986744
5.093798 0.986744
5.097460 0.986744
5.101123 0.986744
5.104786 0.986744
5.108448 0.986744
5.112111 0.986951
5.115774 0.986951
5.119436 0.986951
5.123099 0.986951
5.126761 0.986951
5.130424 0.986951
5.134087 0.986951
5.137749 0.986951
5.141412 0.986951
5.145075 0.986951
5.148737 0.987158
5.152400 0.987365
5.156063 0.987365
5.159725 0.987365
5.163388 0.987365
5.167051 0.987365
5.170713 0.987365
5.174376 0.987365
5.178038 0.987365
5.181701 0.987365
5.185364 0.987365
5.189026 0.987365
5.192689 0.987365
5.196352 0.987365
5.200014 0.987365
5.203677 0.987365
5.207340 0.987365
5.211002 0.987365
5.214665 0.987365
5.218327 0.987365
5.221990 0.987365
5.225653 0.987572
5.229315 0.987572
5.232978 0.987572
5.236641 0.987572
5.240303 0.987987
5.243966 0.987987
5.247629 0.987987
5.251291 0.987987
5.254954 0.987987
5.258616 0.987987
5.262279 0.987987
5.265942 0.987987
5.269604 0.987987
5.273267 0.988194
5.276930 0.988194
5.280592 0.988401
5.284255 0.988401
5.287918 0.988401
5.291580 0.988401
5.295243 0.988401
5.298906 0.988401
5.302568 0.988608
5.306231 0.988608
5.309893 0.988608
5.313556 0.988608
5.317219 0.988608
5.320881 0.988608
5.324544 0.988815
5.328207 0.988815
5.331869 0.988815
5.335532 0.988815
5.339195 0.988815
5.342857 0.989022
5.346520 0.989022
5.350182 0.989229
5.353845 0.989229
5.357508 0.989437
5.361170 0.989437
5.364833 0.989437
5.368496 0.989437
5.372158 0.989437
5.375821 0.989437
5.379484 0.989644
5.383146 0.989644
5.386809 0.989644
5.390471 0.989644
5.394134 0.989644
5.397797 0.989644
5.401459 0.989644
5.405122 0.989644
5.408785 0.989851
5.412447 0.989851
5.416110 0.989851
5.419773 0.989851
5.423435 0.989851
5.427098 0.989851
5.430761 0.989851
5.434423 0.989851
5.438086 0.989851
5.441748 0.989851
5.445411 0.989851
5.449074 0.989851
5.452736 0.989851
5.456399 0.990058
5.460062 0.990058
5.463724 0.990058
5.467387 0.990058
5.471050 0.990058
5.474712 0.990058
5.478375 0.990058
5.482037 0.990058
5.485700 0.990058
5.489363 0.990058
5.493025 0.990058
5.496688 0.990265
5.500351 0.990472
5.504013 0.990679
5.507676 0.990679
5.511339 0.990679
5.515001 0.990679
5.518664 0.990679
5.522326 0.990886
5.525989 0.990886
5.529652 0.990886
5.533314 0.990886
5.536977 0.991094
5.540640 0.991094
5.544302 0.991094
5.547965 0.991094
5.551628 0.991094
5.555290 0.991301
5.558953 0.991301
5.562616 0.991301
5.566278 0.991301
5.569941 0.991301
5.573603 0.991301
5.577266 0.991301
5.580929 0.991301
5.584591 0.991301
5.588254 0.991301
5.591917 0.991301
5.595579 0.991301
5.599242 0.991301
5.602905 0.991301
5.606567 0.991301
5.610230 0.991301
5.613892 0.991301
5.617555 0.991301
5.621218 0.991301
5.624880 0.991301
5.628543 0.991508
5.632206 0.991508
5.635868 0.991508
5.639531 0.991508
5.643194 0.991715
5.646856 0.991715
5.650519 0.991715
5.654181 0.991715
5.657844 0.991715
5.661507 0.991715
5.665169 0.991715
5.668832 0.991715
5.672495 0.991715
5.676157 0.991715
5.679820 0.991715
5.683483 0.991715
5.687145 0.991715
5.690808 0.992336
5.694471 0.992336
5.698133 0.992336
5.701796 0.992336
5.705458 0.992336
5.709121 0.992336
5.712784 0.992336
5.716446 0.992336
5.720109 0.992336
5.723772 0.992336
5.727434 0.992336
5.731097 0.992336
5.734760 0.992336
5.738422 0.992336
5.742085 0.992336
5.745747 0.992336
5.749410 0.992336
5.753073 0.992336
5.756735 0.992336
5.760398 0.992336
5.764061 0.992336
5.767723 0.992543
5.771386 0.992543
5.775049 0.992543
5.778711 0.992751
5.782374 0.992751
5.786036 0.992751
5.789699 0.992751
5.793362 0.992751
5.797024 0.992751
5.800687 0.992751
5.804350 0.992751
5.808012 0.992751
5.811675 0.992751
5.815338 0.992751
5.819000 0.992751
5.822663 0.992751
5.826326 0.992751
5.829988 0.992751
5.833651 0.992751
5.837313 0.992751
5.840976 0.992751
5.844639 0.992751
5.848301 0.993165
5.851964 0.993165
5.855627 0.993165
5.859289 0.993165
5.862952 0.993165
5.866615 0.993165
5.870277 0.993165
5.873940 0.993372
5.877602 0.993372
5.881265 0.993372
5.884928 0.993372
5.888590 0.993372
5.892253 0.993372
5.895916 0.993372
5.899578 0.993372
5.903241 0.993372
5.906904 0.993372
5.910566 0.993372
5.914229 0.993372
5.917891 0.993372
5.921554 0.993372
5.925217 0.993372
5.928879 0.993372
5.932542 0.993372
5.936205 0.993372
5.939867 0.993372
5.943530 0.993372
5.947193 0.993372
5.950855 0.993372
5.954518 0.993579
5.958181 0.993579
5.961843 0.993579
5.965506 0.993579
5.969168 0.993579
5.972831 0.993579
5.976494 0.993579
5.980156 0.993579
5.983819 0.993579
5.987482 0.993579
5.991144 0.993579
5.994807 0.993579
5.998470 0.993579
6.002132 0.993579
6.005795 0.993579
6.009457 0.993786
6.013120 0.993786
6.016783 0.993786
6.020445 0.993786
6.024108 0.993786
6.027771 0.993786
6.031433 0.993993
6.035096 0.993993
6.038759 0.993993
6.042421 0.993993
6.046084 0.993993
6.049746 0.993993
6.053409 0.993993
6.057072 0.993993
6.060734 0.993993
6.064397 0.993993
6.068060 0.993993
6.071722 0.993993
6.075385 0.993993
6.079048 0.993993
6.082710 0.993993
6.086373 0.993993
6.090036 0.993993
6.093698 0.993993
6.097361 0.993993
6.101023 0.993993
6.104686 0.993993
6.108349 0.994200
6.112011 0.994200
6.115674 0.994200
6.119337 0.994200
6.122999 0.994200
6.126662 0.994200
6.130325 0.994200
6.133987 0.994200
6.137650 0.994200
6.141312 0.994200
6.144975 0.994200
6.148638 0.994200
6.152300 0.994200
6.155963 0.994200
6.159626 0.994200
6.163288 0.994200
6.166951 0.994200
6.170614 0.994200
6.174276 0.994200
6.177939 0.994200
6.181601 0.994200
6.185264 0.994200
6.188927 0.994200
6.192589 0.994200
6.196252 0.994200
6.199915 0.994200
6.203577 0.994200
6.207240 0.994200
6.210903 0.994200
6.214565 0.994408
6.218228 0.994408
6.221891 0.994408
6.225553 0.994408
6.229216 0.994408
6.232878 0.994408
6.236541 0.994408
6.240204 0.994408
6.243866 0.994408
6.247529 0.994408
6.251192 0.994408
6.254854 0.994408
6.258517 0.994408
6.262180 0.994408
6.265842 0.994408
6.269505 0.994408
6.273167 0.994408
6.276830 0.994408
6.280493 0.994408
6.284155 0.994408
6.287818 0.994408
6.291481 0.994408
6.295143 0.994408
6.298806 0.994408
6.302469 0.994408
6.306131 0.994408
6.309794 0.994408
6.313457 0.994408
6.317119 0.994408
6.320782 0.994408
6.324444 0.994408
6.328107 0.994408
6.331770 0.994408
6.335432 0.994408
6.339095 0.994408
6.342758 0.994408
6.346420 0.994408
6.350083 0.994408
6.353746 0.994408
6.357408 0.994408
6.361071 0.994408
6.364733 0.994408
6.368396 0.994408
6.372059 0.994408
6.375721 0.994408
6.379384 0.994408
6.383047 0.994408
6.386709 0.994408
6.390372 0.994408
6.394035 0.994408
6.397697 0.994408
6.401360 0.994408
6.405022 0.994408
6.408685 0.994408
6.412348 0.994615
6.416010 0.994615
6.419673 0.994615
6.423336 0.994615
6.426998 0.994615
6.430661 0.994615
6.434324 0.994615
6.437986 0.994615
6.441649 0.994615
6.445312 0.994615
6.448974 0.994615
6.452637 0.994615
6.456299 0.994615
6.459962 0.994615
6.463625 0.994615
6.467287 0.994615
6.470950 0.994822
6.474613 0.994822
6.478275 0.994822
6.481938 0.994822
6.485601 0.994822
6.489263 0.994822
6.492926 0.994822
6.496588 0.994822
6.500251 0.994822
6.503914 0.994822
6.507576 0.994822
6.511239 0.994822
6.514902 0.994822
6.518564 0.994822
6.522227 0.994822
6.525890 0.994822
6.529552 0.994822
6.533215 0.994822
6.536877 0.994822
6.540540 0.994822
6.544203 0.994822
6.547865 0.994822
6.551528 0.994822
6.555191 0.994822
6.558853 0.994822
6.562516 0.994822
6.566179 0.994822
6.569841 0.994822
6.573504 0.994822
6.577167 0.994822
6.580829 0.994822
6.584492 0.994822
6.588154 0.994822
6.591817 0.994822
6.595480 0.994822
6.599142 0.994822
6.602805 0.994822
6.606468 0.994822
6.610130 0.994822
6.613793 0.994822
6.617456 0.994822
6.621118 0.994822
6.624781 0.994822
6.628443 0.994822
6.632106 0.994822
6.635769 0.994822
6.639431 0.994822
6.643094 0.995029
6.646757 0.995029
6.650419 0.995029
6.654082 0.995029
6.657745 0.995029
6.661407 0.995029
6.665070 0.995029
6.668732 0.995029
6.672395 0.995029
6.676058 0.995029
6.679720 0.995029
6.683383 0.995029
6.687046 0.995029
6.690708 0.995029
6.694371 0.995236
6.698034 0.995236
6.701696 0.995236
6.705359 0.995236
6.709022 0.995236
6.712684 0.995236
6.716347 0.995236
6.720009 0.995236
6.723672 0.995236
6.727335 0.995236
6.730997 0.995236
6.734660 0.995236
6.738323 0.995236
6.741985 0.995236
6.745648 0.995236
6.749311 0.995236
6.752973 0.995236
6.756636 0.995236
6.760298 0.995236
6.763961 0.995236
6.767624 0.995236
6.771286 0.995236
6.774949 0.995236
6.778612 0.995443
6.782274 0.995443
6.785937 0.995443
6.789600 0.995443
6.793262 0.995443
6.796925 0.995443
6.800587 0.995443
6.804250 0.995443
6.807913 0.995443
6.811575 0.995443
6.815238 0.995443
6.818901 0.995443
6.822563 0.995443
6.826226 0.995443
6.829889 0.995443
6.833551 0.995443
6.837214 0.995443
6.840877 0.995443
6.844539 0.995443
6.848202 0.995443
6.851864 0.995443
6.855527 0.995443
6.859190 0.995443
6.862852 0.995443
6.866515 0.995443
6.870178 0.995443
6.873840 0.995443
6.877503 0.995443
6.881166 0.995443
6.884828 0.995443
6.888491 0.995443
6.892153 0.995443
6.895816 0.995443
6.899479 0.995443
6.903141 0.995443
6.906804 0.995443
6.910467 0.995443
6.914129 0.995443
6.917792 0.995443
6.921455 0.995443
6.925117 0.995650
6.928780 0.995650
6.932442 0.995650
6.936105 0.995650
6.939768 0.995650
6.943430 0.995650
6.947093 0.995650
6.950756 0.995650
6.954418 0.995650
6.958081 0.995650
6.961744 0.995650
6.965406 0.995650
6.969069 0.995650
6.972732 0.995650
6.976394 0.995650
6.980057 0.995650
6.983719 0.995650
6.987382 0.995650
6.991045 0.995650
6.994707 0.995650
6.998370 0.995650
7.002033 0.995650
7.005695 0.995650
7.009358 0.995650
7.013021 0.995650
7.016683 0.995650
7.020346 0.995650
7.024008 0.995650
7.027671 0.995650
7.031334 0.995650
7.034996 0.995650
7.038659 0.995650
7.042322 0.995650
7.045984 0.995650
7.049647 0.995650
7.053310 0.995650
7.056972 0.995650
7.060635 0.995650
7.064297 0.995650
7.067960 0.995650
7.071623 0.995650
7.075285 0.995650
7.078948 0.995650
7.082611 0.995650
7.086273 0.995650
7.089936 0.995650
7.093599 0.995650
7.097261 0.995650
7.100924 0.995650
7.104587 0.995650
7.108249 0.995650
7.111912 0.995650
7.115574 0.995650
7.119237 0.995650
7.122900 0.995650
7.126562 0.995650
7.130225 0.995650
7.133888 0.995650
7.137550 0.995650
7.141213 0.995650
7.144876 0.995650
7.148538 0.995650
7.152201 0.995650
7.155863 0.995650
7.159526 0.995650
7.163189 0.995650
7.166851 0.995650
7.170514 0.995650
7.174177 0.995650
7.177839 0.995650
7.181502 0.995650
7.185165 0.995650
7.188827 0.995650
7.192490 0.995650
7.196152 0.995650
7.199815 0.995650
7.203478 0.995650
7.207140 0.995650
7.210803 0.995650
7.214466 0.995650
7.218128 0.995650
7.221791 0.995857
7.225454 0.995857
7.229116 0.995857
7.232779 0.995857
7.236442 0.995857
7.240104 0.995857
7.243767 0.995857
7.247429 0.995857
7.251092 0.995857
7.254755 0.995857
7.258417 0.995857
7.262080 0.995857
7.265743 0.995857
7.269405 0.995857
7.273068 0.995857
7.276731 0.995857
7.280393 0.996065
7.284056 0.996065
7.287718 0.996065
7.291381 0.996065
7.295044 0.996065
7.298706 0.996065
7.302369 0.996065
7.306032 0.996272
7.309694 0.996272
7.313357 0.996272
7.317020 0.996272
7.320682 0.996272
7.324345 0.996272
7.328007 0.996272
7.331670 0.996272
7.335333 0.996272
7.338995 0.996272
7.342658 0.996272
7.346321 0.996272
7.349983 0.996272
7.353646 0.996272
7.357309 0.996272
7.360971 0.996272
7.364634 0.996272
7.368297 0.996272
7.371959 0.996272
7.375622 0.996272
7.379284 0.996272
7.382947 0.996272
7.386610 0.996479
7.390272 0.996479
7.393935 0.996479
7.397598 0.996479
7.401260 0.996479
7.404923 0.996479
7.408586 0.996479
7.412248 0.996479
7.415911 0.996479
7.419573 0.996479
7.423236 0.996479
7.426899 0.996686
7.430561 0.996686
7.434224 0.996686
7.437887 0.996686
7.441549 0.996686
7.445212 0.996686
7.448875 0.996686
7.452537 0.996686
7.456200 0.996686
7.459862 0.996686
7.463525 0.996686
7.467188 0.996686
7.470850 0.996686
7.474513 0.996686
7.478176 0.996893
7.481838 0.996893
7.485501 0.996893
7.489164 0.996893
7.492826 0.996893
7.496489 0.996893
7.500152 0.996893
7.503814 0.996893
7.507477 0.996893
7.511139 0.996893
7.514802 0.996893
7.518465 0.996893
7.522127 0.996893
7.525790 0.996893
7.529453 0.996893
7.533115 0.996893
7.536778 0.996893
7.540441 0.996893
7.544103 0.996893
7.547766 0.996893
7.551428 0.996893
7.555091 0.996893
7.558754 0.996893
7.562416 0.996893
7.566079 0.996893
7.569742 0.996893
7.573404 0.996893
7.577067 0.996893
7.580730 0.996893
7.584392 0.996893
7.588055 0.996893
7.591717 0.996893
7.595380 0.996893
7.599043 0.996893
7.602705 0.996893
7.606368 0.996893
7.610031 0.996893
7.613693 0.996893
7.617356 0.996893
7.621019 0.996893
7.624681 0.996893
7.628344 0.996893
7.632007 0.996893
7.635669 0.996893
7.639332 0.996893
7.642994 0.996893
7.646657 0.996893
7.650320 0.996893
7.653982 0.996893
7.657645 0.996893
7.661308 0.996893
7.664970 0.996893
7.668633 0.996893
7.672296 0.996893
7.675958 0.996893
7.679621 0.996893
7.683283 0.996893
7.686946 0.996893
7.690609 0.996893
7.694271 0.996893
7.697934 0.996893
7.701597 0.996893
7.705259 0.996893
7.708922 0.996893
7.712585 0.996893
7.716247 0.996893
7.719910 0.996893
7.723572 0.996893
7.727235 0.996893
7.730898 0.996893
7.734560 0.996893
7.738223 0.996893
7.741886 0.996893
7.745548 0.996893
7.749211 0.996893
7.752874 0.996893
7.756536 0.996893
7.760199 0.996893
7.763862 0.997100
7.767524 0.997100
7.771187 0.997100
7.774849 0.997100
7.778512 0.997100
7.782175 0.997100
7.785837 0.997100
7.789500 0.997100
7.793163 0.997100
7.796825 0.997100
7.800488 0.997100
7.804151 0.997100
7.807813 0.997100
7.811476 0.997100
7.815138 0.997100
7.818801 0.997100
7.822464 0.997100
7.826126 0.997100
7.829789 0.997100
7.833452 0.997100
7.837114 0.997100
7.840777 0.997100
7.844440 0.997100
7.848102 0.997100
7.851765 0.997100
7.855427 0.997100
7.859090 0.997100
7.862753 0.997100
7.866415 0.997100
7.870078 0.997100
7.873741 0.997100
7.877403 0.997100
7.881066 0.997100
7.884729 0.997100
7.888391 0.997100
7.892054 0.997100
7.895717 0.997100
7.899379 0.997100
7.903042 0.997100
7.906704 0.997100
7.910367 0.997100
7.914030 0.997100
7.917692 0.997100
7.921355 0.997100
7.925018 0.997100
7.928680 0.997100
7.932343 0.997100
7.936006 0.997100
7.939668 0.997100
7.943331 0.997100
7.946993 0.997100
7.950656 0.997100
7.954319 0.997100
7.957981 0.997100
7.961644 0.997100
7.965307 0.997100
7.968969 0.997100
7.972632 0.997100
7.976295 0.997100
7.979957 0.997100
7.983620 0.997100
7.987282 0.997100
7.990945 0.997100
7.994608 0.997100
7.998270 0.997100
