1.013615 0.000207
1.019125 0.000207
1.024635 0.000207
1.030145 0.000207
1.035655 0.000207
1.041165 0.000207
1.046675 0.000207
1.052185 0.000414
1.057695 0.000414
1.063205 0.000414
1.068715 0.000414
1.074225 0.000414
1.079735 0.000414
1.085245 0.000414
1.090755 0.000414
1.096265 0.001036
1.101775 0.001036
1.107285 0.001243
1.112795 0.001243
1.118305 0.001450
1.123815 0.001450
1.129325 0.001864
1.134835 0.001864
1.140345 0.001864
1.145855 0.001864
1.151365 0.001864
1.156875 0.002278
1.162386 0.002486
1.167896 0.002693
1.173406 0.002693
1.178916 0.002693
1.184426 0.002900
1.189936 0.002900
1.195446 0.002900
1.200956 0.003107
1.206466 0.003728
1.211976 0.003728
1.217486 0.003728
1.222996 0.003935
1.228506 0.004350
1.234016 0.004764
1.239526 0.005178
1.245036 0.005178
1.250546 0.005592
1.256056 0.005800
1.261566 0.006214
1.267076 0.006628
1.272586 0.006835
1.278096 0.006835
1.283606 0.007249
1.289116 0.007457
1.294626 0.007457
1.300136 0.007457
1.305646 0.007664
1.311156 0.008285
1.316666 0.008492
1.322176 0.008699
1.327687 0.009114
1.333197 0.009528
1.338707 0.010978
1.344217 0.011599
1.349727 0.012013
1.355237 0.012428
1.360747 0.012842
1.366257 0.013256
1.371767 0.014085
1.377277 0.015327
1.382787 0.015742
1.388297 0.016777
1.393807 0.017606
1.399317 0.017813
1.404827 0.018641
1.410337 0.019470
1.415847 0.020505
1.421357 0.021334
1.426867 0.022162
1.432377 0.022370
1.437887 0.022784
1.443397 0.023405
1.448907 0.023819
1.454417 0.024855
1.459927 0.025684
1.465437 0.025684
1.470947 0.025891
1.476457 0.026512
1.481967 0.028376
1.487477 0.028376
1.492988 0.030033
1.498498 0.031690
1.504008 0.032726
1.509518 0.033761
1.515028 0.034383
1.520538 0.035004
1.526048 0.036040
1.531558 0.037904
1.537068 0.038318
1.542578 0.039147
1.548088 0.040182
1.553598 0.041425
1.559108 0.042254
1.564618 0.042875
1.570128 0.044325
1.575638 0.045360
1.581148 0.046810
1.586658 0.048674
1.592168 0.050124
1.597678 0.051781
1.603188 0.053853
1.608698 0.054474
1.614208 0.056338
1.619718 0.057374
1.625228 0.059031
1.630738 0.060895
1.636248 0.062138
1.641758 0.063380
1.647268 0.064209
1.652778 0.066073
1.658289 0.067730
1.663799 0.069594
1.669309 0.070423
1.674819 0.072080
1.680329 0.074358
1.685839 0.075394
1.691349 0.077051
1.696859 0.077879
1.702369 0.079950
1.707879 0.081400
1.713389 0.083264
1.718899 0.084714
1.724409 0.087200
1.729919 0.089685
1.735429 0.091964
1.740939 0.092999
1.746449 0.095278
1.751959 0.096727
1.757469 0.098384
1.762979 0.100249
1.768489 0.103355
1.773999 0.105220
1.779509 0.107498
1.785019 0.109983
1.790529 0.112469
1.796039 0.114540
1.801549 0.116404
1.807059 0.117854
1.812569 0.119511
1.818080 0.122825
1.823590 0.125311
1.829100 0.126553
1.834610 0.127382
1.840120 0.130075
1.845630 0.132560
1.851140 0.134838
1.856650 0.136081
1.862160 0.138567
1.867670 0.140224
1.873180 0.141466
1.878690 0.144780
1.884200 0.147473
1.889710 0.149544
1.895220 0.152237
1.900730 0.155344
1.906240 0.157829
1.911750 0.159072
1.917260 0.160522
1.922770 0.163007
1.928280 0.165493
1.933790 0.168600
1.939300 0.171500
1.944810 0.173571
1.950320 0.175021
1.955830 0.176471
1.961340 0.177920
1.966850 0.180613
1.972360 0.182684
1.977870 0.185377
1.983381 0.188484
1.988891 0.190555
1.994401 0.192833
1.999911 0.195733
2.005421 0.198840
2.010931 0.202154
2.016441 0.204847
2.021951 0.207125
2.027461 0.209196
2.032971 0.210853
2.038481 0.214374
2.043991 0.217067
2.049501 0.219345
2.055011 0.222038
2.060521 0.225559
2.066031 0.228873
2.071541 0.232187
2.077051 0.234673
2.082561 0.236951
2.088071 0.240886
2.093581 0.242751
2.099091 0.244408
2.104601 0.246479
2.110111 0.249379
2.115621 0.252071
2.121131 0.254764
2.126641 0.258492
2.132151 0.260563
2.137661 0.263670
2.143171 0.266570
2.148682 0.268848
2.154192 0.271127
2.159702 0.274027
2.165212 0.276719
2.170722 0.277962
2.176232 0.282104
2.181742 0.285211
2.187252 0.287697
2.192762 0.290597
2.198272 0.293911
2.203782 0.297017
2.209292 0.299089
2.214802 0.300746
2.220312 0.304267
2.225822 0.307374
2.231332 0.309445
2.236842 0.312345
2.242352 0.314623
2.247862 0.318144
2.253372 0.320423
2.258882 0.323737
2.264392 0.327051
2.269902 0.329536
2.275412 0.331607
2.280922 0.333471
2.286432 0.336371
2.291942 0.338650
2.297452 0.341342
2.302962 0.343413
2.308472 0.346727
2.313983 0.350041
2.319493 0.352527
2.325003 0.355012
2.330513 0.357291
2.336023 0.359569
2.341533 0.362676
2.347043 0.366404
2.352553 0.368476
2.358063 0.371375
2.363573 0.374896
2.369083 0.377382
2.374593 0.380489
2.380103 0.384424
2.385613 0.387117
2.391123 0.389602
2.396633 0.391052
2.402143 0.393331
2.407653 0.395402
2.413163 0.398509
2.418673 0.401408
2.424183 0.405758
2.429693 0.408658
2.435203 0.411972
2.440713 0.414250
2.446223 0.416943
2.451733 0.419635
2.457243 0.422535
2.462753 0.424814
2.468263 0.427506
2.473774 0.429785
2.479284 0.431027
2.484794 0.432684
2.490304 0.436413
2.495814 0.438898
2.501324 0.441384
2.506834 0.445319
2.512344 0.447804
2.517854 0.449461
2.523364 0.450704
2.528874 0.454018
2.534384 0.457332
2.539894 0.459196
2.545404 0.461682
2.550914 0.464374
2.556424 0.466239
2.561934 0.468310
2.567444 0.471417
2.572954 0.474938
2.578464 0.477009
2.583974 0.478873
2.589484 0.481152
2.594994 0.483430
2.600504 0.486537
2.606014 0.488815
2.611524 0.490265
2.617034 0.494615
2.622544 0.498343
2.628054 0.500414
2.633564 0.503728
2.639075 0.507042
2.644585 0.510563
2.650095 0.512842
2.655605 0.516363
2.661115 0.518434
2.666625 0.521334
2.672135 0.523405
2.677645 0.525062
2.683155 0.526719
2.688665 0.529412
2.694175 0.532312
2.699685 0.533554
2.705195 0.536040
2.710705 0.537904
2.716215 0.542046
2.721725 0.544532
2.727235 0.547017
2.732745 0.548674
2.738255 0.550953
2.743765 0.553438
2.749275 0.555717
2.754785 0.558202
2.760295 0.559445
2.765805 0.561309
2.771315 0.563587
2.776825 0.565866
2.782335 0.567730
2.787845 0.570630
2.793355 0.572080
2.798865 0.575186
2.804376 0.576843
2.809886 0.578915
2.815396 0.581814
2.820906 0.583264
2.826416 0.586785
2.831926 0.587821
2.837436 0.589892
2.842946 0.592999
2.848456 0.595692
2.853966 0.597970
2.859476 0.600249
2.864986 0.603355
2.870496 0.606255
2.876006 0.608948
2.881516 0.611226
2.887026 0.613712
2.892536 0.615162
2.898046 0.616819
2.903556 0.617854
2.909066 0.618890
2.914576 0.620754
2.920086 0.621997
2.925596 0.623239
2.931106 0.625725
2.936616 0.627382
2.942126 0.629453
2.947636 0.631524
2.953146 0.633596
2.958656 0.636081
2.964166 0.638774
2.969677 0.640431
2.975187 0.642088
2.980697 0.644988
2.986207 0.646852
2.991717 0.647887
2.997227 0.650166
3.002737 0.650994
3.008247 0.652030
3.013757 0.652858
3.019267 0.653273
3.024777 0.655137
3.030287 0.656587
3.035797 0.659072
3.041307 0.660936
3.046817 0.662593
3.052327 0.664250
3.057837 0.666114
3.063347 0.667771
3.068857 0.669014
3.074367 0.671085
3.079877 0.672121
3.085387 0.672742
3.090897 0.674606
3.096407 0.675849
3.101917 0.677299
3.107427 0.678749
3.112937 0.680199
3.118447 0.681234
3.123957 0.683513
3.129467 0.685170
3.134978 0.686205
3.140488 0.687655
3.145998 0.689519
3.151508 0.691798
3.157018 0.693455
3.162528 0.694698
3.168038 0.697390
3.173548 0.699876
3.179058 0.701740
3.184568 0.702568
3.190078 0.704018
3.195588 0.704640
3.201098 0.705261
3.206608 0.706918
3.212118 0.708575
3.217628 0.710439
3.223138 0.711268
3.228648 0.712925
3.234158 0.714789
3.239668 0.716446
3.245178 0.717896
3.250688 0.718724
3.256198 0.719138
3.261708 0.720381
3.267218 0.722038
3.272728 0.723488
3.278238 0.725352
3.283748 0.727423
3.289258 0.728666
3.294769 0.730323
3.300279 0.731359
3.305789 0.732601
3.311299 0.733223
3.316809 0.734258
3.322319 0.736537
3.327829 0.738194
3.333339 0.739229
3.338849 0.741094
3.344359 0.742543
3.349869 0.743993
3.355379 0.744822
3.360889 0.746065
3.366399 0.747929
3.371909 0.750207
3.377419 0.751864
3.382929 0.753107
3.388439 0.754143
3.393949 0.755592
3.399459 0.756214
3.404969 0.758285
3.410479 0.759321
3.415989 0.760978
3.421499 0.761806
3.427009 0.763463
3.432519 0.765327
3.438029 0.766777
3.443539 0.768641
3.449049 0.770298
3.454559 0.771334
3.460070 0.772577
3.465580 0.773612
3.471090 0.775476
3.476600 0.776098
3.482110 0.778376
3.487620 0.778790
3.493130 0.779826
3.498640 0.780033
3.504150 0.780655
3.509660 0.782104
3.515170 0.783554
3.520680 0.785211
3.526190 0.786661
3.531700 0.788111
3.537210 0.788940
3.542720 0.790182
3.548230 0.791011
3.553740 0.792046
3.559250 0.793082
3.564760 0.793496
3.570270 0.794532
3.575780 0.795153
3.581290 0.795568
3.586800 0.796603
3.592310 0.797639
3.597820 0.798467
3.603330 0.799917
3.608840 0.800539
3.614350 0.802196
3.619860 0.803438
3.625371 0.804888
3.630881 0.805717
3.636391 0.806338
3.641901 0.807374
3.647411 0.808202
3.652921 0.808616
3.658431 0.809445
3.663941 0.810481
3.669451 0.810895
3.674961 0.811102
3.680471 0.811723
3.685981 0.811930
3.691491 0.813380
3.697001 0.813587
3.702511 0.814416
3.708021 0.816073
3.713531 0.816487
3.719041 0.817316
3.724551 0.818351
3.730061 0.819387
3.735571 0.820630
3.741081 0.821665
3.746591 0.821665
3.752101 0.822080
3.757611 0.822494
3.763121 0.823115
3.768631 0.823944
3.774141 0.825394
3.779651 0.827465
3.785161 0.828708
3.790672 0.829329
3.796182 0.830572
3.801692 0.830779
3.807202 0.831607
3.812712 0.832229
3.818222 0.833057
3.823732 0.834300
3.829242 0.835750
3.834752 0.836578
3.840262 0.837200
3.845772 0.838028
3.851282 0.838235
3.856792 0.839064
3.862302 0.840099
3.867812 0.841342
3.873322 0.842378
3.878832 0.842999
3.884342 0.844242
3.889852 0.845070
3.895362 0.845692
3.900872 0.846520
3.906382 0.847142
3.911892 0.848177
3.917402 0.849420
3.922912 0.850041
3.928422 0.850456
3.933932 0.851077
3.939442 0.852734
3.944952 0.852941
3.950463 0.853770
3.955973 0.853770
3.961483 0.854184
3.966993 0.855012
3.972503 0.855634
3.978013 0.856462
3.983523 0.856877
3.989033 0.857084
3.994543 0.857912
