0.631735 0.000207
0.633682 0.000207
0.635629 0.000207
0.637576 0.000207
0.639523 0.000207
0.641470 0.000207
0.643417 0.000207
0.645364 0.000207
0.647311 0.000207
0.649259 0.000207
0.651206 0.000207
0.653153 0.000207
0.655100 0.000207
0.657047 0.000207
0.658994 0.000207
0.660941 0.000207
0.662888 0.000207
0.664835 0.000207
0.666782 0.000207
0.668729 0.000207
0.670677 0.000207
0.672624 0.000207
0.674571 0.000207
0.676518 0.000207
0.678465 0.000207
0.680412 0.000207
0.682359 0.000207
0.684306 0.000207
0.686253 0.000207
0.688200 0.000207
0.690148 0.000207
0.692095 0.000207
0.694042 0.000207
0.695989 0.000207
0.697936 0.000207
0.699883 0.000207
0.701830 0.000207
0.703777 0.000414
0.705724 0.000414
0.707671 0.000414
0.709619 0.000414
0.711566 0.000414
0.713513 0.000414
0.715460 0.000414
0.717407 0.000414
0.719354 0.000414
0.721301 0.000621
0.723248 0.000621
0.725195 0.000621
0.727142 0.000621
0.729090 0.000621
0.731037 0.000621
0.732984 0.000829
0.734931 0.000829
0.736878 0.000829
0.738825 0.000829
0.740772 0.000829
0.742719 0.000829
0.744666 0.000829
0.746613 0.000829
0.748561 0.000829
0.750508 0.000829
0.752455 0.001036
0.754402 0.001036
0.756349 0.001036
0.758296 0.001036
0.760243 0.001243
0.762190 0.001243
0.764137 0.001243
0.766084 0.001243
0.768032 0.001243
0.769979 0.001243
0.771926 0.001243
0.773873 0.001450
0.775820 0.001657
0.777767 0.001657
0.779714 0.001657
0.781661 0.001657
0.783608 0.001657
0.785555 0.001657
0.787503 0.002071
0.789450 0.002071
0.791397 0.002071
0.793344 0.002071
0.795291 0.002278
0.797238 0.002278
0.799185 0.002278
0.801132 0.002278
0.803079 0.002486
0.805026 0.002486
0.806974 0.002486
0.808921 0.002486
0.810868 0.002486
0.812815 0.002693
0.814762 0.002900
0.816709 0.002900
0.818656 0.002900
0.820603 0.002900
0.822550 0.002900
0.824497 0.002900
0.826444 0.003107
0.828392 0.003107
0.830339 0.003107
0.832286 0.003314
0.834233 0.003314
0.836180 0.003314
0.838127 0.003314
0.840074 0.003314
0.842021 0.003314
0.843968 0.003314
0.845915 0.003521
0.847863 0.003521
0.849810 0.003728
0.851757 0.003935
0.853704 0.003935
0.855651 0.003935
0.857598 0.003935
0.859545 0.003935
0.861492 0.003935
0.863439 0.004350
0.865386 0.004350
0.867334 0.004350
0.869281 0.004557
0.871228 0.004557
0.873175 0.004557
0.875122 0.004557
0.877069 0.004557
0.879016 0.004764
0.880963 0.004764
0.882910 0.004971
0.884857 0.004971
0.886805 0.005178
0.888752 0.005385
0.890699 0.005592
0.892646 0.005800
0.894593 0.006007
0.896540 0.006421
0.898487 0.006835
0.900434 0.006835
0.902381 0.007042
0.904328 0.007249
0.906276 0.007249
0.908223 0.007249
0.910170 0.007249
0.912117 0.007664
0.914064 0.007871
0.916011 0.007871
0.917958 0.008078
0.919905 0.008699
0.921852 0.008906
0.923799 0.009114
0.925747 0.009528
0.927694 0.010149
0.929641 0.010563
0.931588 0.010978
0.933535 0.010978
0.935482 0.011185
0.937429 0.011185
0.939376 0.011392
0.941323 0.011599
0.943270 0.011599
0.945218 0.011599
0.947165 0.011599
0.949112 0.011599
0.951059 0.011806
0.953006 0.011806
0.954953 0.011806
0.956900 0.012220
0.958847 0.012428
0.960794 0.012635
0.962741 0.013049
0.964689 0.013049
0.966636 0.013463
0.968583 0.013877
0.970530 0.014085
0.972477 0.014085
0.974424 0.014706
0.976371 0.014913
0.978318 0.014913
0.980265 0.015327
0.982212 0.015742
0.984159 0.015742
0.986107 0.016156
0.988054 0.016570
0.990001 0.016984
0.991948 0.017399
0.993895 0.017813
0.995842 0.018434
0.997789 0.018434
0.999736 0.019056
1.001683 0.019470
1.003630 0.019884
1.005578 0.020505
1.007525 0.020505
1.009472 0.020920
1.011419 0.021334
1.013366 0.022162
1.015313 0.022784
1.017260 0.022991
1.019207 0.022991
1.021154 0.023405
1.023101 0.023405
1.025049 0.023612
1.026996 0.024234
1.028943 0.024648
1.030890 0.024855
1.032837 0.024855
1.034784 0.025269
1.036731 0.025476
1.038678 0.026305
1.040625 0.026719
1.042572 0.026926
1.044520 0.027962
1.046467 0.028376
1.048414 0.028583
1.050361 0.028583
1.052308 0.029412
1.054255 0.029619
1.056202 0.030033
1.058149 0.030862
1.060096 0.030862
1.062043 0.031069
1.063991 0.032312
1.065938 0.032933
1.067885 0.033554
1.069832 0.033969
1.071779 0.034590
1.073726 0.035004
1.075673 0.035418
1.077620 0.035626
1.079567 0.036247
1.081514 0.036247
1.083462 0.037697
1.085409 0.038111
1.087356 0.038732
1.089303 0.039354
1.091250 0.039768
1.093197 0.040597
1.095144 0.040804
1.097091 0.041218
1.099038 0.041425
1.100985 0.042668
1.102933 0.043082
1.104880 0.043082
1.106827 0.043289
1.108774 0.044325
1.110721 0.044739
1.112668 0.045360
1.114615 0.046189
1.116562 0.046810
1.118509 0.047225
1.120456 0.047432
1.122404 0.047639
1.124351 0.048260
1.126298 0.048882
1.128245 0.049710
1.130192 0.050539
1.132139 0.050746
1.134086 0.051781
1.136033 0.051988
1.137980 0.052196
1.139927 0.053231
1.141874 0.053853
1.143822 0.054267
1.145769 0.054681
1.147716 0.055302
1.149663 0.056338
1.151610 0.056752
1.153557 0.057167
1.155504 0.058202
1.157451 0.058616
1.159398 0.059652
1.161345 0.060273
1.163293 0.060895
1.165240 0.061309
1.167187 0.062138
1.169134 0.062966
1.171081 0.063587
1.173028 0.064416
1.174975 0.065659
1.176922 0.067109
1.178869 0.067730
1.180816 0.067937
1.182764 0.068351
1.184711 0.069180
1.186658 0.070630
1.188605 0.071872
1.190552 0.072908
1.192499 0.073944
1.194446 0.075808
1.196393 0.077051
1.198340 0.079122
1.200287 0.080365
1.202235 0.081193
1.204182 0.082022
1.206129 0.082643
1.208076 0.083264
1.210023 0.084093
1.211970 0.084714
1.213917 0.085750
1.215864 0.086785
1.217811 0.087200
1.219758 0.087614
1.221706 0.088650
1.223653 0.088857
1.225600 0.089685
1.227547 0.090307
1.229494 0.090307
1.231441 0.091756
1.233388 0.092999
1.235335 0.093413
1.237282 0.094656
1.239229 0.095070
1.241177 0.095485
1.243124 0.096520
1.245071 0.097763
1.247018 0.098592
1.248965 0.099213
1.250912 0.100249
1.252859 0.101077
1.254806 0.102320
1.256753 0.103355
1.258700 0.104598
1.260648 0.105220
1.262595 0.106255
1.264542 0.106877
1.266489 0.107912
1.268436 0.108741
1.270383 0.109776
1.272330 0.111433
1.274277 0.112469
1.276224 0.112883
1.278171 0.114333
1.280118 0.116197
1.282066 0.116611
1.284013 0.117647
1.285960 0.119304
1.287907 0.120340
1.289854 0.121168
1.291801 0.121997
1.293748 0.122411
1.295695 0.123239
1.297642 0.125518
1.299589 0.126968
1.301537 0.128210
1.303484 0.129246
1.305431 0.129660
1.307378 0.130282
1.309325 0.131524
1.311272 0.132353
1.313219 0.133389
1.315166 0.134010
1.317113 0.136288
1.319060 0.137117
1.321008 0.138360
1.322955 0.138567
1.324902 0.139809
1.326849 0.140845
1.328796 0.142088
1.330743 0.144159
1.332690 0.145195
1.334637 0.145609
1.336584 0.147680
1.338531 0.148923
1.340479 0.149337
1.342426 0.150787
1.344373 0.151823
1.346320 0.153065
1.348267 0.154722
1.350214 0.156587
1.352161 0.158036
1.354108 0.158658
1.356055 0.159279
1.358002 0.159901
1.359950 0.160522
1.361897 0.161765
1.363844 0.162800
1.365791 0.163629
1.367738 0.165700
1.369685 0.167564
1.371632 0.168393
1.373579 0.169843
1.375526 0.170257
1.377473 0.171500
1.379421 0.171707
1.381368 0.173157
1.383315 0.175435
1.385262 0.177920
1.387209 0.178956
1.389156 0.179370
1.391103 0.181027
1.393050 0.181442
1.394997 0.182684
1.396944 0.183513
1.398892 0.184963
1.400839 0.185377
1.402786 0.186620
1.404733 0.187862
1.406680 0.189312
1.408627 0.190555
1.410574 0.191798
1.412521 0.193041
1.414468 0.194283
1.416415 0.195319
1.418363 0.196355
1.420310 0.197183
1.422257 0.198012
1.424204 0.200911
1.426151 0.202154
1.428098 0.203397
1.430045 0.203811
1.431992 0.206089
1.433939 0.207954
1.435886 0.209196
1.437833 0.210853
1.439781 0.212925
1.441728 0.213753
1.443675 0.215617
1.445622 0.217481
1.447569 0.218310
1.449516 0.218724
1.451463 0.219553
1.453410 0.221417
1.455357 0.222038
1.457304 0.223281
1.459252 0.224938
1.461199 0.225766
1.463146 0.225973
1.465093 0.226802
1.467040 0.228252
1.468987 0.230116
1.470934 0.231980
1.472881 0.234258
1.474828 0.235294
1.476775 0.236951
1.478723 0.238815
1.480670 0.240265
1.482617 0.241715
1.484564 0.242751
1.486511 0.244615
1.488458 0.246065
1.490405 0.247307
1.492352 0.248550
1.494299 0.250621
1.496246 0.251864
1.498194 0.253521
1.500141 0.254143
1.502088 0.255800
1.504035 0.257249
1.505982 0.258699
1.507929 0.260149
1.509876 0.260356
1.511823 0.262013
1.513770 0.263877
1.515717 0.265742
1.517665 0.267191
1.519612 0.269056
1.521559 0.270298
1.523506 0.272162
1.525453 0.272784
1.527400 0.274648
1.529347 0.277341
1.531294 0.278583
1.533241 0.279205
1.535188 0.279412
1.537136 0.281069
1.539083 0.282312
1.541030 0.283140
1.542977 0.283969
1.544924 0.286040
1.546871 0.287490
1.548818 0.288732
1.550765 0.290597
1.552712 0.291425
1.554659 0.292254
1.556607 0.293289
1.558554 0.294739
1.560501 0.295982
1.562448 0.297225
1.564395 0.298467
1.566342 0.298882
1.568289 0.300331
1.570236 0.301367
1.572183 0.303231
1.574130 0.305924
1.576078 0.307374
1.578025 0.308824
1.579972 0.309031
1.581919 0.309652
1.583866 0.310481
1.585813 0.312966
1.587760 0.314416
1.589707 0.315659
1.591654 0.316280
1.593601 0.318351
1.595548 0.320008
1.597496 0.320837
1.599443 0.322287
1.601390 0.323944
1.603337 0.325186
1.605284 0.326636
1.607231 0.328293
1.609178 0.329743
1.611125 0.330572
1.613072 0.331400
1.615019 0.333264
1.616967 0.335128
1.618914 0.336164
1.620861 0.337200
1.622808 0.338442
1.624755 0.339064
1.626702 0.340928
1.628649 0.342378
1.630596 0.343413
1.632543 0.345278
1.634490 0.345692
1.636438 0.347556
1.638385 0.349006
1.640332 0.350663
1.642279 0.352527
1.644226 0.353770
1.646173 0.355012
1.648120 0.356462
1.650067 0.358741
1.652014 0.359569
1.653961 0.360812
1.655909 0.362262
1.657856 0.364126
1.659803 0.364954
1.661750 0.366404
1.663697 0.367854
1.665644 0.368476
1.667591 0.370340
1.669538 0.371375
1.671485 0.373447
1.673432 0.374275
1.675380 0.375311
1.677327 0.376968
1.679274 0.379039
1.681221 0.381110
1.683168 0.382353
1.685115 0.383803
1.687062 0.385460
1.689009 0.386703
1.690956 0.388360
1.692903 0.389809
1.694851 0.390845
1.696798 0.392502
1.698745 0.394366
1.700692 0.395195
1.702639 0.396230
1.704586 0.398094
1.706533 0.399544
1.708480 0.400373
1.710427 0.401616
1.712374 0.403273
1.714322 0.405137
1.716269 0.406794
1.718216 0.407829
1.720163 0.409072
1.722110 0.410315
1.724057 0.410936
1.726004 0.413007
1.727951 0.414043
1.729898 0.414872
1.731845 0.415907
1.733793 0.417771
1.735740 0.419843
1.737687 0.420878
1.739634 0.421914
1.741581 0.423985
1.743528 0.426678
1.745475 0.428335
1.747422 0.429370
1.749369 0.430613
1.751316 0.432891
1.753263 0.434963
1.755211 0.437034
1.757158 0.438484
1.759105 0.439519
1.761052 0.441384
1.762999 0.442005
1.764946 0.442419
1.766893 0.443662
1.768840 0.445112
1.770787 0.447390
1.772734 0.448840
1.774682 0.450497
1.776629 0.453190
1.778576 0.455261
1.780523 0.456089
1.782470 0.458782
1.784417 0.459611
1.786364 0.460439
1.788311 0.461889
1.790258 0.462510
1.792205 0.463546
1.794153 0.464789
1.796100 0.466239
1.798047 0.466653
1.799994 0.468103
1.801941 0.469967
1.803888 0.471417
1.805835 0.472452
1.807782 0.473902
1.809729 0.475766
1.811676 0.476388
1.813624 0.477216
1.815571 0.478666
1.817518 0.480323
1.819465 0.482394
1.821412 0.482394
1.823359 0.482809
1.825306 0.485294
1.827253 0.487572
1.829200 0.488401
1.831147 0.489851
1.833095 0.491922
1.835042 0.492129
1.836989 0.493993
1.838936 0.494822
1.840883 0.495857
1.842830 0.497722
1.844777 0.498343
1.846724 0.499171
1.848671 0.500621
1.850618 0.501864
1.852566 0.503521
1.854513 0.504557
1.856460 0.505800
1.858407 0.506628
1.860354 0.508492
1.862301 0.509942
1.864248 0.511392
1.866195 0.512428
1.868142 0.513670
1.870089 0.514292
1.872037 0.516156
1.873984 0.517191
1.875931 0.518434
1.877878 0.518848
1.879825 0.520505
1.881772 0.521127
1.883719 0.521955
1.885666 0.522577
1.887613 0.524234
1.889560 0.525062
1.891508 0.525476
1.893455 0.526098
1.895402 0.526926
1.897349 0.527548
1.899296 0.529412
1.901243 0.530240
1.903190 0.531483
1.905137 0.533140
1.907084 0.534590
1.909031 0.535626
1.910978 0.536247
1.912926 0.538318
1.914873 0.538732
1.916820 0.540389
1.918767 0.541632
1.920714 0.542461
1.922661 0.544739
1.924608 0.545360
1.926555 0.546810
1.928502 0.548053
1.930449 0.549296
1.932397 0.550746
1.934344 0.551781
1.936291 0.552817
1.938238 0.554267
1.940185 0.555095
1.942132 0.555717
1.944079 0.556545
1.946026 0.557788
1.947973 0.558616
1.949920 0.559652
1.951868 0.560895
1.953815 0.562759
1.955762 0.564623
1.957709 0.565866
1.959656 0.567109
1.961603 0.568973
1.963550 0.570008
1.965497 0.570630
1.967444 0.572287
1.969391 0.573529
1.971339 0.574772
1.973286 0.575394
1.975233 0.576636
1.977180 0.577465
1.979127 0.578500
1.981074 0.579950
1.983021 0.580986
1.984968 0.582229
1.986915 0.583471
1.988862 0.584093
1.990810 0.585336
1.992757 0.585957
1.994704 0.587407
1.996651 0.588235
1.998598 0.588442
2.000545 0.589478
2.002492 0.590928
2.004439 0.591342
2.006386 0.593413
2.008333 0.594242
2.010281 0.596313
2.012228 0.597763
2.014175 0.598384
2.016122 0.599006
2.018069 0.600456
2.020016 0.601906
2.021963 0.603148
2.023910 0.605012
2.025857 0.606877
2.027804 0.608741
2.029752 0.609362
2.031699 0.610605
2.033646 0.612262
2.035593 0.614126
2.037540 0.614540
2.039487 0.615990
2.041434 0.616611
2.043381 0.618476
2.045328 0.619718
2.047275 0.619925
2.049223 0.621375
2.051170 0.621997
2.053117 0.623239
2.055064 0.624689
2.057011 0.625932
2.058958 0.627175
2.060905 0.628210
2.062852 0.628832
2.064799 0.630075
2.066746 0.630903
2.068693 0.632146
2.070641 0.632974
2.072588 0.634217
2.074535 0.635253
2.076482 0.636703
2.078429 0.637531
2.080376 0.639602
2.082323 0.640431
2.084270 0.641674
2.086217 0.642295
2.088164 0.642916
2.090112 0.643538
2.092059 0.644573
2.094006 0.644780
2.095953 0.644988
2.097900 0.645609
2.099847 0.647680
2.101794 0.649337
2.103741 0.650580
2.105688 0.651823
2.107635 0.652651
2.109583 0.653687
2.111530 0.654515
2.113477 0.655551
2.115424 0.656379
2.117371 0.657208
2.119318 0.657829
2.121265 0.658865
2.123212 0.660729
2.125159 0.662179
2.127106 0.663007
2.129054 0.663836
2.131001 0.665700
2.132948 0.666321
2.134895 0.666736
2.136842 0.667978
2.138789 0.669014
2.140736 0.669843
2.142683 0.670464
2.144630 0.671292
2.146577 0.672535
2.148525 0.673985
2.150472 0.675228
2.152419 0.676471
2.154366 0.677092
2.156313 0.677299
2.158260 0.678128
2.160207 0.679577
2.162154 0.681027
2.164101 0.682477
2.166048 0.684134
2.167996 0.684963
2.169943 0.685998
2.171890 0.686827
2.173837 0.687448
2.175784 0.688898
2.177731 0.689727
2.179678 0.690969
2.181625 0.692419
2.183572 0.693455
2.185519 0.693869
2.187467 0.694905
2.189414 0.695940
2.191361 0.696769
2.193308 0.698012
2.195255 0.699047
2.197202 0.699254
2.199149 0.700290
2.201096 0.701326
2.203043 0.702568
2.204990 0.703190
2.206938 0.704018
2.208885 0.704018
2.210832 0.705054
2.212779 0.706297
2.214726 0.706504
2.216673 0.707746
2.218620 0.708368
2.220567 0.708575
2.222514 0.709403
2.224461 0.710232
2.226408 0.711060
2.228356 0.712925
2.230303 0.714167
2.232250 0.714789
2.234197 0.715617
2.236144 0.716446
2.238091 0.716860
2.240038 0.717896
2.241985 0.718517
2.243932 0.719345
2.245879 0.720795
2.247827 0.721417
2.249774 0.722038
2.251721 0.722452
2.253668 0.723695
2.255615 0.724316
2.257562 0.724938
2.259509 0.725766
2.261456 0.727009
2.263403 0.727838
2.265350 0.729080
2.267298 0.729909
2.269245 0.730737
2.271192 0.731152
2.273139 0.731773
2.275086 0.733637
2.277033 0.735087
2.278980 0.735501
2.280927 0.736123
2.282874 0.736951
2.284821 0.737572
2.286769 0.738815
2.288716 0.740058
2.290663 0.740679
2.292610 0.742129
2.294557 0.743372
2.296504 0.744615
2.298451 0.745650
2.300398 0.746065
2.302345 0.746272
2.304292 0.747307
2.306240 0.748136
2.308187 0.748757
2.310134 0.749171
2.312081 0.750207
2.314028 0.750621
2.315975 0.751243
2.317922 0.752278
2.319869 0.753107
2.321816 0.753728
2.323763 0.754143
2.325711 0.754971
2.327658 0.756628
2.329605 0.757249
2.331552 0.757249
2.333499 0.757871
2.335446 0.758906
2.337393 0.759735
2.339340 0.759942
2.341287 0.760563
2.343234 0.760771
2.345182 0.762013
2.347129 0.763049
2.349076 0.763463
2.351023 0.763463
2.352970 0.764085
2.354917 0.764292
2.356864 0.765534
2.358811 0.766156
2.360758 0.766363
2.362705 0.767191
2.364653 0.767399
2.366600 0.768641
2.368547 0.769263
2.370494 0.770298
2.372441 0.770920
2.374388 0.771334
2.376335 0.771541
2.378282 0.771541
2.380229 0.771748
2.382176 0.771748
2.384123 0.772577
2.386071 0.773612
2.388018 0.774648
2.389965 0.775269
2.391912 0.775684
2.393859 0.776098
2.395806 0.776305
2.397753 0.776926
2.399700 0.777755
2.401647 0.778583
2.403594 0.779205
2.405542 0.780240
2.407489 0.780240
2.409436 0.780862
2.411383 0.781690
2.413330 0.781690
2.415277 0.782104
2.417224 0.782933
2.419171 0.783140
2.421118 0.783761
2.423065 0.784383
2.425013 0.785626
2.426960 0.785833
2.428907 0.786247
2.430854 0.786454
2.432801 0.787490
2.434748 0.787697
2.436695 0.788111
2.438642 0.788525
2.440589 0.789147
2.442536 0.789561
2.444484 0.789975
2.446431 0.790804
2.448378 0.790804
2.450325 0.791218
2.452272 0.791632
2.454219 0.792046
2.456166 0.792461
2.458113 0.793289
2.460060 0.793496
2.462007 0.794325
2.463955 0.794946
2.465902 0.795982
2.467849 0.796810
2.469796 0.797017
2.471743 0.797432
2.473690 0.797846
2.475637 0.799089
2.477584 0.799710
2.479531 0.799710
2.481478 0.800746
2.483426 0.801574
2.485373 0.802610
2.487320 0.803438
2.489267 0.804267
2.491214 0.804681
2.493161 0.805302
2.495108 0.805924
2.497055 0.806959
2.499002 0.807167
2.500949 0.807995
2.502897 0.808409
2.504844 0.808824
2.506791 0.809859
2.508738 0.810481
2.510685 0.811102
2.512632 0.811930
2.514579 0.812759
2.516526 0.813173
2.518473 0.813795
2.520420 0.814209
2.522368 0.814209
2.524315 0.814623
2.526262 0.814830
2.528209 0.815244
2.530156 0.815244
2.532103 0.816694
2.534050 0.817316
2.535997 0.817937
2.537944 0.818144
2.539891 0.818558
2.541838 0.818766
2.543786 0.819594
2.545733 0.820008
2.547680 0.820630
2.549627 0.820630
2.551574 0.820837
2.553521 0.821458
2.555468 0.822080
2.557415 0.823322
2.559362 0.823737
2.561309 0.824151
2.563257 0.824772
2.565204 0.825601
2.567151 0.825808
2.569098 0.826015
2.571045 0.826222
2.572992 0.827258
2.574939 0.827465
2.576886 0.827465
2.578833 0.827879
2.580780 0.829122
2.582728 0.830157
2.584675 0.830157
2.586622 0.830572
2.588569 0.830779
2.590516 0.831193
2.592463 0.831400
2.594410 0.831607
2.596357 0.832022
2.598304 0.832850
2.600251 0.832850
2.602199 0.833057
2.604146 0.833264
2.606093 0.834093
2.608040 0.834714
2.609987 0.835128
2.611934 0.835128
2.613881 0.835128
2.615828 0.835957
2.617775 0.836578
2.619722 0.836993
2.621670 0.837407
2.623617 0.837614
2.625564 0.837821
2.627511 0.838857
2.629458 0.839271
2.631405 0.839478
2.633352 0.840099
2.635299 0.840514
2.637246 0.840928
2.639193 0.841756
2.641141 0.842792
2.643088 0.842792
2.645035 0.842999
2.646982 0.843828
2.648929 0.844242
2.650876 0.844449
2.652823 0.844863
2.654770 0.845070
2.656717 0.845278
2.658664 0.845485
2.660612 0.846727
2.662559 0.847556
2.664506 0.847763
2.666453 0.848177
2.668400 0.849213
2.670347 0.850041
2.672294 0.850456
2.674241 0.850456
2.676188 0.850870
2.678135 0.850870
2.680083 0.851077
2.682030 0.851284
2.683977 0.852113
2.685924 0.852320
2.687871 0.852734
2.689818 0.852941
2.691765 0.853148
2.693712 0.853148
2.695659 0.853563
2.697606 0.853977
2.699553 0.854805
2.701501 0.855012
2.703448 0.855220
2.705395 0.855634
2.707342 0.855841
2.709289 0.856255
2.711236 0.856255
2.713183 0.856462
2.715130 0.856669
2.717077 0.856669
2.719024 0.857084
2.720972 0.857291
2.722919 0.858119
2.724866 0.858326
2.726813 0.858534
2.728760 0.858534
2.730707 0.859155
2.732654 0.859776
2.734601 0.860191
2.736548 0.861226
2.738495 0.861226
2.740443 0.861640
2.742390 0.861640
2.744337 0.861640
2.746284 0.861848
2.748231 0.862262
2.750178 0.862676
2.752125 0.863297
2.754072 0.863505
2.756019 0.863712
2.757966 0.864333
2.759914 0.864747
2.761861 0.865162
2.763808 0.865783
2.765755 0.866197
2.767702 0.866404
2.769649 0.866819
2.771596 0.867026
2.773543 0.867440
2.775490 0.867854
2.777437 0.867854
2.779385 0.868683
2.781332 0.869097
2.783279 0.869925
2.785226 0.870133
2.787173 0.870754
2.789120 0.871168
2.791067 0.871168
2.793014 0.871997
2.794961 0.872204
2.796908 0.872411
2.798856 0.872825
2.800803 0.873239
2.802750 0.873447
2.804697 0.874275
2.806644 0.875104
2.808591 0.875725
2.810538 0.876346
2.812485 0.876761
2.814432 0.877175
2.816379 0.878003
2.818327 0.878418
2.820274 0.878832
2.822221 0.879453
2.824168 0.879867
2.826115 0.880696
2.828062 0.880903
2.830009 0.881524
2.831956 0.881732
2.833903 0.882353
2.835850 0.882974
2.837798 0.883389
2.839745 0.884010
2.841692 0.884424
2.843639 0.884631
2.845586 0.884838
2.847533 0.885253
2.849480 0.885460
2.851427 0.885667
2.853374 0.885667
2.855321 0.885874
2.857268 0.885874
2.859216 0.885874
2.861163 0.886081
2.863110 0.886703
2.865057 0.886703
2.867004 0.886910
2.868951 0.887117
2.870898 0.887531
2.872845 0.887531
2.874792 0.887738
2.876739 0.887945
2.878687 0.887945
2.880634 0.888360
2.882581 0.888567
2.884528 0.888567
2.886475 0.888774
2.888422 0.889602
2.890369 0.890224
2.892316 0.890431
2.894263 0.890431
2.896210 0.890845
2.898158 0.891259
2.900105 0.891674
2.902052 0.892295
2.903999 0.892295
2.905946 0.892502
2.907893 0.892709
2.909840 0.892916
2.911787 0.893538
2.913734 0.893538
2.915681 0.893952
2.917629 0.893952
2.919576 0.894366
2.921523 0.894573
2.923470 0.895609
2.925417 0.896230
2.927364 0.896230
2.929311 0.896645
2.931258 0.896645
2.933205 0.896645
2.935152 0.896645
2.937100 0.896645
2.939047 0.896852
2.940994 0.896852
2.942941 0.897473
2.944888 0.897680
2.946835 0.897680
2.948782 0.898094
2.950729 0.898094
2.952676 0.898302
2.954623 0.898302
2.956571 0.898302
2.958518 0.898302
2.960465 0.898716
2.962412 0.898923
2.964359 0.899337
2.966306 0.899751
2.968253 0.900373
2.970200 0.900994
2.972147 0.901616
2.974094 0.901823
2.976042 0.902030
2.977989 0.902237
2.979936 0.902651
2.981883 0.903273
2.983830 0.903687
2.985777 0.904101
2.987724 0.904308
2.989671 0.904722
2.991618 0.905137
2.993565 0.905137
2.995513 0.905137
2.997460 0.905551
2.999407 0.905758
3.001354 0.905758
3.003301 0.906379
3.005248 0.906379
3.007195 0.906587
3.009142 0.906794
3.011089 0.907208
3.013036 0.907622
3.014983 0.907829
3.016931 0.908658
3.018878 0.909072
3.020825 0.909693
3.022772 0.909693
3.024719 0.910108
3.026666 0.910522
3.028613 0.910729
3.030560 0.910936
3.032507 0.911350
3.034454 0.911558
3.036402 0.911558
3.038349 0.911558
3.040296 0.911765
3.042243 0.912179
3.044190 0.912386
3.046137 0.912593
3.048084 0.912593
3.050031 0.912800
3.051978 0.913007
3.053925 0.913215
3.055873 0.913215
3.057820 0.913215
3.059767 0.913215
3.061714 0.913422
3.063661 0.913836
3.065608 0.914250
3.067555 0.914250
3.069502 0.914250
3.071449 0.914250
3.073396 0.914250
3.075344 0.914664
3.077291 0.915286
3.079238 0.915493
3.081185 0.915700
3.083132 0.915700
3.085079 0.915907
3.087026 0.915907
3.088973 0.915907
3.090920 0.916114
3.092867 0.916114
3.094815 0.916114
3.096762 0.916736
3.098709 0.916736
3.100656 0.917150
3.102603 0.917357
3.104550 0.917771
3.106497 0.917771
3.108444 0.917771
3.110391 0.917978
3.112338 0.918186
3.114286 0.918393
3.116233 0.918600
3.118180 0.918807
3.120127 0.918807
3.122074 0.919014
3.124021 0.919221
3.125968 0.919221
3.127915 0.919635
3.129862 0.919843
3.131809 0.920050
3.133757 0.920671
3.135704 0.920671
3.137651 0.920878
3.139598 0.920878
3.141545 0.921085
3.143492 0.921085
3.145439 0.921085
3.147386 0.921085
3.149333 0.921292
3.151280 0.921292
3.153228 0.921500
3.155175 0.921500
3.157122 0.921914
3.159069 0.921914
3.161016 0.922121
3.162963 0.922328
3.164910 0.922328
3.166857 0.922328
3.168804 0.922535
3.170751 0.922949
3.172698 0.923157
3.174646 0.923157
3.176593 0.923157
3.178540 0.923157
3.180487 0.923157
3.182434 0.923571
3.184381 0.923985
3.186328 0.924399
3.188275 0.924399
3.190222 0.924399
3.192169 0.924399
3.194117 0.924606
3.196064 0.924606
3.198011 0.924814
3.199958 0.925021
3.201905 0.925435
3.203852 0.925435
3.205799 0.925435
3.207746 0.925435
3.209693 0.925435
3.211640 0.925642
3.213588 0.925642
3.215535 0.925642
3.217482 0.925642
3.219429 0.925642
3.221376 0.925849
3.223323 0.925849
3.225270 0.926056
3.227217 0.926263
3.229164 0.926471
3.231111 0.926471
3.233059 0.926471
3.235006 0.926678
3.236953 0.926678
3.238900 0.926678
3.240847 0.926885
3.242794 0.927092
3.244741 0.927092
3.246688 0.927092
3.248635 0.927092
3.250582 0.927506
3.252530 0.927713
3.254477 0.927920
3.256424 0.927920
3.258371 0.927920
3.260318 0.928128
3.262265 0.928335
3.264212 0.928335
3.266159 0.928542
3.268106 0.928956
3.270053 0.929370
3.272001 0.929577
3.273948 0.929577
3.275895 0.929577
3.277842 0.929577
3.279789 0.929785
3.281736 0.929992
3.283683 0.930199
3.285630 0.930406
3.287577 0.930820
3.289524 0.930820
3.291472 0.931027
3.293419 0.931027
3.295366 0.931442
3.297313 0.931649
3.299260 0.931856
3.301207 0.932063
3.303154 0.932477
3.305101 0.933099
3.307048 0.933099
3.308995 0.933306
3.310943 0.933306
3.312890 0.933306
3.314837 0.933513
3.316784 0.933720
3.318731 0.934134
3.320678 0.934341
3.322625 0.934341
3.324572 0.934548
3.326519 0.934756
3.328466 0.934756
3.330413 0.934756
3.332361 0.934756
3.334308 0.935170
3.336255 0.935377
3.338202 0.935377
3.340149 0.935377
3.342096 0.935377
3.344043 0.935377
3.345990 0.935791
3.347937 0.935791
3.349884 0.935791
3.351832 0.935791
3.353779 0.935791
3.355726 0.935998
3.357673 0.936205
3.359620 0.936413
3.361567 0.936413
3.363514 0.936620
3.365461 0.936620
3.367408 0.936620
3.369355 0.936620
3.371303 0.936620
3.373250 0.936620
3.375197 0.936827
3.377144 0.937034
3.379091 0.937241
3.381038 0.937241
3.382985 0.937241
3.384932 0.937241
3.386879 0.937862
3.388826 0.937862
3.390774 0.937862
3.392721 0.937862
3.394668 0.938277
3.396615 0.938691
3.398562 0.938898
3.400509 0.938898
3.402456 0.939105
3.404403 0.939312
3.406350 0.939519
3.408297 0.939934
3.410245 0.939934
3.412192 0.940141
3.414139 0.940555
3.416086 0.940762
3.418033 0.940969
3.419980 0.940969
3.421927 0.940969
3.423874 0.940969
3.425821 0.940969
3.427768 0.940969
3.429716 0.941176
3.431663 0.941384
3.433610 0.941591
3.435557 0.941591
3.437504 0.941798
3.439451 0.941798
3.441398 0.941798
3.443345 0.941798
3.445292 0.941798
3.447239 0.941798
3.449187 0.942212
3.451134 0.942212
3.453081 0.942419
3.455028 0.942833
3.456975 0.943248
3.458922 0.943248
3.460869 0.943248
3.462816 0.943248
3.464763 0.943662
3.466710 0.943662
3.468658 0.943662
3.470605 0.943869
3.472552 0.943869
3.474499 0.943869
3.476446 0.943869
3.478393 0.944076
3.480340 0.944076
3.482287 0.944283
3.484234 0.944490
3.486181 0.944490
3.488128 0.944490
3.490076 0.944490
3.492023 0.944698
3.493970 0.945112
3.495917 0.945319
3.497864 0.945526
3.499811 0.945526
3.501758 0.945526
3.503705 0.945526
3.505652 0.945940
3.507599 0.945940
3.509547 0.946147
3.511494 0.946147
3.513441 0.946147
3.515388 0.946355
3.517335 0.946562
3.519282 0.946769
3.521229 0.946769
3.523176 0.946769
3.525123 0.947183
3.527070 0.947390
3.529018 0.947597
3.530965 0.947597
3.532912 0.947597
3.534859 0.947597
3.536806 0.947804
3.538753 0.948012
3.540700 0.948012
3.542647 0.948219
3.544594 0.948219
3.546541 0.948426
3.548489 0.948633
3.550436 0.948633
3.552383 0.948633
3.554330 0.948633
3.556277 0.948840
3.558224 0.948840
3.560171 0.948840
3.562118 0.948840
3.564065 0.948840
3.566012 0.949047
3.567960 0.949047
3.569907 0.949047
3.571854 0.949047
3.573801 0.949047
3.575748 0.949254
3.577695 0.949254
3.579642 0.949254
3.581589 0.949254
3.583536 0.949254
3.585483 0.949254
3.587431 0.949461
3.589378 0.949461
3.591325 0.949669
3.593272 0.949669
3.595219 0.950083
3.597166 0.950083
3.599113 0.950083
3.601060 0.950497
3.603007 0.950704
3.604954 0.951118
3.606902 0.951118
3.608849 0.951118
3.610796 0.951533
3.612743 0.951533
3.614690 0.951947
3.616637 0.952154
3.618584 0.952361
3.620531 0.952568
3.622478 0.952775
3.624425 0.952775
3.626373 0.952775
3.628320 0.952983
3.630267 0.952983
3.632214 0.952983
3.634161 0.953190
3.636108 0.953397
3.638055 0.953397
3.640002 0.953397
3.641949 0.953397
3.643896 0.953604
3.645843 0.953811
3.647791 0.953811
3.649738 0.954018
3.651685 0.954432
3.653632 0.954432
3.655579 0.954432
3.657526 0.954432
3.659473 0.954432
3.661420 0.954432
3.663367 0.954432
3.665314 0.954432
3.667262 0.954640
3.669209 0.954640
3.671156 0.954640
3.673103 0.954640
3.675050 0.954640
3.676997 0.954847
3.678944 0.954847
3.680891 0.955054
3.682838 0.955468
3.684785 0.955468
3.686733 0.955468
3.688680 0.955468
3.690627 0.955468
3.692574 0.955468
3.694521 0.955675
3.696468 0.955882
3.698415 0.955882
3.700362 0.956089
3.702309 0.956089
3.704256 0.956089
3.706204 0.956089
3.708151 0.956089
3.710098 0.956089
3.712045 0.956089
3.713992 0.956504
3.715939 0.956504
3.717886 0.956504
3.719833 0.956504
3.721780 0.956504
3.723727 0.956711
3.725675 0.956918
3.727622 0.956918
3.729569 0.956918
3.731516 0.956918
3.733463 0.956918
3.735410 0.956918
3.737357 0.956918
3.739304 0.957332
3.741251 0.957332
3.743198 0.957332
3.745146 0.957539
3.747093 0.957539
3.749040 0.957539
3.750987 0.957539
3.752934 0.957746
3.754881 0.958368
3.756828 0.958368
3.758775 0.958368
3.760722 0.958368
3.762669 0.958368
3.764617 0.958368
3.766564 0.958575
3.768511 0.958575
3.770458 0.958575
3.772405 0.958575
3.774352 0.958575
3.776299 0.958782
3.778246 0.958989
3.780193 0.959196
3.782140 0.959196
3.784088 0.959196
3.786035 0.959196
3.787982 0.959196
3.789929 0.959403
3.791876 0.959403
3.793823 0.959403
3.795770 0.959403
3.797717 0.959403
3.799664 0.959403
3.801611 0.959611
3.803558 0.959818
3.805506 0.959818
3.807453 0.959818
3.809400 0.959818
3.811347 0.959818
3.813294 0.959818
3.815241 0.960025
3.817188 0.960025
3.819135 0.960232
3.821082 0.960439
3.823029 0.960439
3.824977 0.960646
3.826924 0.960646
3.828871 0.960646
3.830818 0.960646
3.832765 0.960646
3.834712 0.960853
3.836659 0.960853
3.838606 0.960853
3.840553 0.960853
3.842500 0.960853
3.844448 0.960853
3.846395 0.960853
3.848342 0.961475
3.850289 0.961475
3.852236 0.961682
3.854183 0.961682
3.856130 0.961682
3.858077 0.962303
3.860024 0.962303
3.861971 0.962303
3.863919 0.962303
3.865866 0.962510
3.867813 0.962510
3.869760 0.962510
3.871707 0.962717
3.873654 0.962717
3.875601 0.962717
3.877548 0.962717
3.879495 0.962717
3.881442 0.962717
3.883390 0.962717
3.885337 0.962717
3.887284 0.962717
3.889231 0.963132
3.891178 0.963546
3.893125 0.963546
3.895072 0.963546
3.897019 0.963546
3.898966 0.963753
3.900913 0.963753
3.902861 0.963753
3.904808 0.963753
3.906755 0.963753
3.908702 0.963960
3.910649 0.963960
3.912596 0.964167
3.914543 0.964167
3.916490 0.964374
3.918437 0.964582
3.920384 0.964789
3.922332 0.964789
3.924279 0.964789
3.926226 0.964789
3.928173 0.964789
3.930120 0.964996
3.932067 0.964996
3.934014 0.965203
3.935961 0.965410
3.937908 0.965410
3.939855 0.965617
3.941803 0.965617
3.943750 0.965617
3.945697 0.965617
3.947644 0.965617
3.949591 0.965617
3.951538 0.965824
3.953485 0.965824
3.955432 0.966239
3.957379 0.966653
3.959326 0.966653
3.961273 0.966653
3.963221 0.966653
3.965168 0.966653
3.967115 0.966653
3.969062 0.966653
3.971009 0.966653
3.972956 0.966653
3.974903 0.966860
3.976850 0.966860
3.978797 0.966860
3.980744 0.966860
3.982692 0.966860
3.984639 0.966860
3.986586 0.966860
3.988533 0.967067
3.990480 0.967067
3.992427 0.967067
3.994374 0.967067
3.996321 0.967067
3.998268 0.967067
