0.543951 0.000207
0.546317 0.000207
0.548683 0.000207
0.551050 0.000207
0.553416 0.000207
0.555782 0.000207
0.558148 0.000207
0.560515 0.000207
0.562881 0.000207
0.565247 0.000207
0.567614 0.000207
0.569980 0.000207
0.572346 0.000207
0.574712 0.000207
0.577079 0.000207
0.579445 0.000207
0.581811 0.000207
0.584178 0.000207
0.586544 0.000207
0.588910 0.000207
0.591276 0.000207
0.593643 0.000207
0.596009 0.000207
0.598375 0.000207
0.600742 0.000207
0.603108 0.000207
0.605474 0.000207
0.607840 0.000207
0.610207 0.000207
0.612573 0.000207
0.614939 0.000207
0.617306 0.000207
0.619672 0.000207
0.622038 0.000207
0.624404 0.000207
0.626771 0.000207
0.629137 0.000207
0.631503 0.000207
0.633870 0.000207
0.636236 0.000207
0.638602 0.000207
0.640968 0.000207
0.643335 0.000207
0.645701 0.000207
0.648067 0.000207
0.650434 0.000207
0.652800 0.000207
0.655166 0.000207
0.657532 0.000207
0.659899 0.000207
0.662265 0.000621
0.664631 0.000621
0.666998 0.000621
0.669364 0.000621
0.671730 0.000621
0.674096 0.000621
0.676463 0.000621
0.678829 0.000621
0.681195 0.000621
0.683562 0.000621
0.685928 0.000829
0.688294 0.001036
0.690660 0.001036
0.693027 0.001036
0.695393 0.001036
0.697759 0.001036
0.700126 0.001036
0.702492 0.001036
0.704858 0.001036
0.707224 0.001036
0.709591 0.001036
0.711957 0.001036
0.714323 0.001036
0.716690 0.001036
0.719056 0.001036
0.721422 0.001036
0.723788 0.001036
0.726155 0.001036
0.728521 0.001036
0.730887 0.001036
0.733254 0.001036
0.735620 0.001243
0.737986 0.001450
0.740352 0.001450
0.742719 0.001450
0.745085 0.001450
0.747451 0.001450
0.749818 0.001450
0.752184 0.001657
0.754550 0.001657
0.756916 0.001657
0.759283 0.001657
0.761649 0.001657
0.764015 0.001657
0.766382 0.002071
0.768748 0.002071
0.771114 0.002071
0.773480 0.002278
0.775847 0.002278
0.778213 0.002278
0.780579 0.002278
0.782946 0.002278
0.785312 0.002278
0.787678 0.002278
0.790044 0.002278
0.792411 0.002278
0.794777 0.002278
0.797143 0.002278
0.799510 0.002278
0.801876 0.002486
0.804242 0.002486
0.806608 0.002693
0.808975 0.002693
0.811341 0.002693
0.813707 0.003107
0.816074 0.003107
0.818440 0.003107
0.820806 0.003107
0.823172 0.003107
0.825539 0.003314
0.827905 0.003314
0.830271 0.003521
0.832638 0.003521
0.835004 0.003728
0.837370 0.003728
0.839736 0.003935
0.842103 0.003935
0.844469 0.003935
0.846835 0.003935
0.849202 0.004143
0.851568 0.004350
0.853934 0.004557
0.856300 0.004557
0.858667 0.004557
0.861033 0.004557
0.863399 0.004557
0.865766 0.004971
0.868132 0.005385
0.870498 0.005800
0.872864 0.006421
0.875231 0.006421
0.877597 0.006421
0.879963 0.006421
0.882330 0.006628
0.884696 0.006835
0.887062 0.007042
0.889428 0.007457
0.891795 0.007664
0.894161 0.008078
0.896527 0.008078
0.898894 0.008285
0.901260 0.008699
0.903626 0.008699
0.905992 0.009321
0.908359 0.009942
0.910725 0.009942
0.913091 0.010563
0.915458 0.010563
0.917824 0.010771
0.920190 0.010978
0.922556 0.011806
0.924923 0.012013
0.927289 0.012428
0.929655 0.012428
0.932022 0.012842
0.934388 0.013049
0.936754 0.013463
0.939120 0.013670
0.941487 0.014499
0.943853 0.014706
0.946219 0.015534
0.948586 0.016156
0.950952 0.016570
0.953318 0.016570
0.955684 0.016984
0.958051 0.017191
0.960417 0.017606
0.962783 0.017606
0.965150 0.018020
0.967516 0.018227
0.969882 0.019263
0.972248 0.019263
0.974615 0.019677
0.976981 0.019677
0.979347 0.020298
0.981714 0.020920
0.984080 0.020920
0.986446 0.021748
0.988812 0.022370
0.991179 0.022577
0.993545 0.023405
0.995911 0.023819
0.998278 0.024027
1.000644 0.024648
1.003010 0.025062
1.005376 0.025062
1.007743 0.025684
1.010109 0.026098
1.012475 0.026926
1.014842 0.027548
1.017208 0.027755
1.019574 0.028169
1.021940 0.028376
1.024307 0.028583
1.026673 0.029619
1.029039 0.030240
1.031406 0.030655
1.033772 0.031069
1.036138 0.031897
1.038504 0.032519
1.040871 0.032519
1.043237 0.033140
1.045603 0.033554
1.047970 0.033969
1.050336 0.034383
1.052702 0.035004
1.055068 0.035626
1.057435 0.036247
1.059801 0.036661
1.062167 0.037697
1.064534 0.038525
1.066900 0.039354
1.069266 0.040389
1.071632 0.041218
1.073999 0.041839
1.076365 0.042046
1.078731 0.042254
1.081098 0.042875
1.083464 0.043911
1.085830 0.044739
1.088196 0.045360
1.090563 0.046189
1.092929 0.047017
1.095295 0.047432
1.097662 0.048467
1.100028 0.049296
1.102394 0.049503
1.104760 0.049917
1.107127 0.050953
1.109493 0.051781
1.111859 0.052196
1.114226 0.053438
1.116592 0.053853
1.118958 0.054267
1.121324 0.054681
1.123691 0.055302
1.126057 0.057167
1.128423 0.059031
1.130790 0.059859
1.133156 0.060481
1.135522 0.060895
1.137888 0.061723
1.140255 0.062552
1.142621 0.063795
1.144987 0.064416
1.147354 0.065244
1.149720 0.066280
1.152086 0.066487
1.154452 0.067730
1.156819 0.068973
1.159185 0.069180
1.161551 0.070008
1.163918 0.070837
1.166284 0.071872
1.168650 0.072701
1.171016 0.073115
1.173383 0.074358
1.175749 0.075186
1.178115 0.076222
1.180482 0.077465
1.182848 0.078915
1.185214 0.079122
1.187580 0.079950
1.189947 0.080779
1.192313 0.082022
1.194679 0.082850
1.197046 0.084093
1.199412 0.085336
1.201778 0.086371
1.204144 0.087614
1.206511 0.088857
1.208877 0.089685
1.211243 0.090514
1.213610 0.091342
1.215976 0.092378
1.218342 0.095070
1.220708 0.096313
1.223075 0.097349
1.225441 0.098592
1.227807 0.098799
1.230174 0.099627
1.232540 0.100041
1.234906 0.100456
1.237272 0.101077
1.239639 0.103148
1.242005 0.104391
1.244371 0.105634
1.246738 0.107705
1.249104 0.108948
1.251470 0.109776
1.253836 0.111019
1.256203 0.111848
1.258569 0.112469
1.260935 0.113505
1.263302 0.115369
1.265668 0.116819
1.268034 0.117647
1.270400 0.119511
1.272767 0.121168
1.275133 0.122825
1.277499 0.124068
1.279866 0.124896
1.282232 0.126761
1.284598 0.127175
1.286964 0.129039
1.289331 0.129660
1.291697 0.131732
1.294063 0.134424
1.296430 0.135460
1.298796 0.135874
1.301162 0.138152
1.303528 0.138981
1.305895 0.140638
1.308261 0.141466
1.310627 0.143123
1.312994 0.144573
1.315360 0.146023
1.317726 0.147680
1.320092 0.148716
1.322459 0.149959
1.324825 0.152237
1.327191 0.153273
1.329558 0.154722
1.331924 0.156587
1.334290 0.157829
1.336656 0.159486
1.339023 0.161558
1.341389 0.163629
1.343755 0.165907
1.346122 0.166529
1.348488 0.167771
1.350854 0.169221
1.353220 0.170257
1.355587 0.172949
1.357953 0.175642
1.360319 0.176885
1.362686 0.178335
1.365052 0.179163
1.367418 0.180613
1.369784 0.183513
1.372151 0.184963
1.374517 0.185791
1.376883 0.188070
1.379250 0.189312
1.381616 0.190555
1.383982 0.192005
1.386348 0.193041
1.388715 0.194490
1.391081 0.196147
1.393447 0.196769
1.395814 0.198426
1.398180 0.199254
1.400546 0.200290
1.402912 0.201947
1.405279 0.202775
1.407645 0.204018
1.410011 0.205882
1.412378 0.207125
1.414744 0.207746
1.417110 0.208782
1.419476 0.211682
1.421843 0.213339
1.424209 0.214789
1.426575 0.216653
1.428942 0.218517
1.431308 0.219345
1.433674 0.220174
1.436040 0.222245
1.438407 0.223902
1.440773 0.225973
1.443139 0.227838
1.445506 0.230530
1.447872 0.231980
1.450238 0.234673
1.452604 0.236123
1.454971 0.236537
1.457337 0.238608
1.459703 0.240265
1.462070 0.242543
1.464436 0.244615
1.466802 0.246272
1.469168 0.248550
1.471535 0.250621
1.473901 0.252278
1.476267 0.253521
1.478634 0.255385
1.481000 0.257042
1.483366 0.258699
1.485732 0.261185
1.488099 0.263049
1.490465 0.264706
1.492831 0.266570
1.495198 0.269884
1.497564 0.271541
1.499930 0.275476
1.502296 0.277755
1.504663 0.278998
1.507029 0.281069
1.509395 0.283347
1.511762 0.284590
1.514128 0.286661
1.516494 0.288525
1.518860 0.289975
1.521227 0.292046
1.523593 0.294118
1.525959 0.295360
1.528326 0.297639
1.530692 0.299296
1.533058 0.300539
1.535424 0.303024
1.537791 0.305302
1.540157 0.306545
1.542523 0.308409
1.544890 0.310273
1.547256 0.312345
1.549622 0.313587
1.551988 0.314830
1.554355 0.317316
1.556721 0.318351
1.559087 0.319180
1.561454 0.321251
1.563820 0.322701
1.566186 0.323944
1.568552 0.325808
1.570919 0.327672
1.573285 0.329329
1.575651 0.331193
1.578018 0.333057
1.580384 0.335543
1.582750 0.337200
1.585116 0.340099
1.587483 0.341342
1.589849 0.342792
1.592215 0.343413
1.594582 0.344035
1.596948 0.345899
1.599314 0.349006
1.601680 0.350870
1.604047 0.353148
1.606413 0.354184
1.608779 0.355634
1.611146 0.357705
1.613512 0.359155
1.615878 0.359983
1.618244 0.360398
1.620611 0.362262
1.622977 0.362883
1.625343 0.364954
1.627710 0.366197
1.630076 0.368061
1.632442 0.368890
1.634808 0.371790
1.637175 0.373239
1.639541 0.374689
1.641907 0.376553
1.644274 0.377589
1.646640 0.379246
1.649006 0.380489
1.651372 0.382767
1.653739 0.383803
1.656105 0.385460
1.658471 0.386495
1.660838 0.388567
1.663204 0.390431
1.665570 0.391466
1.667936 0.392709
1.670303 0.394780
1.672669 0.396437
1.675035 0.398509
1.677402 0.399130
1.679768 0.401201
1.682134 0.403273
1.684500 0.406379
1.686867 0.408036
1.689233 0.409486
1.691599 0.411350
1.693966 0.413007
1.696332 0.415079
1.698698 0.416529
1.701064 0.417978
1.703431 0.420671
1.705797 0.422949
1.708163 0.425849
1.710530 0.427920
1.712896 0.429785
1.715262 0.431649
1.717628 0.433306
1.719995 0.434756
1.722361 0.437448
1.724727 0.439312
1.727094 0.440348
1.729460 0.442212
1.731826 0.443662
1.734192 0.446562
1.736559 0.449669
1.738925 0.451740
1.741291 0.453397
1.743658 0.454847
1.746024 0.456297
1.748390 0.457332
1.750756 0.459611
1.753123 0.462096
1.755489 0.464374
1.757855 0.466239
1.760222 0.467688
1.762588 0.469967
1.764954 0.471624
1.767320 0.473488
1.769687 0.475145
1.772053 0.476802
1.774419 0.477216
1.776786 0.478666
1.779152 0.479702
1.781518 0.480530
1.783884 0.483016
1.786251 0.484880
1.788617 0.486537
1.790983 0.487158
1.793350 0.490265
1.795716 0.492129
1.798082 0.492958
1.800448 0.493372
1.802815 0.495443
1.805181 0.496479
1.807547 0.499586
1.809914 0.501864
1.812280 0.502693
1.814646 0.504557
1.817012 0.506214
1.819379 0.508492
1.821745 0.509735
1.824111 0.510356
1.826478 0.512635
1.828844 0.514499
1.831210 0.515742
1.833576 0.518227
1.835943 0.519263
1.838309 0.522370
1.840675 0.522991
1.843042 0.523405
1.845408 0.524648
1.847774 0.526098
1.850140 0.528376
1.852507 0.530033
1.854873 0.531069
1.857239 0.532933
1.859606 0.534176
1.861972 0.535833
1.864338 0.538732
1.866704 0.540182
1.869071 0.542046
1.871437 0.544325
1.873803 0.545775
1.876170 0.548053
1.878536 0.548882
1.880902 0.549710
1.883268 0.552610
1.885635 0.553645
1.888001 0.556545
1.890367 0.557788
1.892734 0.559859
1.895100 0.560688
1.897466 0.562138
1.899832 0.563587
1.902199 0.564209
1.904565 0.565244
1.906931 0.566487
1.909298 0.567730
1.911664 0.568973
1.914030 0.570215
1.916396 0.571665
1.918763 0.572908
1.921129 0.574979
1.923495 0.576429
1.925862 0.577879
1.928228 0.578500
1.930594 0.579743
1.932960 0.580779
1.935327 0.582022
1.937693 0.583886
1.940059 0.586164
1.942426 0.588235
1.944792 0.590721
1.947158 0.591964
1.949524 0.593828
1.951891 0.594035
1.954257 0.595278
1.956623 0.595692
1.958990 0.597142
1.961356 0.598799
1.963722 0.600041
1.966088 0.601077
1.968455 0.602320
1.970821 0.603977
1.973187 0.606048
1.975554 0.607084
1.977920 0.608948
1.980286 0.610191
1.982652 0.611848
1.985019 0.612676
1.987385 0.613505
1.989751 0.613919
1.992118 0.615162
1.994484 0.616611
1.996850 0.617854
1.999216 0.618476
2.001583 0.620547
2.003949 0.622204
2.006315 0.623032
2.008682 0.625518
2.011048 0.626761
2.013414 0.628003
2.015780 0.629039
2.018147 0.630075
2.020513 0.631524
2.022879 0.632767
2.025246 0.634010
2.027612 0.634838
2.029978 0.637117
2.032344 0.638152
2.034711 0.639809
2.037077 0.641259
2.039443 0.642502
2.041810 0.643538
2.044176 0.644780
2.046542 0.645609
2.048908 0.646852
2.051275 0.647887
2.053641 0.649337
2.056007 0.650373
2.058374 0.651616
2.060740 0.653480
2.063106 0.654722
2.065472 0.656172
2.067839 0.657001
2.070205 0.657829
2.072571 0.659486
2.074938 0.660729
2.077304 0.662593
2.079670 0.663836
2.082036 0.665286
2.084403 0.666114
2.086769 0.667357
2.089135 0.669014
2.091502 0.669843
2.093868 0.670671
2.096234 0.671500
2.098600 0.672742
2.100967 0.674399
2.103333 0.675021
2.105699 0.676885
2.108066 0.678128
2.110432 0.678749
2.112798 0.679992
2.115164 0.681856
2.117531 0.683306
2.119897 0.683927
2.122263 0.684963
2.124630 0.685998
2.126996 0.687448
2.129362 0.688277
2.131728 0.689727
2.134095 0.690762
2.136461 0.691384
2.138827 0.693455
2.141194 0.694905
2.143560 0.696147
2.145926 0.696976
2.148292 0.698426
2.150659 0.699669
2.153025 0.700704
2.155391 0.701533
2.157758 0.701947
2.160124 0.702568
2.162490 0.703190
2.164856 0.704018
2.167223 0.704640
2.169589 0.705468
2.171955 0.706504
2.174322 0.707954
2.176688 0.709611
2.179054 0.710439
2.181420 0.710853
2.183787 0.711268
2.186153 0.712510
2.188519 0.713546
2.190886 0.714789
2.193252 0.715824
2.195618 0.717274
2.197984 0.718724
2.200351 0.719345
2.202717 0.719553
2.205083 0.721002
2.207450 0.722038
2.209816 0.723074
2.212182 0.724524
2.214548 0.725973
2.216915 0.726595
2.219281 0.727630
2.221647 0.728045
2.224014 0.729287
2.226380 0.730323
2.228746 0.730944
2.231112 0.731566
2.233479 0.732187
2.235845 0.733016
2.238211 0.734051
2.240578 0.735087
2.242944 0.736123
2.245310 0.738194
2.247676 0.739437
2.250043 0.741094
2.252409 0.741508
2.254775 0.742336
2.257142 0.743786
2.259508 0.744615
2.261874 0.745857
2.264240 0.746686
2.266607 0.747722
2.268973 0.748136
2.271339 0.749171
2.273706 0.750207
2.276072 0.750621
2.278438 0.751243
2.280804 0.752693
2.283171 0.753314
2.285537 0.753728
2.287903 0.754143
2.290270 0.755178
2.292636 0.755800
2.295002 0.756628
2.297368 0.757042
2.299735 0.758492
2.302101 0.758906
2.304467 0.759321
2.306834 0.760149
2.309200 0.760771
2.311566 0.761185
2.313932 0.762013
2.316299 0.763049
2.318665 0.764085
2.321031 0.764706
2.323398 0.765534
2.325764 0.766570
2.328130 0.767191
2.330496 0.767399
2.332863 0.767813
2.335229 0.769263
2.337595 0.770298
2.339962 0.770920
2.342328 0.771955
2.344694 0.772784
2.347060 0.773612
2.349427 0.774855
2.351793 0.775684
2.354159 0.776926
2.356526 0.777548
2.358892 0.778376
2.361258 0.779412
2.363624 0.780240
2.365991 0.781483
2.368357 0.782726
2.370723 0.783554
2.373090 0.784383
2.375456 0.785211
2.377822 0.786454
2.380188 0.787283
2.382555 0.788525
2.384921 0.789354
2.387287 0.790182
2.389654 0.790804
2.392020 0.791632
2.394386 0.792875
2.396752 0.793082
2.399119 0.793703
2.401485 0.793703
2.403851 0.794532
2.406218 0.794946
2.408584 0.795360
2.410950 0.796810
2.413316 0.797432
2.415683 0.798260
2.418049 0.798882
2.420415 0.799917
2.422782 0.800539
2.425148 0.801160
2.427514 0.801781
2.429880 0.801988
2.432247 0.802403
2.434613 0.802817
2.436979 0.803853
2.439346 0.804474
2.441712 0.805302
2.444078 0.806131
2.446444 0.806959
2.448811 0.807995
2.451177 0.808616
2.453543 0.809238
2.455910 0.810273
2.458276 0.811723
2.460642 0.813173
2.463008 0.813795
2.465375 0.814830
2.467741 0.815244
2.470107 0.815244
2.472474 0.816073
2.474840 0.817109
2.477206 0.817937
2.479572 0.818973
2.481939 0.820423
2.484305 0.820630
2.486671 0.821044
2.489038 0.822080
2.491404 0.823529
2.493770 0.824565
2.496136 0.825394
2.498503 0.826222
2.500869 0.826843
2.503235 0.827051
2.505602 0.827879
2.507968 0.828293
2.510334 0.828708
2.512700 0.828708
2.515067 0.828915
2.517433 0.829536
2.519799 0.829743
2.522166 0.830365
2.524532 0.831193
2.526898 0.832022
2.529264 0.832229
2.531631 0.832850
2.533997 0.833057
2.536363 0.834507
2.538730 0.835336
2.541096 0.835957
2.543462 0.836164
2.545828 0.836371
2.548195 0.836993
2.550561 0.838235
2.552927 0.839064
2.555294 0.839478
2.557660 0.839892
2.560026 0.840514
2.562392 0.840721
2.564759 0.841135
2.567125 0.842171
2.569491 0.842378
2.571858 0.842999
2.574224 0.844035
2.576590 0.844242
2.578956 0.844863
2.581323 0.845485
2.583689 0.846106
2.586055 0.846935
2.588422 0.847763
2.590788 0.847763
2.593154 0.848384
2.595520 0.848799
2.597887 0.849006
2.600253 0.849420
2.602619 0.849834
2.604986 0.850249
2.607352 0.850870
2.609718 0.851491
2.612084 0.851698
2.614451 0.852527
2.616817 0.852527
2.619183 0.853148
2.621550 0.853563
2.623916 0.853563
2.626282 0.853563
2.628648 0.853977
2.631015 0.854598
2.633381 0.855012
2.635747 0.855012
2.638114 0.856048
2.640480 0.856462
2.642846 0.857084
2.645212 0.857498
2.647579 0.858119
2.649945 0.858326
2.652311 0.858948
2.654678 0.859569
2.657044 0.860191
2.659410 0.860812
2.661776 0.861226
2.664143 0.861226
2.666509 0.861640
2.668875 0.862469
2.671242 0.863297
2.673608 0.863712
2.675974 0.864333
2.678340 0.864747
2.680707 0.865783
2.683073 0.866819
2.685439 0.867026
2.687806 0.868061
2.690172 0.868890
2.692538 0.869097
2.694904 0.869511
2.697271 0.870133
2.699637 0.870133
2.702003 0.870754
2.704370 0.871790
2.706736 0.871997
2.709102 0.872825
2.711468 0.872825
2.713835 0.873032
2.716201 0.873861
2.718567 0.874068
2.720934 0.874896
2.723300 0.875518
2.725666 0.875932
2.728032 0.875932
2.730399 0.876346
2.732765 0.876968
2.735131 0.876968
2.737498 0.877796
2.739864 0.878418
2.742230 0.878832
2.744596 0.879039
2.746963 0.879246
2.749329 0.879867
2.751695 0.880282
2.754062 0.880903
2.756428 0.881524
2.758794 0.881939
2.761160 0.882767
2.763527 0.882974
2.765893 0.883803
2.768259 0.884424
2.770626 0.884631
2.772992 0.884838
2.775358 0.884838
2.777724 0.885046
2.780091 0.885253
2.782457 0.885667
2.784823 0.886288
2.787190 0.886495
2.789556 0.887324
2.791922 0.887531
2.794288 0.887531
2.796655 0.887945
2.799021 0.887945
2.801387 0.888152
2.803754 0.888981
2.806120 0.889395
2.808486 0.890431
2.810852 0.890638
2.813219 0.891052
2.815585 0.891881
2.817951 0.891881
2.820318 0.892709
2.822684 0.893123
2.825050 0.893745
2.827416 0.894159
2.829783 0.894159
2.832149 0.894159
2.834515 0.894780
2.836882 0.894988
2.839248 0.894988
2.841614 0.895402
2.843980 0.896023
2.846347 0.896230
2.848713 0.896230
2.851079 0.896645
2.853446 0.897059
2.855812 0.897473
2.858178 0.897680
2.860544 0.898094
2.862911 0.898302
2.865277 0.898716
2.867643 0.898923
2.870010 0.899544
2.872376 0.900373
2.874742 0.900994
2.877108 0.901616
2.879475 0.902030
2.881841 0.902237
2.884207 0.902444
2.886574 0.902651
2.888940 0.902858
2.891306 0.903273
2.893672 0.903687
2.896039 0.903687
2.898405 0.904101
2.900771 0.904308
2.903138 0.904515
2.905504 0.904515
2.907870 0.904722
2.910236 0.905551
2.912603 0.905758
2.914969 0.906379
2.917335 0.907001
2.919702 0.907415
2.922068 0.907622
2.924434 0.907829
2.926800 0.908036
2.929167 0.908451
2.931533 0.908865
2.933899 0.909072
2.936266 0.909279
2.938632 0.909693
2.940998 0.910108
2.943364 0.910522
2.945731 0.910936
2.948097 0.911143
2.950463 0.911972
2.952830 0.912386
2.955196 0.912800
2.957562 0.913422
2.959928 0.913629
2.962295 0.913836
2.964661 0.914250
2.967027 0.914872
2.969394 0.915700
2.971760 0.915907
2.974126 0.916114
2.976492 0.916321
2.978859 0.916943
2.981225 0.917150
2.983591 0.917150
2.985958 0.917357
2.988324 0.917564
2.990690 0.917771
2.993056 0.918186
2.995423 0.918186
2.997789 0.918393
3.000155 0.918600
3.002522 0.918807
3.004888 0.919014
3.007254 0.919221
3.009620 0.919221
3.011987 0.919843
3.014353 0.919843
3.016719 0.920671
3.019086 0.920671
3.021452 0.921292
3.023818 0.921500
3.026184 0.922121
3.028551 0.922535
3.030917 0.922742
3.033283 0.922742
3.035650 0.922949
3.038016 0.923157
3.040382 0.923157
3.042748 0.923157
3.045115 0.923157
3.047481 0.923364
3.049847 0.923364
3.052214 0.923364
3.054580 0.923571
3.056946 0.923571
3.059312 0.923571
3.061679 0.923778
3.064045 0.924192
3.066411 0.925021
3.068778 0.925435
3.071144 0.925642
3.073510 0.926263
3.075876 0.926678
3.078243 0.927092
3.080609 0.927299
3.082975 0.927299
3.085342 0.927299
3.087708 0.927713
3.090074 0.928335
3.092441 0.928749
3.094807 0.928956
3.097173 0.929163
3.099539 0.929370
3.101906 0.929577
3.104272 0.929785
3.106638 0.930199
3.109005 0.930406
3.111371 0.930406
3.113737 0.931027
3.116103 0.931027
3.118470 0.931234
3.120836 0.931234
3.123202 0.931442
3.125569 0.931856
3.127935 0.932270
3.130301 0.932684
3.132667 0.933513
3.135034 0.933720
3.137400 0.933720
3.139766 0.933927
3.142133 0.934134
3.144499 0.934756
3.146865 0.934963
3.149231 0.934963
3.151598 0.935170
3.153964 0.935377
3.156330 0.935791
3.158697 0.935791
3.161063 0.936205
3.163429 0.936827
3.165795 0.937241
3.168162 0.937241
3.170528 0.937241
3.172894 0.937655
3.175261 0.937862
3.177627 0.938277
3.179993 0.938277
3.182359 0.938484
3.184726 0.938691
3.187092 0.938691
3.189458 0.938691
3.191825 0.939105
3.194191 0.939519
3.196557 0.939519
3.198923 0.939727
3.201290 0.939727
3.203656 0.939727
3.206022 0.939727
3.208389 0.939727
3.210755 0.939727
3.213121 0.940348
3.215487 0.940969
3.217854 0.941176
3.220220 0.941176
3.222586 0.941384
3.224953 0.941384
3.227319 0.941591
3.229685 0.941798
3.232051 0.941798
3.234418 0.942005
3.236784 0.942005
3.239150 0.942212
3.241517 0.942419
3.243883 0.942833
3.246249 0.943041
3.248615 0.943041
3.250982 0.943041
3.253348 0.943662
3.255714 0.943869
3.258081 0.944076
3.260447 0.944283
3.262813 0.944490
3.265179 0.944698
3.267546 0.944698
3.269912 0.945319
3.272278 0.945526
3.274645 0.945733
3.277011 0.945733
3.279377 0.945940
3.281743 0.945940
3.284110 0.946355
3.286476 0.946355
3.288842 0.946355
3.291209 0.946562
3.293575 0.946562
3.295941 0.946769
3.298307 0.946976
3.300674 0.946976
3.303040 0.947183
3.305406 0.947183
3.307773 0.947183
3.310139 0.947390
3.312505 0.947390
3.314871 0.947804
3.317238 0.948012
3.319604 0.948219
3.321970 0.948426
3.324337 0.948633
3.326703 0.948840
3.329069 0.949047
3.331435 0.949254
3.333802 0.949254
3.336168 0.949876
3.338534 0.950083
3.340901 0.950083
3.343267 0.950497
3.345633 0.950497
3.347999 0.950497
3.350366 0.950704
3.352732 0.951118
3.355098 0.951326
3.357465 0.951533
3.359831 0.951533
3.362197 0.951533
3.364563 0.951740
3.366930 0.951947
3.369296 0.952154
3.371662 0.952361
3.374029 0.952361
3.376395 0.952568
3.378761 0.952775
3.381127 0.952775
3.383494 0.952983
3.385860 0.952983
3.388226 0.953190
3.390593 0.953397
3.392959 0.953397
3.395325 0.953397
3.397691 0.953604
3.400058 0.953604
3.402424 0.953604
3.404790 0.953811
3.407157 0.954018
3.409523 0.954018
3.411889 0.954018
3.414255 0.954018
3.416622 0.954432
3.418988 0.954640
3.421354 0.955261
3.423721 0.955261
3.426087 0.955261
3.428453 0.955675
3.430819 0.955675
3.433186 0.955675
3.435552 0.956089
3.437918 0.956089
3.440285 0.956297
3.442651 0.956297
3.445017 0.956297
3.447383 0.956297
3.449750 0.956711
3.452116 0.956918
3.454482 0.956918
3.456849 0.957125
3.459215 0.957125
3.461581 0.957125
3.463947 0.957125
3.466314 0.957125
3.468680 0.957125
3.471046 0.957332
3.473413 0.957332
3.475779 0.957539
3.478145 0.957539
3.480511 0.957746
3.482878 0.957746
3.485244 0.957746
3.487610 0.957746
3.489977 0.957954
3.492343 0.958161
3.494709 0.958782
3.497075 0.958782
3.499442 0.958782
3.501808 0.958989
3.504174 0.958989
3.506541 0.959403
3.508907 0.959611
3.511273 0.959818
3.513639 0.960025
3.516006 0.960439
3.518372 0.960439
3.520738 0.960853
3.523105 0.961060
3.525471 0.961060
3.527837 0.961060
3.530203 0.961475
3.532570 0.961682
3.534936 0.962096
3.537302 0.962096
3.539669 0.962303
3.542035 0.962510
3.544401 0.962510
3.546767 0.962510
3.549134 0.962510
3.551500 0.962717
3.553866 0.962925
3.556233 0.963132
3.558599 0.963132
3.560965 0.963546
3.563331 0.963753
3.565698 0.963753
3.568064 0.963753
3.570430 0.963753
3.572797 0.963753
3.575163 0.963753
3.577529 0.963753
3.579895 0.964167
3.582262 0.964582
3.584628 0.964789
3.586994 0.964789
3.589361 0.964996
3.591727 0.964996
3.594093 0.965203
3.596459 0.965203
3.598826 0.965203
3.601192 0.965203
3.603558 0.965203
3.605925 0.965203
3.608291 0.965203
3.610657 0.965203
3.613023 0.965203
3.615390 0.965410
3.617756 0.965617
3.620122 0.965617
3.622489 0.965617
3.624855 0.965617
3.627221 0.965617
3.629587 0.965617
3.631954 0.966031
3.634320 0.966239
3.636686 0.966239
3.639053 0.966239
3.641419 0.966860
3.643785 0.966860
3.646151 0.967067
3.648518 0.967067
3.650884 0.967067
3.653250 0.967274
3.655617 0.967274
3.657983 0.967274
3.660349 0.967274
3.662715 0.967481
3.665082 0.967481
3.667448 0.967481
3.669814 0.967896
3.672181 0.967896
3.674547 0.967896
3.676913 0.967896
3.679279 0.967896
3.681646 0.967896
3.684012 0.968103
3.686378 0.968103
3.688745 0.968724
3.691111 0.968724
3.693477 0.968724
3.695843 0.968724
3.698210 0.968724
3.700576 0.968724
3.702942 0.968931
3.705309 0.968931
3.707675 0.968931
3.710041 0.969138
3.712407 0.969345
3.714774 0.969553
3.717140 0.970174
3.719506 0.970174
3.721873 0.970174
3.724239 0.970174
3.726605 0.970174
3.728971 0.970381
3.731338 0.970381
3.733704 0.970381
3.736070 0.970588
3.738437 0.970588
3.740803 0.970795
3.743169 0.970795
3.745535 0.970795
3.747902 0.970795
3.750268 0.970795
3.752634 0.971002
3.755001 0.971002
3.757367 0.971210
3.759733 0.971210
3.762099 0.971210
3.764466 0.971210
3.766832 0.971210
3.769198 0.971417
3.771565 0.971624
3.773931 0.971831
3.776297 0.971831
3.778663 0.971831
3.781030 0.971831
3.783396 0.972038
3.785762 0.972038
3.788129 0.972245
3.790495 0.972452
3.792861 0.972452
3.795227 0.972452
3.797594 0.972452
3.799960 0.972452
3.802326 0.972452
3.804693 0.972452
3.807059 0.972452
3.809425 0.972452
3.811791 0.972867
3.814158 0.973074
3.816524 0.973074
3.818890 0.973281
3.821257 0.973695
3.823623 0.973695
3.825989 0.973695
3.828355 0.973695
3.830722 0.973902
3.833088 0.973902
3.835454 0.973902
3.837821 0.974109
3.840187 0.974109
3.842553 0.974524
3.844919 0.974524
3.847286 0.974524
3.849652 0.974731
3.852018 0.974731
3.854385 0.974731
3.856751 0.974938
3.859117 0.975145
3.861483 0.975559
3.863850 0.975766
3.866216 0.975766
3.868582 0.975766
3.870949 0.975766
3.873315 0.975766
3.875681 0.975766
3.878047 0.975766
3.880414 0.975766
3.882780 0.975766
3.885146 0.975766
3.887513 0.975766
3.889879 0.975766
3.892245 0.975973
3.894611 0.975973
3.896978 0.975973
3.899344 0.975973
3.901710 0.975973
3.904077 0.976181
3.906443 0.976181
3.908809 0.976181
3.911175 0.976181
3.913542 0.976388
3.915908 0.976388
3.918274 0.976388
3.920641 0.976388
3.923007 0.976388
3.925373 0.976388
3.927739 0.976388
3.930106 0.976595
3.932472 0.976595
3.934838 0.976802
3.937205 0.977009
3.939571 0.977216
3.941937 0.977216
3.944303 0.977216
3.946670 0.977216
3.949036 0.977216
3.951402 0.977423
3.953769 0.977630
3.956135 0.977630
3.958501 0.977630
3.960867 0.977630
3.963234 0.977630
3.965600 0.977630
3.967966 0.977630
3.970333 0.977630
3.972699 0.977838
3.975065 0.977838
3.977431 0.978045
3.979798 0.978252
3.982164 0.978252
3.984530 0.978252
3.986897 0.978252
3.989263 0.978252
3.991629 0.978459
3.993995 0.978666
3.996362 0.978873
3.998728 0.978873
