0.665420 0.000207
0.666080 0.000207
0.666739 0.000207
0.667398 0.000207
0.668057 0.000207
0.668717 0.000207
0.669376 0.000207
0.670035 0.000207
0.670694 0.000207
0.671354 0.000207
0.672013 0.000207
0.672672 0.000207
0.673331 0.000207
0.673991 0.000207
0.674650 0.000207
0.675309 0.000207
0.675968 0.000207
0.676628 0.000207
0.677287 0.000207
0.677946 0.000207
0.678605 0.000207
0.679265 0.000207
0.679924 0.000207
0.680583 0.000207
0.681242 0.000207
0.681902 0.000207
0.682561 0.000207
0.683220 0.000207
0.683879 0.000207
0.684539 0.000207
0.685198 0.000207
0.685857 0.000207
0.686516 0.000207
0.687176 0.000207
0.687835 0.000207
0.688494 0.000207
0.689153 0.000207
0.689813 0.000207
0.690472 0.000207
0.691131 0.000207
0.691790 0.000207
0.692450 0.000207
0.693109 0.000207
0.693768 0.000207
0.694428 0.000207
0.695087 0.000207
0.695746 0.000207
0.696405 0.000207
0.697065 0.000207
0.697724 0.000207
0.698383 0.000207
0.699042 0.000207
0.699702 0.000207
0.700361 0.000207
0.701020 0.000207
0.701679 0.000207
0.702339 0.000207
0.702998 0.000207
0.703657 0.000207
0.704316 0.000207
0.704976 0.000207
0.705635 0.000207
0.706294 0.000207
0.706953 0.000414
0.707613 0.000414
0.708272 0.000414
0.708931 0.000414
0.709590 0.000414
0.710250 0.000414
0.710909 0.000414
0.711568 0.000414
0.712227 0.000414
0.712887 0.000414
0.713546 0.000414
0.714205 0.000414
0.714864 0.000414
0.715524 0.000414
0.716183 0.000414
0.716842 0.000414
0.717501 0.000414
0.718161 0.000414
0.718820 0.000414
0.719479 0.000414
0.720138 0.000414
0.720798 0.000414
0.721457 0.000414
0.722116 0.000414
0.722775 0.000414
0.723435 0.000414
0.724094 0.000414
0.724753 0.000414
0.725412 0.000414
0.726072 0.000414
0.726731 0.000414
0.727390 0.000414
0.728049 0.000414
0.728709 0.000414
0.729368 0.000414
0.730027 0.000414
0.730687 0.000414
0.731346 0.000414
0.732005 0.000414
0.732664 0.000414
0.733324 0.000414
0.733983 0.000414
0.734642 0.000414
0.735301 0.000414
0.735961 0.000414
0.736620 0.000414
0.737279 0.000414
0.737938 0.000414
0.738598 0.000414
0.739257 0.000414
0.739916 0.000414
0.740575 0.000414
0.741235 0.000414
0.741894 0.000414
0.742553 0.000414
0.743212 0.000414
0.743872 0.000414
0.744531 0.000414
0.745190 0.000414
0.745849 0.000414
0.746509 0.000414
0.747168 0.000414
0.747827 0.000414
0.748486 0.000414
0.749146 0.000414
0.749805 0.000414
0.750464 0.000414
0.751123 0.000621
0.751783 0.000621
0.752442 0.000621
0.753101 0.000621
0.753760 0.000621
0.754420 0.000621
0.755079 0.000621
0.755738 0.000621
0.756397 0.000621
0.757057 0.000621
0.757716 0.000621
0.758375 0.000621
0.759034 0.000621
0.759694 0.000621
0.760353 0.000621
0.761012 0.000621
0.761671 0.000621
0.762331 0.000621
0.762990 0.000621
0.763649 0.000621
0.764308 0.000621
0.764968 0.000621
0.765627 0.000621
0.766286 0.000621
0.766946 0.000621
0.767605 0.000621
0.768264 0.000621
0.768923 0.000621
0.769583 0.000621
0.770242 0.000621
0.770901 0.000621
0.771560 0.000621
0.772220 0.000621
0.772879 0.000621
0.773538 0.000829
0.774197 0.000829
0.774857 0.000829
0.775516 0.000829
0.776175 0.001036
0.776834 0.001036
0.777494 0.001036
0.778153 0.001036
0.778812 0.001036
0.779471 0.001036
0.780131 0.001036
0.780790 0.001036
0.781449 0.001036
0.782108 0.001036
0.782768 0.001036
0.783427 0.001036
0.784086 0.001036
0.784745 0.001036
0.785405 0.001036
0.786064 0.001036
0.786723 0.001036
0.787382 0.001036
0.788042 0.001036
0.788701 0.001036
0.789360 0.001036
0.790019 0.001036
0.790679 0.001036
0.791338 0.001036
0.791997 0.001036
0.792656 0.001036
0.793316 0.001036
0.793975 0.001036
0.794634 0.001036
0.795293 0.001036
0.795953 0.001036
0.796612 0.001036
0.797271 0.001036
0.797930 0.001036
0.798590 0.001036
0.799249 0.001036
0.799908 0.001036
0.800567 0.001243
0.801227 0.001243
0.801886 0.001243
0.802545 0.001243
0.803205 0.001243
0.803864 0.001243
0.804523 0.001243
0.805182 0.001243
0.805842 0.001243
0.806501 0.001243
0.807160 0.001243
0.807819 0.001243
0.808479 0.001243
0.809138 0.001243
0.809797 0.001243
0.810456 0.001243
0.811116 0.001243
0.811775 0.001243
0.812434 0.001243
0.813093 0.001243
0.813753 0.001243
0.814412 0.001243
0.815071 0.001243
0.815730 0.001243
0.816390 0.001243
0.817049 0.001243
0.817708 0.001243
0.818367 0.001450
0.819027 0.001450
0.819686 0.001450
0.820345 0.001450
0.821004 0.001450
0.821664 0.001657
0.822323 0.001864
0.822982 0.001864
0.823641 0.001864
0.824301 0.001864
0.824960 0.001864
0.825619 0.001864
0.826278 0.002071
0.826938 0.002071
0.827597 0.002071
0.828256 0.002071
0.828915 0.002278
0.829575 0.002278
0.830234 0.002278
0.830893 0.002278
0.831552 0.002278
0.832212 0.002278
0.832871 0.002278
0.833530 0.002278
0.834189 0.002278
0.834849 0.002278
0.835508 0.002486
0.836167 0.002486
0.836826 0.002693
0.837486 0.002693
0.838145 0.002693
0.838804 0.002693
0.839464 0.002693
0.840123 0.002693
0.840782 0.002693
0.841441 0.002693
0.842101 0.002693
0.842760 0.002693
0.843419 0.002693
0.844078 0.002693
0.844738 0.002693
0.845397 0.002693
0.846056 0.002693
0.846715 0.002693
0.847375 0.002693
0.848034 0.002693
0.848693 0.002693
0.849352 0.002693
0.850012 0.002693
0.850671 0.002900
0.851330 0.002900
0.851989 0.002900
0.852649 0.002900
0.853308 0.002900
0.853967 0.002900
0.854626 0.002900
0.855286 0.002900
0.855945 0.002900
0.856604 0.002900
0.857263 0.003107
0.857923 0.003107
0.858582 0.003107
0.859241 0.003107
0.859900 0.003107
0.860560 0.003107
0.861219 0.003107
0.861878 0.003314
0.862537 0.003314
0.863197 0.003314
0.863856 0.003314
0.864515 0.003521
0.865174 0.003521
0.865834 0.003521
0.866493 0.003521
0.867152 0.003521
0.867811 0.003521
0.868471 0.003521
0.869130 0.003521
0.869789 0.003728
0.870448 0.003728
0.871108 0.003728
0.871767 0.003728
0.872426 0.003728
0.873085 0.003728
0.873745 0.003728
0.874404 0.003728
0.875063 0.003728
0.875723 0.003728
0.876382 0.003728
0.877041 0.003728
0.877700 0.003728
0.878360 0.003728
0.879019 0.003728
0.879678 0.003728
0.880337 0.003935
0.880997 0.003935
0.881656 0.003935
0.882315 0.004143
0.882974 0.004143
0.883634 0.004143
0.884293 0.004143
0.884952 0.004350
0.885611 0.004557
0.886271 0.004764
0.886930 0.004764
0.887589 0.004764
0.888248 0.004764
0.888908 0.004971
0.889567 0.004971
0.890226 0.004971
0.890885 0.004971
0.891545 0.004971
0.892204 0.004971
0.892863 0.005385
0.893522 0.005385
0.894182 0.005385
0.894841 0.005385
0.895500 0.005385
0.896159 0.005385
0.896819 0.005592
0.897478 0.005592
0.898137 0.005592
0.898796 0.005592
0.899456 0.005592
0.900115 0.005592
0.900774 0.006007
0.901433 0.006007
0.902093 0.006007
0.902752 0.006007
0.903411 0.006007
0.904070 0.006214
0.904730 0.006421
0.905389 0.006628
0.906048 0.006628
0.906707 0.006628
0.907367 0.007042
0.908026 0.007042
0.908685 0.007042
0.909345 0.007042
0.910004 0.007042
0.910663 0.007042
0.911322 0.007042
0.911982 0.007042
0.912641 0.007249
0.913300 0.007249
0.913959 0.007249
0.914619 0.007249
0.915278 0.007249
0.915937 0.007249
0.916596 0.007664
0.917256 0.007664
0.917915 0.007664
0.918574 0.007664
0.919233 0.007664
0.919893 0.007664
0.920552 0.007664
0.921211 0.008078
0.921870 0.008078
0.922530 0.008078
0.923189 0.008078
0.923848 0.008078
0.924507 0.008285
0.925167 0.008285
0.925826 0.008285
0.926485 0.008285
0.927144 0.008285
0.927804 0.008285
0.928463 0.008285
0.929122 0.008285
0.929781 0.008285
0.930441 0.008492
0.931100 0.008492
0.931759 0.008492
0.932418 0.008492
0.933078 0.008906
0.933737 0.008906
0.934396 0.008906
0.935055 0.008906
0.935715 0.008906
0.936374 0.008906
0.937033 0.008906
0.937692 0.008906
0.938352 0.008906
0.939011 0.008906
0.939670 0.008906
0.940329 0.008906
0.940989 0.008906
0.941648 0.009114
0.942307 0.009114
0.942966 0.009114
0.943626 0.009114
0.944285 0.009114
0.944944 0.009114
0.945604 0.009114
0.946263 0.009321
0.946922 0.009321
0.947581 0.009528
0.948241 0.009528
0.948900 0.009528
0.949559 0.009528
0.950218 0.009528
0.950878 0.009528
0.951537 0.009528
0.952196 0.009528
0.952855 0.009528
0.953515 0.009528
0.954174 0.009735
0.954833 0.009735
0.955492 0.009735
0.956152 0.009735
0.956811 0.009735
0.957470 0.009735
0.958129 0.009942
0.958789 0.009942
0.959448 0.009942
0.960107 0.009942
0.960766 0.010149
0.961426 0.010149
0.962085 0.010149
0.962744 0.010149
0.963403 0.010149
0.964063 0.010356
0.964722 0.010563
0.965381 0.010563
0.966040 0.010978
0.966700 0.010978
0.967359 0.010978
0.968018 0.010978
0.968677 0.011185
0.969337 0.011185
0.969996 0.011185
0.970655 0.011185
0.971314 0.011185
0.971974 0.011185
0.972633 0.011392
0.973292 0.011392
0.973951 0.011599
0.974611 0.011599
0.975270 0.011599
0.975929 0.011599
0.976588 0.011599
0.977248 0.011599
0.977907 0.011599
0.978566 0.011806
0.979225 0.011806
0.979885 0.011806
0.980544 0.011806
0.981203 0.012013
0.981863 0.012428
0.982522 0.012635
0.983181 0.012842
0.983840 0.012842
0.984500 0.012842
0.985159 0.013256
0.985818 0.013256
0.986477 0.013256
0.987137 0.013256
0.987796 0.013256
0.988455 0.013256
0.989114 0.013463
0.989774 0.013463
0.990433 0.013463
0.991092 0.013670
0.991751 0.013877
0.992411 0.014085
0.993070 0.014085
0.993729 0.014292
0.994388 0.014292
0.995048 0.014292
0.995707 0.014292
0.996366 0.014292
0.997025 0.014292
0.997685 0.014292
0.998344 0.014499
0.999003 0.014913
0.999662 0.014913
1.000322 0.015120
1.000981 0.015120
1.001640 0.015534
1.002299 0.015534
1.002959 0.015534
1.003618 0.015534
1.004277 0.015534
1.004936 0.015534
1.005596 0.015534
1.006255 0.015534
1.006914 0.015534
1.007573 0.015742
1.008233 0.015742
1.008892 0.015949
1.009551 0.016363
1.010210 0.016363
1.010870 0.016363
1.011529 0.016363
1.012188 0.016777
1.012847 0.016777
1.013507 0.016777
1.014166 0.016777
1.014825 0.016777
1.015484 0.016984
1.016144 0.016984
1.016803 0.016984
1.017462 0.016984
1.018122 0.016984
1.018781 0.016984
1.019440 0.017399
1.020099 0.017606
1.020759 0.017606
1.021418 0.017606
1.022077 0.017813
1.022736 0.017813
1.023396 0.018020
1.024055 0.018227
1.024714 0.018641
1.025373 0.018848
1.026033 0.018848
1.026692 0.019056
1.027351 0.019470
1.028010 0.019470
1.028670 0.019470
1.029329 0.019470
1.029988 0.019677
1.030647 0.019677
1.031307 0.019677
1.031966 0.019677
1.032625 0.019884
1.033284 0.019884
1.033944 0.019884
1.034603 0.020091
1.035262 0.020298
1.035921 0.020298
1.036581 0.020505
1.037240 0.020920
1.037899 0.020920
1.038558 0.021127
1.039218 0.021127
1.039877 0.021334
1.040536 0.021334
1.041195 0.021334
1.041855 0.021748
1.042514 0.021955
1.043173 0.022162
1.043832 0.022162
1.044492 0.022162
1.045151 0.022370
1.045810 0.022370
1.046469 0.022577
1.047129 0.022577
1.047788 0.022577
1.048447 0.022784
1.049106 0.022784
1.049766 0.022784
1.050425 0.022991
1.051084 0.023405
1.051743 0.023612
1.052403 0.023612
1.053062 0.023612
1.053721 0.023612
1.054381 0.023612
1.055040 0.023819
1.055699 0.024027
1.056358 0.024027
1.057018 0.024027
1.057677 0.024234
1.058336 0.024234
1.058995 0.024234
1.059655 0.024234
1.060314 0.024441
1.060973 0.024648
1.061632 0.024855
1.062292 0.024855
1.062951 0.025684
1.063610 0.025684
1.064269 0.025684
1.064929 0.025891
1.065588 0.026098
1.066247 0.026098
1.066906 0.026098
1.067566 0.026719
1.068225 0.026719
1.068884 0.026719
1.069543 0.026719
1.070203 0.026926
1.070862 0.026926
1.071521 0.027133
1.072180 0.027133
1.072840 0.027341
1.073499 0.027548
1.074158 0.027755
1.074817 0.027962
1.075477 0.027962
1.076136 0.028583
1.076795 0.028583
1.077454 0.028998
1.078114 0.029205
1.078773 0.029205
1.079432 0.029619
1.080091 0.029826
1.080751 0.030033
1.081410 0.030240
1.082069 0.030240
1.082728 0.030447
1.083388 0.030655
1.084047 0.030862
1.084706 0.031069
1.085365 0.031069
1.086025 0.031276
1.086684 0.031483
1.087343 0.031483
1.088002 0.031690
1.088662 0.032104
1.089321 0.032104
1.089980 0.032312
1.090640 0.032933
1.091299 0.032933
1.091958 0.032933
1.092617 0.033140
1.093277 0.033347
1.093936 0.033554
1.094595 0.033761
1.095254 0.033969
1.095914 0.034383
1.096573 0.034383
1.097232 0.034590
1.097891 0.034797
1.098551 0.035004
1.099210 0.035004
1.099869 0.035418
1.100528 0.036040
1.101188 0.036040
1.101847 0.036040
1.102506 0.036247
1.103165 0.036868
1.103825 0.037283
1.104484 0.037283
1.105143 0.037283
1.105802 0.037904
1.106462 0.037904
1.107121 0.038525
1.107780 0.038525
1.108439 0.038732
1.109099 0.038732
1.109758 0.038732
1.110417 0.038940
1.111076 0.039147
1.111736 0.039354
1.112395 0.039561
1.113054 0.039768
1.113713 0.039768
1.114373 0.039768
1.115032 0.039768
1.115691 0.040182
1.116350 0.040182
1.117010 0.040182
1.117669 0.040389
1.118328 0.040389
1.118987 0.040389
1.119647 0.041011
1.120306 0.041218
1.120965 0.041425
1.121624 0.041425
1.122284 0.041425
1.122943 0.041632
1.123602 0.041632
1.124261 0.042046
1.124921 0.042046
1.125580 0.042254
1.126239 0.042461
1.126899 0.042668
1.127558 0.042875
1.128217 0.042875
1.128876 0.042875
1.129536 0.043082
1.130195 0.043082
1.130854 0.043289
1.131513 0.043289
1.132173 0.043289
1.132832 0.043496
1.133491 0.043703
1.134150 0.043703
1.134810 0.044118
1.135469 0.044118
1.136128 0.044739
1.136787 0.044739
1.137447 0.044946
1.138106 0.044946
1.138765 0.044946
1.139424 0.044946
1.140084 0.045153
1.140743 0.046189
1.141402 0.046396
1.142061 0.046396
1.142721 0.046396
1.143380 0.047017
1.144039 0.047017
1.144698 0.047639
1.145358 0.047846
1.146017 0.047846
1.146676 0.048053
1.147335 0.048260
1.147995 0.048467
1.148654 0.048674
1.149313 0.049089
1.149972 0.049503
1.150632 0.049710
1.151291 0.049917
1.151950 0.050331
1.152609 0.050331
1.153269 0.050331
1.153928 0.050539
1.154587 0.050539
1.155246 0.051160
1.155906 0.051367
1.156565 0.051367
1.157224 0.051367
1.157883 0.051367
1.158543 0.051367
1.159202 0.051574
1.159861 0.051574
1.160520 0.051988
1.161180 0.052403
1.161839 0.052403
1.162498 0.052817
1.163158 0.052817
1.163817 0.052817
1.164476 0.053024
1.165135 0.053231
1.165795 0.053438
1.166454 0.053438
1.167113 0.053853
1.167772 0.053853
1.168432 0.054060
1.169091 0.054060
1.169750 0.054267
1.170409 0.054474
1.171069 0.054681
1.171728 0.055095
1.172387 0.055510
1.173046 0.055924
1.173706 0.055924
1.174365 0.056338
1.175024 0.057374
1.175683 0.057788
1.176343 0.057995
1.177002 0.058409
1.177661 0.058409
1.178320 0.058616
1.178980 0.058616
1.179639 0.059031
1.180298 0.059238
1.180957 0.059445
1.181617 0.059445
1.182276 0.059859
1.182935 0.060481
1.183594 0.060688
1.184254 0.060895
1.184913 0.061309
1.185572 0.061516
1.186231 0.061516
1.186891 0.061930
1.187550 0.062138
1.188209 0.062345
1.188868 0.062552
1.189528 0.062966
1.190187 0.063795
1.190846 0.064209
1.191505 0.064416
1.192165 0.064830
1.192824 0.065037
1.193483 0.065037
1.194142 0.065244
1.194802 0.065244
1.195461 0.065244
1.196120 0.065244
1.196780 0.065659
1.197439 0.065866
1.198098 0.066073
1.198757 0.066280
1.199417 0.066487
1.200076 0.066694
1.200735 0.066901
1.201394 0.067109
1.202054 0.067523
1.202713 0.067523
1.203372 0.067730
1.204031 0.068351
1.204691 0.068558
1.205350 0.068766
1.206009 0.068973
1.206668 0.069180
1.207328 0.069387
1.207987 0.069801
1.208646 0.070008
1.209305 0.070423
1.209965 0.070423
1.210624 0.071251
1.211283 0.071458
1.211942 0.071665
1.212602 0.071665
1.213261 0.071872
1.213920 0.071872
1.214579 0.071872
1.215239 0.072287
1.215898 0.072701
1.216557 0.072701
1.217216 0.072701
1.217876 0.072908
1.218535 0.073115
1.219194 0.073115
1.219853 0.073115
1.220513 0.073737
1.221172 0.073944
1.221831 0.074151
1.222490 0.074151
1.223150 0.074358
1.223809 0.074772
1.224468 0.074772
1.225127 0.074772
1.225787 0.074979
1.226446 0.075601
1.227105 0.075601
1.227764 0.075808
1.228424 0.076015
1.229083 0.076636
1.229742 0.077051
1.230401 0.077879
1.231061 0.078086
1.231720 0.078293
1.232379 0.079122
1.233039 0.079536
1.233698 0.080157
1.234357 0.080572
1.235016 0.080986
1.235676 0.081193
1.236335 0.081607
1.236994 0.081814
1.237653 0.082022
1.238313 0.082436
1.238972 0.082436
1.239631 0.082643
1.240290 0.082850
1.240950 0.083057
1.241609 0.083471
1.242268 0.083679
1.242927 0.083886
1.243587 0.084507
1.244246 0.084714
1.244905 0.085128
1.245564 0.085543
1.246224 0.085750
1.246883 0.085957
1.247542 0.086371
1.248201 0.086578
1.248861 0.087200
1.249520 0.087407
1.250179 0.087614
1.250838 0.087614
1.251498 0.088028
1.252157 0.088235
1.252816 0.088650
1.253475 0.088650
1.254135 0.089892
1.254794 0.090514
1.255453 0.090721
1.256112 0.091135
1.256772 0.091342
1.257431 0.091342
1.258090 0.091549
1.258749 0.091549
1.259409 0.091964
1.260068 0.092792
1.260727 0.092792
1.261386 0.093413
1.262046 0.093828
1.262705 0.094449
1.263364 0.094863
1.264023 0.095485
1.264683 0.095692
1.265342 0.095899
1.266001 0.096520
1.266660 0.096935
1.267320 0.097349
1.267979 0.097763
1.268638 0.098799
1.269298 0.099213
1.269957 0.099627
1.270616 0.100041
1.271275 0.100870
1.271935 0.100870
1.272594 0.100870
1.273253 0.101077
1.273912 0.101284
1.274572 0.101491
1.275231 0.101698
1.275890 0.101906
1.276549 0.102320
1.277209 0.103148
1.277868 0.103563
1.278527 0.103563
1.279186 0.103563
1.279846 0.103770
1.280505 0.103977
1.281164 0.104184
1.281823 0.104184
1.282483 0.104184
1.283142 0.104805
1.283801 0.105012
1.284460 0.105427
1.285120 0.106255
1.285779 0.106669
1.286438 0.107291
1.287097 0.107705
1.287757 0.108119
1.288416 0.108534
1.289075 0.108741
1.289734 0.108948
1.290394 0.108948
1.291053 0.109155
1.291712 0.109569
1.292371 0.109776
1.293031 0.110398
1.293690 0.111433
1.294349 0.111848
1.295008 0.112469
1.295668 0.112676
1.296327 0.113712
1.296986 0.113712
1.297645 0.113919
1.298305 0.114126
1.298964 0.114540
1.299623 0.114747
1.300282 0.115369
1.300942 0.115576
1.301601 0.116404
1.302260 0.116611
1.302919 0.116819
1.303579 0.117647
1.304238 0.117647
1.304897 0.118890
1.305557 0.119097
1.306216 0.119718
1.306875 0.120133
1.307534 0.120961
1.308194 0.120961
1.308853 0.121375
1.309512 0.121997
1.310171 0.122204
1.310831 0.122411
1.311490 0.122411
1.312149 0.122825
1.312808 0.122825
1.313468 0.123032
1.314127 0.123239
1.314786 0.123861
1.315445 0.124482
1.316105 0.124689
1.316764 0.124896
1.317423 0.125104
1.318082 0.125518
1.318742 0.125932
1.319401 0.126346
1.320060 0.126553
1.320719 0.127175
1.321379 0.127589
1.322038 0.127796
1.322697 0.128003
1.323356 0.128210
1.324016 0.129246
1.324675 0.129246
1.325334 0.129867
1.325993 0.130075
1.326653 0.130489
1.327312 0.130903
1.327971 0.131524
1.328630 0.131524
1.329290 0.132353
1.329949 0.132560
1.330608 0.132974
1.331267 0.133596
1.331927 0.134217
1.332586 0.134631
1.333245 0.134838
1.333904 0.135667
1.334564 0.135874
1.335223 0.136288
1.335882 0.136910
1.336541 0.137117
1.337201 0.137531
1.337860 0.137531
1.338519 0.137945
1.339178 0.138152
1.339838 0.138567
1.340497 0.138774
1.341156 0.138981
1.341816 0.139602
1.342475 0.140224
1.343134 0.140638
1.343793 0.140845
1.344453 0.141052
1.345112 0.141674
1.345771 0.141881
1.346430 0.141881
1.347090 0.142088
1.347749 0.142709
1.348408 0.142709
1.349067 0.142916
1.349727 0.143123
1.350386 0.144159
1.351045 0.144366
1.351704 0.144366
1.352364 0.145195
1.353023 0.145609
1.353682 0.146437
1.354341 0.146645
1.355001 0.147473
1.355660 0.148094
1.356319 0.148302
1.356978 0.149337
1.357638 0.150166
1.358297 0.150166
1.358956 0.150580
1.359615 0.151201
1.360275 0.151616
1.360934 0.152237
1.361593 0.153273
1.362252 0.153273
1.362912 0.153894
1.363571 0.154515
1.364230 0.154515
1.364889 0.154515
1.365549 0.155344
1.366208 0.155758
1.366867 0.155758
1.367526 0.156587
1.368186 0.157415
1.368845 0.157829
1.369504 0.158036
1.370163 0.158658
1.370823 0.158865
1.371482 0.159486
1.372141 0.159693
1.372800 0.160108
1.373460 0.160936
1.374119 0.161350
1.374778 0.161972
1.375437 0.161972
1.376097 0.162593
1.376756 0.163422
1.377415 0.163836
1.378075 0.163836
1.378734 0.164250
1.379393 0.164664
1.380052 0.165079
1.380712 0.165286
1.381371 0.165493
1.382030 0.165700
1.382689 0.165907
1.383349 0.166529
1.384008 0.166736
1.384667 0.166943
1.385326 0.167357
1.385986 0.167357
1.386645 0.168600
1.387304 0.169221
1.387963 0.169428
1.388623 0.169843
1.389282 0.170878
1.389941 0.171292
1.390600 0.171707
1.391260 0.172535
1.391919 0.172949
1.392578 0.173571
1.393237 0.173985
1.393897 0.174606
1.394556 0.174606
1.395215 0.174814
1.395874 0.175435
1.396534 0.175849
1.397193 0.176056
1.397852 0.176471
1.398511 0.176678
1.399171 0.177506
1.399830 0.177920
1.400489 0.179163
1.401148 0.179577
1.401808 0.179577
1.402467 0.179992
1.403126 0.180406
1.403785 0.181027
1.404445 0.181234
1.405104 0.181856
1.405763 0.181856
1.406422 0.182270
1.407082 0.182684
1.407741 0.183099
1.408400 0.183513
1.409059 0.184341
1.409719 0.184756
1.410378 0.185584
1.411037 0.186205
1.411696 0.187034
1.412356 0.187448
1.413015 0.188277
1.413674 0.188691
1.414334 0.189105
1.414993 0.189519
1.415652 0.189727
1.416311 0.190141
1.416971 0.190141
1.417630 0.190555
1.418289 0.190762
1.418948 0.190969
1.419608 0.191384
1.420267 0.191591
1.420926 0.191591
1.421585 0.192626
1.422245 0.193041
1.422904 0.193869
1.423563 0.194490
1.424222 0.194698
1.424882 0.195112
1.425541 0.195112
1.426200 0.195319
1.426859 0.196562
1.427519 0.196976
1.428178 0.197183
1.428837 0.198012
1.429496 0.198633
1.430156 0.198840
1.430815 0.199461
1.431474 0.199669
1.432133 0.200083
1.432793 0.200083
1.433452 0.200704
1.434111 0.201118
1.434770 0.201533
1.435430 0.202361
1.436089 0.202775
1.436748 0.203190
1.437407 0.203190
1.438067 0.203604
1.438726 0.203811
1.439385 0.205261
1.440044 0.205261
1.440704 0.205675
1.441363 0.205675
1.442022 0.206089
1.442681 0.206918
1.443341 0.207954
1.444000 0.208161
1.444659 0.208575
1.445318 0.208782
1.445978 0.209196
1.446637 0.209196
1.447296 0.209611
1.447955 0.210025
1.448615 0.210439
1.449274 0.211268
1.449933 0.211682
1.450593 0.212096
1.451252 0.212925
1.451911 0.213546
1.452570 0.214167
1.453230 0.214789
1.453889 0.215203
1.454548 0.215410
1.455207 0.215410
1.455867 0.215617
1.456526 0.215824
1.457185 0.216446
1.457844 0.216860
1.458504 0.217896
1.459163 0.218517
1.459822 0.218517
1.460481 0.219138
1.461141 0.219760
1.461800 0.220174
1.462459 0.220381
1.463118 0.221210
1.463778 0.221417
1.464437 0.221417
1.465096 0.222452
1.465755 0.222659
1.466415 0.223695
1.467074 0.223695
1.467733 0.224109
1.468392 0.224524
1.469052 0.225145
1.469711 0.225973
1.470370 0.226595
1.471029 0.226802
1.471689 0.227838
1.472348 0.228459
1.473007 0.229495
1.473666 0.229495
1.474326 0.229909
1.474985 0.231152
1.475644 0.231152
1.476303 0.231773
1.476963 0.232394
1.477622 0.232809
1.478281 0.233430
1.478940 0.233637
1.479600 0.234258
1.480259 0.235294
1.480918 0.236123
1.481577 0.236744
1.482237 0.237158
1.482896 0.237987
1.483555 0.237987
1.484214 0.238608
1.484874 0.239437
1.485533 0.239644
1.486192 0.240265
1.486852 0.240472
1.487511 0.240886
1.488170 0.240886
1.488829 0.241094
1.489489 0.241301
1.490148 0.241508
1.490807 0.241715
1.491466 0.242336
1.492126 0.242751
1.492785 0.242958
1.493444 0.243579
1.494103 0.244822
1.494763 0.245236
1.495422 0.245857
1.496081 0.246479
1.496740 0.246686
1.497400 0.247514
1.498059 0.248136
1.498718 0.248550
1.499377 0.248964
1.500037 0.248964
1.500696 0.249379
1.501355 0.250000
1.502014 0.250621
1.502674 0.251450
1.503333 0.251864
1.503992 0.252071
1.504651 0.252486
1.505311 0.253521
1.505970 0.253521
1.506629 0.253935
1.507288 0.254143
1.507948 0.254143
1.508607 0.254557
1.509266 0.254971
1.509925 0.255385
1.510585 0.255800
1.511244 0.256628
1.511903 0.256835
1.512562 0.257664
1.513222 0.258078
1.513881 0.258285
1.514540 0.258492
1.515199 0.258699
1.515859 0.258906
1.516518 0.259114
1.517177 0.259735
1.517836 0.259942
1.518496 0.260149
1.519155 0.260771
1.519814 0.262220
1.520474 0.262635
1.521133 0.263256
1.521792 0.263463
1.522451 0.264085
1.523111 0.264913
1.523770 0.265742
1.524429 0.266777
1.525088 0.266984
1.525748 0.267813
1.526407 0.268227
1.527066 0.268227
1.527725 0.268641
1.528385 0.269470
1.529044 0.269884
1.529703 0.270505
1.530362 0.270505
1.531022 0.270920
1.531681 0.271334
1.532340 0.271748
1.532999 0.272370
1.533659 0.272784
1.534318 0.272784
1.534977 0.272991
1.535636 0.273405
1.536296 0.274027
1.536955 0.274027
1.537614 0.274234
1.538273 0.274855
1.538933 0.275684
1.539592 0.275891
1.540251 0.276305
1.540910 0.277548
1.541570 0.277962
1.542229 0.278169
1.542888 0.278583
1.543547 0.278790
1.544207 0.279619
1.544866 0.280033
1.545525 0.281276
1.546184 0.282312
1.546844 0.282312
1.547503 0.282726
1.548162 0.283347
1.548821 0.284176
1.549481 0.284590
1.550140 0.285004
1.550799 0.285626
1.551458 0.285626
1.552118 0.286247
1.552777 0.287075
1.553436 0.287697
1.554095 0.288732
1.554755 0.289354
1.555414 0.289561
1.556073 0.290182
1.556733 0.290597
1.557392 0.291218
1.558051 0.292046
1.558710 0.292461
1.559370 0.292461
1.560029 0.292668
1.560688 0.292668
1.561347 0.293082
1.562007 0.293911
1.562666 0.294325
1.563325 0.294532
1.563984 0.295775
1.564644 0.296396
1.565303 0.296810
1.565962 0.297225
1.566621 0.297432
1.567281 0.297639
1.567940 0.297639
1.568599 0.298674
1.569258 0.299089
1.569918 0.299503
1.570577 0.299710
1.571236 0.299917
1.571895 0.300331
1.572555 0.301160
1.573214 0.301367
1.573873 0.301574
1.574532 0.302196
1.575192 0.303231
1.575851 0.303853
1.576510 0.304888
1.577169 0.305095
1.577829 0.305095
1.578488 0.306338
1.579147 0.306752
1.579806 0.306959
1.580466 0.307581
1.581125 0.308202
1.581784 0.308409
1.582443 0.309445
1.583103 0.310066
1.583762 0.310273
1.584421 0.311309
1.585080 0.311309
1.585740 0.311930
1.586399 0.312345
1.587058 0.312345
1.587717 0.313380
1.588377 0.314002
1.589036 0.314209
1.589695 0.314623
1.590354 0.314830
1.591014 0.315244
1.591673 0.316073
1.592332 0.316901
1.592992 0.317316
1.593651 0.317937
1.594310 0.318351
1.594969 0.319387
1.595629 0.320008
1.596288 0.320423
1.596947 0.320837
1.597606 0.321665
1.598266 0.321872
1.598925 0.322701
1.599584 0.323322
1.600243 0.323944
1.600903 0.324565
1.601562 0.324565
1.602221 0.324772
1.602880 0.324772
1.603540 0.325808
1.604199 0.325808
1.604858 0.326429
1.605517 0.326429
1.606177 0.327465
1.606836 0.327879
1.607495 0.328915
1.608154 0.329329
1.608814 0.329329
1.609473 0.329536
1.610132 0.329950
1.610791 0.329950
1.611451 0.330157
1.612110 0.330779
1.612769 0.330779
1.613428 0.331193
1.614088 0.332229
1.614747 0.332850
1.615406 0.333471
1.616065 0.333471
1.616725 0.333886
1.617384 0.334507
1.618043 0.335336
1.618702 0.336164
1.619362 0.336578
1.620021 0.336785
1.620680 0.337821
1.621339 0.338442
1.621999 0.339271
1.622658 0.340514
1.623317 0.340514
1.623976 0.341135
1.624636 0.341342
1.625295 0.341964
1.625954 0.342378
1.626613 0.343206
1.627273 0.343621
1.627932 0.344242
1.628591 0.344449
1.629251 0.344863
1.629910 0.345070
1.630569 0.345692
1.631228 0.346520
1.631888 0.347556
1.632547 0.348384
1.633206 0.349213
1.633865 0.349834
1.634525 0.350456
1.635184 0.351284
1.635843 0.351698
1.636502 0.352113
1.637162 0.352941
1.637821 0.353355
1.638480 0.353355
1.639139 0.353977
1.639799 0.355012
1.640458 0.355220
1.641117 0.356048
1.641776 0.357084
1.642436 0.357498
1.643095 0.358741
1.643754 0.359569
1.644413 0.359569
1.645073 0.359983
1.645732 0.361019
1.646391 0.361019
1.647050 0.361848
1.647710 0.362262
1.648369 0.362883
1.649028 0.362883
1.649687 0.363712
1.650347 0.364126
1.651006 0.364540
1.651665 0.365576
1.652324 0.366197
1.652984 0.366819
1.653643 0.366819
1.654302 0.367026
1.654961 0.367440
1.655621 0.368061
1.656280 0.368268
1.656939 0.369304
1.657598 0.369925
1.658258 0.370754
1.658917 0.370754
1.659576 0.371582
1.660235 0.371997
1.660895 0.371997
1.661554 0.372411
1.662213 0.372618
1.662872 0.373239
1.663532 0.374896
1.664191 0.375104
1.664850 0.375725
1.665510 0.375932
1.666169 0.376761
1.666828 0.376968
1.667487 0.377589
1.668147 0.378003
1.668806 0.378625
1.669465 0.379039
1.670124 0.379660
1.670784 0.380075
1.671443 0.380696
1.672102 0.380903
1.672761 0.380903
1.673421 0.381524
1.674080 0.382146
1.674739 0.382560
1.675398 0.383389
1.676058 0.384217
1.676717 0.384631
1.677376 0.385460
1.678035 0.385874
1.678695 0.386081
1.679354 0.386495
1.680013 0.387117
1.680672 0.387324
1.681332 0.387945
1.681991 0.388774
1.682650 0.388981
1.683309 0.389188
1.683969 0.390224
1.684628 0.390431
1.685287 0.390638
1.685946 0.391052
1.686606 0.391259
1.687265 0.391674
1.687924 0.392295
1.688583 0.392916
1.689243 0.393538
1.689902 0.393745
1.690561 0.394159
1.691220 0.394366
1.691880 0.394988
1.692539 0.395816
1.693198 0.396230
1.693857 0.396852
1.694517 0.397473
1.695176 0.397887
1.695835 0.398302
1.696494 0.398302
1.697154 0.398509
1.697813 0.398716
1.698472 0.399130
1.699131 0.399959
1.699791 0.400373
1.700450 0.400787
1.701109 0.401616
1.701769 0.402237
1.702428 0.402858
1.703087 0.403065
1.703746 0.403480
1.704406 0.403894
1.705065 0.404930
1.705724 0.405551
1.706383 0.406587
1.707043 0.407001
1.707702 0.407415
1.708361 0.407622
1.709020 0.407622
1.709680 0.407829
1.710339 0.407829
1.710998 0.408036
1.711657 0.408658
1.712317 0.409486
1.712976 0.409901
1.713635 0.410315
1.714294 0.410936
1.714954 0.411350
1.715613 0.411972
1.716272 0.412179
1.716931 0.413007
1.717591 0.413422
1.718250 0.413422
1.718909 0.414250
1.719568 0.415079
1.720228 0.415907
1.720887 0.416529
1.721546 0.416943
1.722205 0.417771
1.722865 0.418186
1.723524 0.419014
1.724183 0.419221
1.724842 0.419428
1.725502 0.420050
1.726161 0.421292
1.726820 0.421707
1.727479 0.421914
1.728139 0.422535
1.728798 0.422742
1.729457 0.422949
1.730116 0.422949
1.730776 0.423364
1.731435 0.424606
1.732094 0.425228
1.732753 0.426056
1.733413 0.426471
1.734072 0.427299
1.734731 0.427506
1.735390 0.427920
1.736050 0.428128
1.736709 0.428749
1.737368 0.429163
1.738028 0.429370
1.738687 0.429785
1.739346 0.430406
1.740005 0.430613
1.740665 0.430820
1.741324 0.431649
1.741983 0.432063
1.742642 0.433099
1.743302 0.433513
1.743961 0.433927
1.744620 0.434756
1.745279 0.435377
1.745939 0.436620
1.746598 0.437655
1.747257 0.437862
1.747916 0.438691
1.748576 0.438898
1.749235 0.439312
1.749894 0.440141
1.750553 0.440348
1.751213 0.441176
1.751872 0.441176
1.752531 0.441591
1.753190 0.441591
1.753850 0.442626
1.754509 0.444076
1.755168 0.444283
1.755827 0.444905
1.756487 0.445319
1.757146 0.445940
1.757805 0.446769
1.758464 0.447183
1.759124 0.447390
1.759783 0.447597
1.760442 0.448012
1.761101 0.448840
1.761761 0.449254
1.762420 0.449669
1.763079 0.450290
1.763738 0.450704
1.764398 0.451118
1.765057 0.451326
1.765716 0.452361
1.766375 0.452983
1.767035 0.453604
1.767694 0.454432
1.768353 0.454640
1.769012 0.454847
1.769672 0.454847
1.770331 0.455675
1.770990 0.456504
1.771649 0.456711
1.772309 0.456711
1.772968 0.457125
1.773627 0.457332
1.774287 0.457954
1.774946 0.458782
1.775605 0.458989
1.776264 0.459611
1.776924 0.460439
1.777583 0.461268
1.778242 0.461475
1.778901 0.461889
1.779561 0.462510
1.780220 0.462925
1.780879 0.462925
1.781538 0.463132
1.782198 0.463960
1.782857 0.464374
1.783516 0.464374
1.784175 0.464996
1.784835 0.465203
1.785494 0.465824
1.786153 0.466031
1.786812 0.466446
1.787472 0.467274
1.788131 0.467896
1.788790 0.468724
1.789449 0.469138
1.790109 0.469760
1.790768 0.470174
1.791427 0.470795
1.792086 0.471002
1.792746 0.471210
1.793405 0.472038
1.794064 0.472659
1.794723 0.473695
1.795383 0.473695
1.796042 0.474109
1.796701 0.475559
1.797360 0.475973
1.798020 0.476595
1.798679 0.477009
1.799338 0.478252
1.799997 0.478666
1.800657 0.479495
1.801316 0.479702
1.801975 0.480116
1.802634 0.480323
1.803294 0.480944
1.803953 0.481152
1.804612 0.481980
1.805271 0.482187
1.805931 0.482809
1.806590 0.482809
1.807249 0.483223
1.807908 0.484258
1.808568 0.485087
1.809227 0.485294
1.809886 0.485915
1.810546 0.486123
1.811205 0.486537
1.811864 0.486537
1.812523 0.486951
1.813183 0.487365
1.813842 0.488194
1.814501 0.488815
1.815160 0.489437
1.815820 0.489851
1.816479 0.490679
1.817138 0.491094
1.817797 0.491094
1.818457 0.491301
1.819116 0.491715
1.819775 0.492336
1.820434 0.492336
1.821094 0.492543
1.821753 0.493165
1.822412 0.493372
1.823071 0.493993
1.823731 0.494200
1.824390 0.494408
1.825049 0.494408
1.825708 0.494822
1.826368 0.495029
1.827027 0.496065
1.827686 0.496065
1.828345 0.496479
1.829005 0.496686
1.829664 0.497929
1.830323 0.497929
1.830982 0.498550
1.831642 0.499586
1.832301 0.499793
1.832960 0.499793
1.833619 0.499793
1.834279 0.500000
1.834938 0.501036
1.835597 0.501243
1.836256 0.501864
1.836916 0.502486
1.837575 0.502900
1.838234 0.503314
1.838893 0.503728
1.839553 0.504557
1.840212 0.505178
1.840871 0.505385
1.841530 0.505592
1.842190 0.505800
1.842849 0.506421
1.843508 0.507042
1.844168 0.507664
1.844827 0.508078
1.845486 0.508285
1.846145 0.508492
1.846805 0.508906
1.847464 0.509321
1.848123 0.509735
1.848782 0.509942
1.849442 0.510771
1.850101 0.511806
1.850760 0.512013
1.851419 0.512635
1.852079 0.513049
1.852738 0.513256
1.853397 0.514085
1.854056 0.514499
1.854716 0.514706
1.855375 0.514913
1.856034 0.515327
1.856693 0.515534
1.857353 0.516156
1.858012 0.516363
1.858671 0.516570
1.859330 0.516777
1.859990 0.516984
1.860649 0.517191
1.861308 0.518227
1.861967 0.518434
1.862627 0.518434
1.863286 0.519056
1.863945 0.519470
1.864604 0.519677
1.865264 0.520505
1.865923 0.520920
1.866582 0.521334
1.867241 0.521334
1.867901 0.521541
1.868560 0.521748
1.869219 0.522784
1.869878 0.523612
1.870538 0.524234
1.871197 0.525476
1.871856 0.525684
1.872515 0.525684
1.873175 0.525891
1.873834 0.526719
1.874493 0.526719
1.875152 0.527133
1.875812 0.527755
1.876471 0.528169
1.877130 0.528583
1.877789 0.528998
1.878449 0.528998
1.879108 0.529205
1.879767 0.529619
1.880427 0.530240
1.881086 0.530447
1.881745 0.531690
1.882404 0.532104
1.883064 0.532104
1.883723 0.532519
1.884382 0.532933
1.885041 0.532933
1.885701 0.533140
1.886360 0.533554
1.887019 0.533761
1.887678 0.534383
1.888338 0.534590
1.888997 0.535418
1.889656 0.535626
1.890315 0.536661
1.890975 0.537075
1.891634 0.537283
1.892293 0.537490
1.892952 0.537904
1.893612 0.537904
1.894271 0.538111
1.894930 0.538525
1.895589 0.538525
1.896249 0.538525
1.896908 0.539147
1.897567 0.539975
1.898226 0.540597
1.898886 0.540597
1.899545 0.541425
1.900204 0.541425
1.900863 0.542668
1.901523 0.542875
1.902182 0.543289
1.902841 0.543911
1.903500 0.543911
1.904160 0.544739
1.904819 0.544946
1.905478 0.545775
1.906137 0.546603
1.906797 0.546810
1.907456 0.547432
1.908115 0.548053
1.908774 0.548467
1.909434 0.548674
1.910093 0.549089
1.910752 0.549503
1.911411 0.549917
1.912071 0.550539
1.912730 0.550953
1.913389 0.551367
1.914048 0.551574
1.914708 0.551781
1.915367 0.551988
1.916026 0.552817
1.916686 0.553231
1.917345 0.553853
1.918004 0.554267
1.918663 0.554681
1.919323 0.555510
1.919982 0.556131
1.920641 0.556959
1.921300 0.557581
1.921960 0.557995
1.922619 0.558202
1.923278 0.558824
1.923937 0.559031
1.924597 0.559238
1.925256 0.559445
1.925915 0.559859
1.926574 0.560688
1.927234 0.560895
1.927893 0.561102
1.928552 0.561723
1.929211 0.562138
1.929871 0.562759
1.930530 0.563173
1.931189 0.563173
1.931848 0.564002
1.932508 0.564416
1.933167 0.565037
1.933826 0.565452
1.934485 0.565452
1.935145 0.566487
1.935804 0.566901
1.936463 0.567730
1.937122 0.568351
1.937782 0.568766
1.938441 0.568973
1.939100 0.569594
1.939759 0.569801
1.940419 0.570423
1.941078 0.570423
1.941737 0.571044
1.942396 0.571872
1.943056 0.572080
1.943715 0.573115
1.944374 0.573944
1.945033 0.574358
1.945693 0.574772
1.946352 0.574979
1.947011 0.575186
1.947670 0.576429
1.948330 0.576843
1.948989 0.577258
1.949648 0.577672
1.950307 0.578086
1.950967 0.578500
1.951626 0.578708
1.952285 0.578915
1.952945 0.579950
1.953604 0.580157
1.954263 0.580365
1.954922 0.580779
1.955582 0.581193
1.956241 0.581607
1.956900 0.582436
1.957559 0.582850
1.958219 0.583471
1.958878 0.583471
1.959537 0.583886
1.960196 0.584714
1.960856 0.585336
1.961515 0.585543
1.962174 0.585750
1.962833 0.585957
1.963493 0.585957
1.964152 0.586371
1.964811 0.586785
1.965470 0.586993
1.966130 0.587407
1.966789 0.587821
1.967448 0.589064
1.968107 0.589478
1.968767 0.590099
1.969426 0.590307
1.970085 0.590721
1.970744 0.590928
1.971404 0.591342
1.972063 0.591756
1.972722 0.591964
1.973381 0.592378
1.974041 0.592999
1.974700 0.593206
1.975359 0.593621
1.976018 0.593828
1.976678 0.594242
1.977337 0.594656
1.977996 0.595070
1.978655 0.595485
1.979315 0.595899
1.979974 0.596313
1.980633 0.597349
1.981292 0.597556
1.981952 0.597970
1.982611 0.598384
1.983270 0.598592
1.983929 0.599213
1.984589 0.599213
1.985248 0.599834
1.985907 0.600041
1.986566 0.600456
1.987226 0.601077
1.987885 0.601491
1.988544 0.601906
1.989204 0.601906
1.989863 0.602113
1.990522 0.603355
1.991181 0.603770
1.991841 0.604184
1.992500 0.604598
1.993159 0.605220
1.993818 0.606048
1.994478 0.606048
1.995137 0.606255
1.995796 0.606255
1.996455 0.606669
1.997115 0.607498
1.997774 0.607912
1.998433 0.608741
1.999092 0.608741
1.999752 0.609362
2.000411 0.609983
2.001070 0.610398
2.001729 0.611019
2.002389 0.611640
2.003048 0.612055
2.003707 0.612262
2.004366 0.612676
2.005026 0.613090
2.005685 0.613712
2.006344 0.614333
2.007003 0.614540
2.007663 0.615162
2.008322 0.615369
2.008981 0.615369
2.009640 0.615990
2.010300 0.616404
2.010959 0.616819
2.011618 0.617233
2.012277 0.617854
2.012937 0.618061
2.013596 0.618268
2.014255 0.618268
2.014914 0.618268
2.015574 0.618683
2.016233 0.619304
2.016892 0.620340
2.017551 0.620547
2.018211 0.620961
2.018870 0.621790
2.019529 0.621790
2.020188 0.621997
2.020848 0.622411
2.021507 0.622618
2.022166 0.622825
2.022825 0.623654
2.023485 0.624275
2.024144 0.624482
2.024803 0.624689
2.025463 0.625104
2.026122 0.625311
2.026781 0.626139
2.027440 0.626761
2.028100 0.627175
2.028759 0.627589
2.029418 0.627589
2.030077 0.628003
2.030737 0.628418
2.031396 0.628418
2.032055 0.629246
2.032714 0.629660
2.033374 0.630489
2.034033 0.630489
2.034692 0.630903
2.035351 0.631732
2.036011 0.632353
2.036670 0.632767
2.037329 0.632974
2.037988 0.633803
2.038648 0.634010
2.039307 0.634217
2.039966 0.634424
2.040625 0.634631
2.041285 0.634838
2.041944 0.635460
2.042603 0.635667
2.043262 0.636081
2.043922 0.636288
2.044581 0.636495
2.045240 0.636703
2.045899 0.637324
2.046559 0.637738
2.047218 0.638567
2.047877 0.638567
2.048536 0.638774
2.049196 0.639809
2.049855 0.640431
2.050514 0.641259
2.051173 0.642088
2.051833 0.642295
2.052492 0.642709
2.053151 0.643123
2.053810 0.643538
2.054470 0.643745
2.055129 0.643952
2.055788 0.644159
2.056447 0.644159
2.057107 0.644573
2.057766 0.644988
2.058425 0.645816
2.059084 0.645816
2.059744 0.646023
2.060403 0.647059
2.061062 0.647473
2.061722 0.648509
2.062381 0.648716
2.063040 0.649130
2.063699 0.649751
2.064359 0.649959
2.065018 0.650373
2.065677 0.650580
2.066336 0.650580
2.066996 0.651201
2.067655 0.651408
2.068314 0.652237
2.068973 0.652237
2.069633 0.652444
2.070292 0.653065
2.070951 0.653687
2.071610 0.654101
2.072270 0.654515
2.072929 0.654515
2.073588 0.654930
2.074247 0.655137
2.074907 0.655137
2.075566 0.656379
2.076225 0.656379
2.076884 0.656587
2.077544 0.656794
2.078203 0.657208
2.078862 0.658244
2.079521 0.658658
2.080181 0.658865
2.080840 0.659486
2.081499 0.660108
2.082158 0.660315
2.082818 0.661350
2.083477 0.661350
2.084136 0.661972
2.084795 0.661972
2.085455 0.662179
2.086114 0.663215
2.086773 0.663629
2.087432 0.663836
2.088092 0.664250
2.088751 0.664457
2.089410 0.664664
2.090069 0.664664
2.090729 0.665493
2.091388 0.665493
2.092047 0.665700
2.092706 0.665907
2.093366 0.666114
2.094025 0.667150
2.094684 0.667771
2.095343 0.668186
2.096003 0.668186
2.096662 0.668807
2.097321 0.669014
2.097981 0.670050
2.098640 0.670257
2.099299 0.670257
2.099958 0.670464
2.100618 0.671085
2.101277 0.671292
2.101936 0.671500
2.102595 0.671707
2.103255 0.671914
2.103914 0.672328
2.104573 0.672949
2.105232 0.673571
2.105892 0.673985
2.106551 0.674399
2.107210 0.674606
2.107869 0.674606
2.108529 0.674814
2.109188 0.675228
2.109847 0.675435
2.110506 0.676263
2.111166 0.676263
2.111825 0.677092
2.112484 0.677506
2.113143 0.677506
2.113803 0.677713
2.114462 0.677920
2.115121 0.678749
2.115780 0.678749
2.116440 0.679163
2.117099 0.679577
2.117758 0.679577
2.118417 0.679577
2.119077 0.679577
2.119736 0.679577
2.120395 0.679577
2.121054 0.679785
2.121714 0.679785
2.122373 0.679785
2.123032 0.679992
2.123691 0.680199
2.124351 0.680613
2.125010 0.681027
2.125669 0.681234
2.126328 0.681442
2.126988 0.681856
2.127647 0.682063
2.128306 0.682270
2.128965 0.682891
2.129625 0.682891
2.130284 0.682891
2.130943 0.683306
2.131603 0.683720
2.132262 0.683927
2.132921 0.684341
2.133580 0.684548
2.134240 0.684963
2.134899 0.684963
2.135558 0.685998
2.136217 0.686620
2.136877 0.686620
2.137536 0.686827
2.138195 0.686827
2.138854 0.687034
2.139514 0.687241
2.140173 0.687241
2.140832 0.687241
2.141491 0.687655
2.142151 0.687862
2.142810 0.688070
2.143469 0.688070
2.144128 0.688484
2.144788 0.688484
2.145447 0.688898
2.146106 0.689105
2.146765 0.689105
2.147425 0.689519
2.148084 0.689727
2.148743 0.689934
2.149402 0.690141
2.150062 0.690348
2.150721 0.690555
2.151380 0.690762
2.152039 0.690969
2.152699 0.691384
2.153358 0.691591
2.154017 0.692005
2.154676 0.692005
2.155336 0.692005
2.155995 0.692212
2.156654 0.692419
2.157313 0.692626
2.157973 0.692833
2.158632 0.693041
2.159291 0.693455
2.159950 0.693869
2.160610 0.694698
2.161269 0.695526
2.161928 0.695733
2.162587 0.695940
2.163247 0.696355
2.163906 0.696769
2.164565 0.696976
2.165224 0.697597
2.165884 0.697597
2.166543 0.698426
2.167202 0.698426
2.167862 0.698633
2.168521 0.698840
2.169180 0.699461
2.169839 0.699669
2.170499 0.699876
2.171158 0.700083
2.171817 0.700290
2.172476 0.700911
2.173136 0.700911
2.173795 0.700911
2.174454 0.700911
2.175113 0.700911
2.175773 0.701326
2.176432 0.701326
2.177091 0.701326
2.177750 0.701740
2.178410 0.702154
2.179069 0.702775
2.179728 0.702775
2.180387 0.702983
2.181047 0.703604
2.181706 0.704225
2.182365 0.704432
2.183024 0.705468
2.183684 0.705468
2.184343 0.705675
2.185002 0.706089
2.185661 0.706297
2.186321 0.706711
2.186980 0.707332
2.187639 0.707332
2.188298 0.707746
2.188958 0.707954
2.189617 0.708575
2.190276 0.709196
2.190935 0.709403
2.191595 0.709403
2.192254 0.710025
2.192913 0.710232
2.193572 0.710439
2.194232 0.710853
2.194891 0.711060
2.195550 0.711268
2.196209 0.711268
2.196869 0.711889
2.197528 0.712096
2.198187 0.712303
2.198846 0.712510
2.199506 0.712717
2.200165 0.712925
2.200824 0.712925
2.201483 0.713132
2.202143 0.713339
2.202802 0.713339
2.203461 0.713546
2.204121 0.713546
2.204780 0.713753
2.205439 0.713960
2.206098 0.714167
2.206758 0.714582
2.207417 0.714996
2.208076 0.715410
2.208735 0.716031
2.209395 0.716031
2.210054 0.716446
2.210713 0.716860
2.211372 0.717067
2.212032 0.717067
2.212691 0.717481
2.213350 0.718103
2.214009 0.718103
2.214669 0.718517
2.215328 0.718517
2.215987 0.718724
2.216646 0.718931
2.217306 0.719345
2.217965 0.719553
2.218624 0.719967
2.219283 0.719967
2.219943 0.720381
2.220602 0.721210
2.221261 0.721210
2.221920 0.721417
2.222580 0.721624
2.223239 0.721624
2.223898 0.722038
2.224557 0.722452
2.225217 0.722452
2.225876 0.722452
2.226535 0.722659
2.227194 0.723074
2.227854 0.723695
2.228513 0.724109
2.229172 0.724316
2.229831 0.724316
2.230491 0.724731
2.231150 0.724731
2.231809 0.724938
2.232468 0.725145
2.233128 0.725559
2.233787 0.725559
2.234446 0.725766
2.235105 0.726181
2.235765 0.726388
2.236424 0.726595
2.237083 0.727216
2.237742 0.727423
2.238402 0.728252
2.239061 0.728873
2.239720 0.729080
2.240380 0.729909
2.241039 0.730323
2.241698 0.730944
2.242357 0.730944
2.243017 0.731359
2.243676 0.731566
2.244335 0.731980
2.244994 0.732394
2.245654 0.732394
2.246313 0.732601
2.246972 0.733016
2.247631 0.733016
2.248291 0.733637
2.248950 0.733844
2.249609 0.734258
2.250268 0.734258
2.250928 0.734258
2.251587 0.734466
2.252246 0.734673
2.252905 0.734880
2.253565 0.735708
2.254224 0.735915
2.254883 0.735915
2.255542 0.736537
2.256202 0.736537
2.256861 0.736537
2.257520 0.736537
2.258179 0.736744
2.258839 0.736951
2.259498 0.737572
2.260157 0.737987
2.260816 0.738401
2.261476 0.738815
2.262135 0.739022
2.262794 0.739229
2.263453 0.739851
2.264113 0.740058
2.264772 0.740058
2.265431 0.740472
2.266090 0.740886
2.266750 0.741301
2.267409 0.741508
2.268068 0.741922
2.268727 0.742336
2.269387 0.742336
2.270046 0.742543
2.270705 0.742543
2.271364 0.742751
2.272024 0.742958
2.272683 0.743372
2.273342 0.743786
2.274001 0.743993
2.274661 0.744200
2.275320 0.744200
2.275979 0.744200
2.276639 0.744615
2.277298 0.745029
2.277957 0.745029
2.278616 0.745236
2.279276 0.745443
2.279935 0.746065
2.280594 0.746272
2.281253 0.746686
2.281913 0.747100
2.282572 0.747307
2.283231 0.747514
2.283890 0.747722
2.284550 0.747929
2.285209 0.747929
2.285868 0.747929
2.286527 0.748136
2.287187 0.748343
2.287846 0.748757
2.288505 0.750207
2.289164 0.750621
2.289824 0.751243
2.290483 0.751450
2.291142 0.751864
2.291801 0.752278
2.292461 0.752278
2.293120 0.752900
2.293779 0.753107
2.294438 0.753107
2.295098 0.753107
2.295757 0.753314
2.296416 0.753935
2.297075 0.754143
2.297735 0.754557
2.298394 0.754764
2.299053 0.755385
2.299712 0.756007
2.300372 0.756214
2.301031 0.756628
2.301690 0.756628
2.302349 0.756835
2.303009 0.757871
2.303668 0.758078
2.304327 0.758492
2.304986 0.758492
2.305646 0.758699
2.306305 0.758906
2.306964 0.759321
2.307623 0.759528
2.308283 0.759528
2.308942 0.759942
2.309601 0.761185
2.310260 0.761185
2.310920 0.761185
2.311579 0.761392
2.312238 0.761599
2.312898 0.762428
2.313557 0.762842
2.314216 0.762842
2.314875 0.763049
2.315535 0.763049
2.316194 0.763877
2.316853 0.763877
2.317512 0.764085
2.318172 0.764292
2.318831 0.764499
2.319490 0.764499
2.320149 0.765120
2.320809 0.765120
2.321468 0.765120
2.322127 0.765120
2.322786 0.765327
2.323446 0.765327
2.324105 0.765327
2.324764 0.765534
2.325423 0.766156
2.326083 0.766156
2.326742 0.766156
2.327401 0.766570
2.328060 0.766777
2.328720 0.766984
2.329379 0.767191
2.330038 0.767606
2.330697 0.767606
2.331357 0.767813
2.332016 0.767813
2.332675 0.768227
2.333334 0.768434
2.333994 0.768641
2.334653 0.769263
2.335312 0.769677
2.335971 0.770091
2.336631 0.770298
2.337290 0.770713
2.337949 0.771127
2.338608 0.771334
2.339268 0.771334
2.339927 0.771334
2.340586 0.771748
2.341245 0.771748
2.341905 0.771748
2.342564 0.771748
2.343223 0.772162
2.343882 0.772162
2.344542 0.772577
2.345201 0.773612
2.345860 0.773819
2.346519 0.773819
2.347179 0.774234
2.347838 0.774441
2.348497 0.774441
2.349157 0.774855
2.349816 0.774855
2.350475 0.775062
2.351134 0.775062
2.351794 0.775476
2.352453 0.775891
2.353112 0.776098
2.353771 0.776512
2.354431 0.776719
2.355090 0.776719
2.355749 0.776719
2.356408 0.776926
2.357068 0.777341
2.357727 0.777341
2.358386 0.777341
2.359045 0.777548
2.359705 0.777755
2.360364 0.777962
2.361023 0.778376
2.361682 0.778583
2.362342 0.779205
2.363001 0.780033
2.363660 0.780240
2.364319 0.780447
2.364979 0.780862
2.365638 0.780862
2.366297 0.781069
2.366956 0.781483
2.367616 0.781483
2.368275 0.781483
2.368934 0.781483
2.369593 0.781897
2.370253 0.782104
2.370912 0.782312
2.371571 0.782519
2.372230 0.782726
2.372890 0.782726
2.373549 0.783140
2.374208 0.783347
2.374867 0.783554
2.375527 0.783554
2.376186 0.783761
2.376845 0.784176
2.377504 0.785004
2.378164 0.785004
2.378823 0.785004
2.379482 0.785211
2.380141 0.786040
2.380801 0.786040
2.381460 0.786454
2.382119 0.786868
2.382778 0.787490
2.383438 0.787697
2.384097 0.787697
2.384756 0.788318
2.385416 0.788525
2.386075 0.788525
2.386734 0.788525
2.387393 0.788525
2.388053 0.788732
2.388712 0.788732
2.389371 0.788732
2.390030 0.788940
2.390690 0.788940
2.391349 0.789147
2.392008 0.789147
2.392667 0.789354
2.393327 0.789768
2.393986 0.790182
2.394645 0.790182
2.395304 0.790597
2.395964 0.791218
2.396623 0.791218
2.397282 0.791425
2.397941 0.792046
2.398601 0.792254
2.399260 0.792254
2.399919 0.792254
2.400578 0.792461
2.401238 0.792461
2.401897 0.792668
2.402556 0.792668
2.403215 0.793082
2.403875 0.793082
2.404534 0.793289
2.405193 0.793911
2.405852 0.794118
2.406512 0.794532
2.407171 0.794532
2.407830 0.794532
2.408489 0.794946
2.409149 0.794946
2.409808 0.795153
2.410467 0.795775
2.411126 0.795775
2.411786 0.796189
2.412445 0.796603
2.413104 0.796603
2.413763 0.796603
2.414423 0.796603
2.415082 0.796810
2.415741 0.797017
2.416400 0.797639
2.417060 0.798053
2.417719 0.798260
2.418378 0.798467
2.419037 0.798674
2.419697 0.798674
2.420356 0.798674
2.421015 0.798882
2.421675 0.799296
2.422334 0.799296
2.422993 0.799296
2.423652 0.799296
2.424312 0.799503
2.424971 0.799503
2.425630 0.799503
2.426289 0.799710
2.426949 0.800331
2.427608 0.800331
2.428267 0.800539
2.428926 0.800539
2.429586 0.800746
2.430245 0.801160
2.430904 0.801160
2.431563 0.801160
2.432223 0.801367
2.432882 0.801367
2.433541 0.801367
2.434200 0.802196
2.434860 0.802403
2.435519 0.802610
2.436178 0.802610
2.436837 0.803024
2.437497 0.803024
2.438156 0.803231
2.438815 0.803231
2.439474 0.803645
2.440134 0.803853
2.440793 0.804267
2.441452 0.804267
2.442111 0.804474
2.442771 0.804681
2.443430 0.804888
2.444089 0.805302
2.444748 0.805924
2.445408 0.806131
2.446067 0.806959
2.446726 0.806959
2.447385 0.807167
2.448045 0.807374
2.448704 0.807374
2.449363 0.807374
2.450022 0.807374
2.450682 0.807581
2.451341 0.807788
2.452000 0.808409
2.452659 0.808616
2.453319 0.808824
2.453978 0.809031
2.454637 0.809445
2.455297 0.810273
2.455956 0.810273
2.456615 0.810481
2.457274 0.810895
2.457934 0.811309
2.458593 0.811516
2.459252 0.811516
2.459911 0.811723
2.460571 0.811723
2.461230 0.811930
2.461889 0.812138
2.462548 0.812138
2.463208 0.812138
2.463867 0.812138
2.464526 0.812552
2.465185 0.812966
2.465845 0.813380
2.466504 0.813795
2.467163 0.814002
2.467822 0.814209
2.468482 0.814623
2.469141 0.815244
2.469800 0.815659
2.470459 0.815659
2.471119 0.815866
2.471778 0.816487
2.472437 0.816487
2.473096 0.816487
2.473756 0.817109
2.474415 0.817523
2.475074 0.817730
2.475733 0.817730
2.476393 0.817730
2.477052 0.817730
2.477711 0.817730
2.478370 0.818144
2.479030 0.818351
2.479689 0.818558
2.480348 0.818558
2.481007 0.818558
2.481667 0.818973
2.482326 0.819801
2.482985 0.819801
2.483644 0.819801
2.484304 0.820008
2.484963 0.820008
2.485622 0.820008
2.486281 0.820008
2.486941 0.820008
2.487600 0.820008
2.488259 0.820215
2.488918 0.820423
2.489578 0.820423
2.490237 0.820423
2.490896 0.820630
2.491556 0.820837
2.492215 0.820837
2.492874 0.820837
2.493533 0.820837
2.494193 0.820837
2.494852 0.820837
2.495511 0.820837
2.496170 0.821044
2.496830 0.821044
2.497489 0.821044
2.498148 0.821458
2.498807 0.821872
2.499467 0.822080
2.500126 0.822287
2.500785 0.822494
2.501444 0.822494
2.502104 0.822701
2.502763 0.822908
2.503422 0.823322
2.504081 0.823322
2.504741 0.823944
2.505400 0.824151
2.506059 0.824151
2.506718 0.824358
2.507378 0.824565
2.508037 0.824565
2.508696 0.824772
2.509355 0.824979
2.510015 0.825186
2.510674 0.825186
2.511333 0.825394
2.511992 0.825394
2.512652 0.825601
2.513311 0.826015
2.513970 0.826636
2.514629 0.826843
2.515289 0.826843
2.515948 0.826843
2.516607 0.827258
2.517266 0.827672
2.517926 0.827672
2.518585 0.828086
2.519244 0.828500
2.519903 0.828500
2.520563 0.828500
2.521222 0.828708
2.521881 0.828915
2.522540 0.829329
2.523200 0.829536
2.523859 0.829743
2.524518 0.829950
2.525177 0.830157
2.525837 0.830572
2.526496 0.830986
2.527155 0.831607
2.527815 0.831814
2.528474 0.832022
2.529133 0.832022
2.529792 0.832022
2.530452 0.832643
2.531111 0.832850
2.531770 0.833057
2.532429 0.833264
2.533089 0.833679
2.533748 0.833886
2.534407 0.834093
2.535066 0.834300
2.535726 0.834300
2.536385 0.834300
2.537044 0.834714
2.537703 0.834921
2.538363 0.835128
2.539022 0.835543
2.539681 0.835750
2.540340 0.835750
2.541000 0.836164
2.541659 0.836578
2.542318 0.836578
2.542977 0.836785
2.543637 0.836785
2.544296 0.836785
2.544955 0.836993
2.545614 0.836993
2.546274 0.836993
2.546933 0.836993
2.547592 0.836993
2.548251 0.837200
2.548911 0.837821
2.549570 0.837821
2.550229 0.838235
2.550888 0.838235
2.551548 0.838235
2.552207 0.838650
2.552866 0.839064
2.553525 0.839478
2.554185 0.839685
2.554844 0.839685
2.555503 0.839892
2.556162 0.839892
2.556822 0.839892
2.557481 0.839892
2.558140 0.839892
2.558799 0.840099
2.559459 0.840307
2.560118 0.840514
2.560777 0.840514
2.561436 0.840514
2.562096 0.840928
2.562755 0.841342
2.563414 0.841549
2.564074 0.841756
2.564733 0.842171
2.565392 0.842378
2.566051 0.842378
2.566711 0.842378
2.567370 0.842792
2.568029 0.843206
2.568688 0.843621
2.569348 0.843621
2.570007 0.844035
2.570666 0.844242
2.571325 0.844242
2.571985 0.844863
2.572644 0.844863
2.573303 0.845070
2.573962 0.845070
2.574622 0.845278
2.575281 0.845278
2.575940 0.845485
2.576599 0.845485
2.577259 0.845899
2.577918 0.846106
2.578577 0.846106
2.579236 0.846106
2.579896 0.846106
2.580555 0.846106
2.581214 0.846520
2.581873 0.846727
2.582533 0.846935
2.583192 0.847142
2.583851 0.847556
2.584510 0.848177
2.585170 0.848592
2.585829 0.848799
2.586488 0.848799
2.587147 0.849006
2.587807 0.849213
2.588466 0.849420
2.589125 0.849420
2.589784 0.849420
2.590444 0.849420
2.591103 0.849420
2.591762 0.849420
2.592421 0.849420
2.593081 0.849420
2.593740 0.849834
2.594399 0.849834
2.595058 0.850041
2.595718 0.850456
2.596377 0.850456
2.597036 0.850663
2.597695 0.851077
2.598355 0.851077
2.599014 0.851077
2.599673 0.851491
2.600333 0.851698
2.600992 0.851698
2.601651 0.851698
2.602310 0.852113
2.602970 0.852320
2.603629 0.852734
2.604288 0.852941
2.604947 0.852941
2.605607 0.853148
2.606266 0.853148
2.606925 0.853977
2.607584 0.854184
2.608244 0.854391
2.608903 0.854598
2.609562 0.854805
2.610221 0.855220
2.610881 0.855220
2.611540 0.855427
2.612199 0.855427
2.612858 0.855634
2.613518 0.855634
2.614177 0.855634
2.614836 0.855634
2.615495 0.856048
2.616155 0.856048
2.616814 0.856048
2.617473 0.856462
2.618132 0.856462
2.618792 0.856462
2.619451 0.856462
2.620110 0.856462
2.620769 0.856669
2.621429 0.856877
2.622088 0.856877
2.622747 0.857291
2.623406 0.857498
2.624066 0.857498
2.624725 0.857912
2.625384 0.857912
2.626043 0.857912
2.626703 0.858119
2.627362 0.858326
2.628021 0.858326
2.628680 0.858326
2.629340 0.858534
2.629999 0.858741
2.630658 0.858948
2.631317 0.858948
2.631977 0.859155
2.632636 0.859362
2.633295 0.859569
2.633954 0.859569
2.634614 0.859569
2.635273 0.859983
2.635932 0.860191
2.636592 0.860605
2.637251 0.860812
2.637910 0.860812
2.638569 0.860812
2.639229 0.860812
2.639888 0.861226
2.640547 0.861226
2.641206 0.861433
2.641866 0.861433
2.642525 0.861640
2.643184 0.861640
2.643843 0.861848
2.644503 0.861848
2.645162 0.862055
2.645821 0.862262
2.646480 0.862262
2.647140 0.862262
2.647799 0.862262
2.648458 0.862883
2.649117 0.862883
2.649777 0.863297
2.650436 0.863505
2.651095 0.863505
2.651754 0.863505
2.652414 0.863505
2.653073 0.863712
2.653732 0.864126
2.654391 0.864126
2.655051 0.864126
2.655710 0.864126
2.656369 0.864333
2.657028 0.864333
2.657688 0.864540
2.658347 0.864954
2.659006 0.865162
2.659665 0.865576
2.660325 0.865783
2.660984 0.865783
2.661643 0.865990
2.662302 0.865990
2.662962 0.865990
2.663621 0.865990
2.664280 0.865990
2.664939 0.865990
2.665599 0.866404
2.666258 0.866404
2.666917 0.866611
2.667576 0.867026
2.668236 0.867026
2.668895 0.867233
2.669554 0.867440
2.670213 0.867440
2.670873 0.867647
2.671532 0.867854
2.672191 0.868268
2.672851 0.868268
2.673510 0.868683
2.674169 0.868890
2.674828 0.868890
2.675488 0.869097
2.676147 0.869097
2.676806 0.869304
2.677465 0.869304
2.678125 0.869511
2.678784 0.869925
2.679443 0.870133
2.680102 0.870547
2.680762 0.870547
2.681421 0.870961
2.682080 0.870961
2.682739 0.871168
2.683399 0.871582
2.684058 0.871582
2.684717 0.871790
2.685376 0.871790
2.686036 0.871997
2.686695 0.872411
2.687354 0.872411
2.688013 0.872411
2.688673 0.872618
2.689332 0.872618
2.689991 0.872618
2.690650 0.872618
2.691310 0.872618
2.691969 0.872825
2.692628 0.872825
2.693287 0.872825
2.693947 0.873239
2.694606 0.873239
2.695265 0.873654
2.695924 0.873654
2.696584 0.873861
2.697243 0.874068
2.697902 0.874068
2.698561 0.874275
2.699221 0.874275
2.699880 0.874275
2.700539 0.874482
2.701198 0.874689
2.701858 0.874896
2.702517 0.874896
2.703176 0.874896
2.703835 0.874896
2.704495 0.875104
2.705154 0.875311
2.705813 0.875518
2.706472 0.875518
2.707132 0.875518
2.707791 0.875518
2.708450 0.875725
2.709110 0.876139
2.709769 0.876139
2.710428 0.876553
2.711087 0.876553
2.711747 0.876553
2.712406 0.876553
2.713065 0.876553
2.713724 0.876968
2.714384 0.876968
2.715043 0.876968
2.715702 0.877382
2.716361 0.877382
2.717021 0.877382
2.717680 0.877382
2.718339 0.877382
2.718998 0.877382
2.719658 0.877382
2.720317 0.877796
2.720976 0.877796
2.721635 0.878003
2.722295 0.878003
2.722954 0.878210
2.723613 0.878625
2.724272 0.878832
2.724932 0.879039
2.725591 0.879246
2.726250 0.879246
2.726909 0.879246
2.727569 0.879246
2.728228 0.879246
2.728887 0.879453
2.729546 0.879453
2.730206 0.879453
2.730865 0.879453
2.731524 0.879660
2.732183 0.879867
2.732843 0.879867
2.733502 0.880282
2.734161 0.880282
2.734820 0.880282
2.735480 0.880282
2.736139 0.880282
2.736798 0.880489
2.737457 0.880489
2.738117 0.880696
2.738776 0.880903
2.739435 0.881317
2.740094 0.881317
2.740754 0.881317
2.741413 0.881524
2.742072 0.881524
2.742731 0.881524
2.743391 0.881939
2.744050 0.882146
2.744709 0.882146
2.745369 0.882146
2.746028 0.882146
2.746687 0.882353
2.747346 0.882767
2.748006 0.882974
2.748665 0.883181
2.749324 0.883181
2.749983 0.883389
2.750643 0.883596
2.751302 0.883596
2.751961 0.883596
2.752620 0.883803
2.753280 0.883803
2.753939 0.883803
2.754598 0.883803
2.755257 0.883803
2.755917 0.883803
2.756576 0.883803
2.757235 0.884010
2.757894 0.884424
2.758554 0.884838
2.759213 0.885046
2.759872 0.885046
2.760531 0.885046
2.761191 0.885046
2.761850 0.885460
2.762509 0.885667
2.763168 0.885667
2.763828 0.885874
2.764487 0.885874
2.765146 0.885874
2.765805 0.886081
2.766465 0.886288
2.767124 0.886495
2.767783 0.886910
2.768442 0.887117
2.769102 0.887117
2.769761 0.887117
2.770420 0.887324
2.771079 0.887531
2.771739 0.887531
2.772398 0.887531
2.773057 0.887531
2.773716 0.887531
2.774376 0.887531
2.775035 0.887531
2.775694 0.887738
2.776353 0.887738
2.777013 0.887945
2.777672 0.887945
2.778331 0.887945
2.778991 0.888152
2.779650 0.888360
2.780309 0.888567
2.780968 0.888981
2.781628 0.888981
2.782287 0.889188
2.782946 0.889188
2.783605 0.889188
2.784265 0.889395
2.784924 0.890017
2.785583 0.890017
2.786242 0.890017
2.786902 0.890017
2.787561 0.890017
2.788220 0.890224
2.788879 0.890224
2.789539 0.890431
2.790198 0.890431
2.790857 0.890431
2.791516 0.890638
2.792176 0.890638
2.792835 0.890638
2.793494 0.890638
2.794153 0.890638
2.794813 0.890638
2.795472 0.890638
2.796131 0.890638
2.796790 0.890845
2.797450 0.890845
2.798109 0.890845
2.798768 0.890845
2.799427 0.891052
2.800087 0.891259
2.800746 0.891259
2.801405 0.891259
2.802064 0.891259
2.802724 0.891259
2.803383 0.891466
2.804042 0.891881
2.804701 0.891881
2.805361 0.892295
2.806020 0.892295
2.806679 0.892502
2.807338 0.892709
2.807998 0.892916
2.808657 0.892916
2.809316 0.893123
2.809975 0.893331
2.810635 0.893331
2.811294 0.893331
2.811953 0.893538
2.812612 0.893745
2.813272 0.893745
2.813931 0.893745
2.814590 0.893745
2.815250 0.893952
2.815909 0.893952
2.816568 0.893952
2.817227 0.894159
2.817887 0.894159
2.818546 0.894159
2.819205 0.894366
2.819864 0.894573
2.820524 0.894780
2.821183 0.894988
2.821842 0.894988
2.822501 0.895402
2.823161 0.895402
2.823820 0.895609
2.824479 0.895609
2.825138 0.896023
2.825798 0.896023
2.826457 0.896023
2.827116 0.896230
2.827775 0.896230
2.828435 0.896437
2.829094 0.896645
2.829753 0.896645
2.830412 0.896645
2.831072 0.896645
2.831731 0.896645
2.832390 0.896852
2.833049 0.896852
2.833709 0.896852
2.834368 0.897266
2.835027 0.897266
2.835686 0.897680
2.836346 0.898094
2.837005 0.898302
2.837664 0.898509
2.838323 0.898923
2.838983 0.898923
2.839642 0.899130
2.840301 0.899337
2.840960 0.899751
2.841620 0.899751
2.842279 0.899751
2.842938 0.899751
2.843597 0.899751
2.844257 0.899959
2.844916 0.899959
2.845575 0.900166
2.846234 0.900373
2.846894 0.900373
2.847553 0.900373
2.848212 0.900373
2.848871 0.900373
2.849531 0.900373
2.850190 0.900580
2.850849 0.900787
2.851509 0.900994
2.852168 0.900994
2.852827 0.900994
2.853486 0.901201
2.854146 0.901408
2.854805 0.901408
2.855464 0.901408
2.856123 0.901408
2.856783 0.901408
2.857442 0.901408
2.858101 0.901408
2.858760 0.901408
2.859420 0.901616
2.860079 0.901616
2.860738 0.901616
2.861397 0.901823
2.862057 0.901823
2.862716 0.901823
2.863375 0.902030
2.864034 0.902237
2.864694 0.902444
2.865353 0.902651
2.866012 0.902651
2.866671 0.902651
2.867331 0.902858
2.867990 0.902858
2.868649 0.902858
2.869308 0.902858
2.869968 0.902858
2.870627 0.902858
2.871286 0.903065
2.871945 0.903273
2.872605 0.903273
2.873264 0.903480
2.873923 0.903480
2.874582 0.903480
2.875242 0.903687
2.875901 0.903894
2.876560 0.903894
2.877219 0.903894
2.877879 0.904101
2.878538 0.904308
2.879197 0.904308
2.879856 0.904515
2.880516 0.904515
2.881175 0.904930
2.881834 0.905137
2.882493 0.905551
2.883153 0.905551
2.883812 0.905758
2.884471 0.905758
2.885130 0.905758
2.885790 0.905758
2.886449 0.905758
2.887108 0.905965
2.887768 0.906172
2.888427 0.906172
2.889086 0.906172
2.889745 0.906172
2.890405 0.906172
2.891064 0.906379
2.891723 0.906379
2.892382 0.906379
2.893042 0.906379
2.893701 0.906379
2.894360 0.906379
2.895019 0.906379
2.895679 0.906587
2.896338 0.906794
2.896997 0.906794
2.897656 0.906794
2.898316 0.907001
2.898975 0.907001
2.899634 0.907001
2.900293 0.907208
2.900953 0.907208
2.901612 0.907208
2.902271 0.907415
2.902930 0.907622
2.903590 0.907622
2.904249 0.907829
2.904908 0.908036
2.905567 0.908244
2.906227 0.908244
2.906886 0.908451
2.907545 0.909072
2.908204 0.909072
2.908864 0.909279
2.909523 0.909279
2.910182 0.909279
2.910841 0.909486
2.911501 0.909486
2.912160 0.909693
2.912819 0.909693
2.913478 0.909693
2.914138 0.909693
2.914797 0.909693
2.915456 0.909693
2.916115 0.909693
2.916775 0.909901
2.917434 0.909901
2.918093 0.909901
2.918752 0.909901
2.919412 0.909901
2.920071 0.909901
2.920730 0.910108
2.921389 0.910108
2.922049 0.910108
2.922708 0.910108
2.923367 0.910108
2.924027 0.910108
2.924686 0.910108
2.925345 0.910108
2.926004 0.910108
2.926664 0.910315
2.927323 0.910315
2.927982 0.910315
2.928641 0.910315
2.929301 0.910729
2.929960 0.910729
2.930619 0.910729
2.931278 0.910729
2.931938 0.910729
2.932597 0.910729
2.933256 0.910936
2.933915 0.910936
2.934575 0.911143
2.935234 0.911143
2.935893 0.911143
2.936552 0.911350
2.937212 0.911350
2.937871 0.911558
2.938530 0.911765
2.939189 0.911972
2.939849 0.911972
2.940508 0.911972
2.941167 0.911972
2.941826 0.911972
2.942486 0.911972
2.943145 0.912179
2.943804 0.912179
2.944463 0.912179
2.945123 0.912386
2.945782 0.912593
2.946441 0.912800
2.947100 0.912800
2.947760 0.912800
2.948419 0.912800
2.949078 0.912800
2.949737 0.913007
2.950397 0.913007
2.951056 0.913422
2.951715 0.913422
2.952374 0.913629
2.953034 0.913836
2.953693 0.914043
2.954352 0.914043
2.955011 0.914043
2.955671 0.914043
2.956330 0.914250
2.956989 0.914250
2.957648 0.914250
2.958308 0.914250
2.958967 0.914250
2.959626 0.914250
2.960286 0.914250
2.960945 0.914250
2.961604 0.914457
2.962263 0.914457
2.962923 0.914872
2.963582 0.914872
2.964241 0.914872
2.964900 0.914872
2.965560 0.914872
2.966219 0.914872
2.966878 0.914872
2.967537 0.914872
2.968197 0.915079
2.968856 0.915079
2.969515 0.915286
2.970174 0.915493
2.970834 0.915907
2.971493 0.916321
2.972152 0.916321
2.972811 0.916321
2.973471 0.916529
2.974130 0.916736
2.974789 0.916736
2.975448 0.916736
2.976108 0.916736
2.976767 0.916943
2.977426 0.916943
2.978085 0.916943
2.978745 0.917150
2.979404 0.917150
2.980063 0.917357
2.980722 0.917357
2.981382 0.917564
2.982041 0.917564
2.982700 0.917564
2.983359 0.917564
2.984019 0.917564
2.984678 0.917771
2.985337 0.917978
2.985996 0.917978
2.986656 0.918393
2.987315 0.918393
2.987974 0.918393
2.988633 0.918600
2.989293 0.918600
2.989952 0.918600
2.990611 0.918600
2.991270 0.918807
2.991930 0.919014
2.992589 0.919014
2.993248 0.919221
2.993907 0.919221
2.994567 0.919221
2.995226 0.919428
2.995885 0.919635
2.996545 0.919635
2.997204 0.919843
2.997863 0.919843
2.998522 0.920050
2.999182 0.920050
2.999841 0.920464
3.000500 0.920464
3.001159 0.920671
3.001819 0.920878
3.002478 0.920878
3.003137 0.921085
3.003796 0.921085
3.004456 0.921085
3.005115 0.921500
3.005774 0.921707
3.006433 0.921707
3.007093 0.921707
3.007752 0.921914
3.008411 0.922121
3.009070 0.922121
3.009730 0.922328
3.010389 0.922328
3.011048 0.922742
3.011707 0.922742
3.012367 0.922742
3.013026 0.922742
3.013685 0.922949
3.014344 0.923157
3.015004 0.923364
3.015663 0.923364
3.016322 0.923571
3.016981 0.923778
3.017641 0.923778
3.018300 0.923985
3.018959 0.923985
3.019618 0.924192
3.020278 0.924192
3.020937 0.924399
3.021596 0.924399
3.022255 0.924606
3.022915 0.924606
3.023574 0.924606
3.024233 0.924814
3.024892 0.925228
3.025552 0.925435
3.026211 0.925642
3.026870 0.925642
3.027529 0.925642
3.028189 0.925642
3.028848 0.925849
3.029507 0.925849
3.030166 0.925849
3.030826 0.925849
3.031485 0.926056
3.032144 0.926056
3.032804 0.926056
3.033463 0.926056
3.034122 0.926263
3.034781 0.926471
3.035441 0.926471
3.036100 0.926678
3.036759 0.926678
3.037418 0.926678
3.038078 0.926678
3.038737 0.926678
3.039396 0.926678
3.040055 0.926678
3.040715 0.926678
3.041374 0.926678
3.042033 0.926678
3.042692 0.926678
3.043352 0.926678
3.044011 0.926678
3.044670 0.926678
3.045329 0.926678
3.045989 0.926678
3.046648 0.926678
3.047307 0.926885
3.047966 0.926885
3.048626 0.926885
3.049285 0.926885
3.049944 0.926885
3.050603 0.926885
3.051263 0.926885
3.051922 0.926885
3.052581 0.926885
3.053240 0.926885
3.053900 0.926885
3.054559 0.927299
3.055218 0.927299
3.055877 0.927299
3.056537 0.927299
3.057196 0.927299
3.057855 0.927299
3.058514 0.927299
3.059174 0.927506
3.059833 0.927506
3.060492 0.927506
3.061151 0.927713
3.061811 0.927713
3.062470 0.927713
3.063129 0.927713
3.063788 0.927713
3.064448 0.927920
3.065107 0.927920
3.065766 0.927920
3.066425 0.928128
3.067085 0.928335
3.067744 0.928335
3.068403 0.928542
3.069063 0.928542
3.069722 0.928542
3.070381 0.928542
3.071040 0.928542
3.071700 0.928749
3.072359 0.928749
3.073018 0.928749
3.073677 0.928749
3.074337 0.928956
3.074996 0.928956
3.075655 0.928956
3.076314 0.928956
3.076974 0.928956
3.077633 0.928956
3.078292 0.928956
3.078951 0.929163
3.079611 0.929163
3.080270 0.929163
3.080929 0.929163
3.081588 0.929163
3.082248 0.929163
3.082907 0.929370
3.083566 0.929370
3.084225 0.929370
3.084885 0.929370
3.085544 0.929370
3.086203 0.929370
3.086862 0.929370
3.087522 0.929577
3.088181 0.929785
3.088840 0.929785
3.089499 0.929785
3.090159 0.929785
3.090818 0.929785
3.091477 0.929785
3.092136 0.929992
3.092796 0.929992
3.093455 0.929992
3.094114 0.930199
3.094773 0.930199
3.095433 0.930199
3.096092 0.930406
3.096751 0.930406
3.097410 0.930613
3.098070 0.930613
3.098729 0.930613
3.099388 0.930820
3.100047 0.930820
3.100707 0.930820
3.101366 0.931234
3.102025 0.931442
3.102685 0.931442
3.103344 0.931442
3.104003 0.931442
3.104662 0.931649
3.105322 0.931649
3.105981 0.932063
3.106640 0.932270
3.107299 0.932270
3.107959 0.932270
3.108618 0.932270
3.109277 0.932270
3.109936 0.932684
3.110596 0.932684
3.111255 0.932891
3.111914 0.932891
3.112573 0.933099
3.113233 0.933099
3.113892 0.933099
3.114551 0.933306
3.115210 0.933306
3.115870 0.933306
3.116529 0.933306
3.117188 0.933306
3.117847 0.933306
3.118507 0.933306
3.119166 0.933306
3.119825 0.933306
3.120484 0.933720
3.121144 0.933720
3.121803 0.933720
3.122462 0.933927
3.123121 0.933927
3.123781 0.933927
3.124440 0.933927
3.125099 0.933927
3.125758 0.934341
3.126418 0.934341
3.127077 0.934341
3.127736 0.934341
3.128395 0.934341
3.129055 0.934341
3.129714 0.934341
3.130373 0.934341
3.131032 0.934341
3.131692 0.934548
3.132351 0.934548
3.133010 0.934548
3.133669 0.934963
3.134329 0.935170
3.134988 0.935170
3.135647 0.935170
3.136306 0.935170
3.136966 0.935170
3.137625 0.935170
3.138284 0.935170
3.138944 0.935170
3.139603 0.935170
3.140262 0.935170
3.140921 0.935170
3.141581 0.935377
3.142240 0.935377
3.142899 0.935377
3.143558 0.935584
3.144218 0.935584
3.144877 0.935791
3.145536 0.936413
3.146195 0.936413
3.146855 0.936413
3.147514 0.936620
3.148173 0.937034
3.148832 0.937034
3.149492 0.937241
3.150151 0.937241
3.150810 0.937448
3.151469 0.937448
3.152129 0.937655
3.152788 0.937655
3.153447 0.938070
3.154106 0.938070
3.154766 0.938070
3.155425 0.938277
3.156084 0.938277
3.156743 0.938277
3.157403 0.938484
3.158062 0.938484
3.158721 0.938691
3.159380 0.938691
3.160040 0.938691
3.160699 0.938691
3.161358 0.938691
3.162017 0.938691
3.162677 0.938898
3.163336 0.938898
3.163995 0.938898
3.164654 0.938898
3.165314 0.938898
3.165973 0.938898
3.166632 0.939105
3.167291 0.939312
3.167951 0.939312
3.168610 0.939312
3.169269 0.939312
3.169928 0.939519
3.170588 0.939519
3.171247 0.939519
3.171906 0.939519
3.172565 0.939519
3.173225 0.939519
3.173884 0.939519
3.174543 0.939519
3.175203 0.939519
3.175862 0.939727
3.176521 0.939934
3.177180 0.939934
3.177840 0.940141
3.178499 0.940141
3.179158 0.940141
3.179817 0.940555
3.180477 0.940555
3.181136 0.940555
3.181795 0.940555
3.182454 0.940555
3.183114 0.940555
3.183773 0.940555
3.184432 0.940555
3.185091 0.940555
3.185751 0.940555
3.186410 0.940555
3.187069 0.940555
3.187728 0.940555
3.188388 0.940762
3.189047 0.940762
3.189706 0.940762
3.190365 0.940762
3.191025 0.940762
3.191684 0.940762
3.192343 0.941176
3.193002 0.941176
3.193662 0.941384
3.194321 0.941591
3.194980 0.941798
3.195639 0.941798
3.196299 0.942005
3.196958 0.942005
3.197617 0.942005
3.198276 0.942005
3.198936 0.942005
3.199595 0.942005
3.200254 0.942005
3.200913 0.942212
3.201573 0.942212
3.202232 0.942833
3.202891 0.942833
3.203550 0.943041
3.204210 0.943041
3.204869 0.943248
3.205528 0.943455
3.206187 0.943662
3.206847 0.943662
3.207506 0.943869
3.208165 0.943869
3.208824 0.943869
3.209484 0.943869
3.210143 0.943869
3.210802 0.943869
3.211462 0.944076
3.212121 0.944076
3.212780 0.944283
3.213439 0.944283
3.214099 0.944283
3.214758 0.944490
3.215417 0.944698
3.216076 0.944698
3.216736 0.944698
3.217395 0.944698
3.218054 0.944698
3.218713 0.944698
3.219373 0.944698
3.220032 0.945112
3.220691 0.945112
3.221350 0.945112
3.222010 0.945112
3.222669 0.945112
3.223328 0.945319
3.223987 0.945319
3.224647 0.945319
3.225306 0.945319
3.225965 0.945526
3.226624 0.945526
3.227284 0.945526
3.227943 0.945733
3.228602 0.945733
3.229261 0.945733
3.229921 0.945733
3.230580 0.945733
3.231239 0.945733
3.231898 0.945733
3.232558 0.945733
3.233217 0.945733
3.233876 0.945733
3.234535 0.945733
3.235195 0.945733
3.235854 0.945733
3.236513 0.945733
3.237172 0.945733
3.237832 0.945733
3.238491 0.945733
3.239150 0.945733
3.239809 0.945733
3.240469 0.945733
3.241128 0.945733
3.241787 0.945733
3.242446 0.945733
3.243106 0.945940
3.243765 0.946147
3.244424 0.946147
3.245083 0.946147
3.245743 0.946355
3.246402 0.946355
3.247061 0.946769
3.247721 0.946769
3.248380 0.946976
3.249039 0.946976
3.249698 0.946976
3.250358 0.946976
3.251017 0.946976
3.251676 0.946976
3.252335 0.946976
3.252995 0.947183
3.253654 0.947390
3.254313 0.947390
3.254972 0.947390
3.255632 0.947390
3.256291 0.947597
3.256950 0.947597
3.257609 0.947597
3.258269 0.947597
3.258928 0.947597
3.259587 0.947804
3.260246 0.947804
3.260906 0.948012
3.261565 0.948426
3.262224 0.948426
3.262883 0.948633
3.263543 0.948633
3.264202 0.948840
3.264861 0.949047
3.265520 0.949047
3.266180 0.949047
3.266839 0.949047
3.267498 0.949047
3.268157 0.949254
3.268817 0.949254
3.269476 0.949254
3.270135 0.949254
3.270794 0.949254
3.271454 0.949254
3.272113 0.949254
3.272772 0.949254
3.273431 0.949254
3.274091 0.949254
3.274750 0.949669
3.275409 0.949876
3.276068 0.949876
3.276728 0.950083
3.277387 0.950083
3.278046 0.950083
3.278705 0.950083
3.279365 0.950083
3.280024 0.950083
3.280683 0.950083
3.281342 0.950083
3.282002 0.950083
3.282661 0.950083
3.283320 0.950083
3.283980 0.950083
3.284639 0.950083
3.285298 0.950083
3.285957 0.950083
3.286617 0.950290
3.287276 0.950290
3.287935 0.950290
3.288594 0.950290
3.289254 0.950290
3.289913 0.950290
3.290572 0.950290
3.291231 0.950290
3.291891 0.950290
3.292550 0.950290
3.293209 0.950290
3.293868 0.950290
3.294528 0.950290
3.295187 0.950290
3.295846 0.950290
3.296505 0.950290
3.297165 0.950290
3.297824 0.950290
3.298483 0.950290
3.299142 0.950290
3.299802 0.950704
3.300461 0.950704
3.301120 0.950704
3.301779 0.950704
3.302439 0.950704
3.303098 0.950704
3.303757 0.950704
3.304416 0.950704
3.305076 0.950704
3.305735 0.950704
3.306394 0.950704
3.307053 0.950704
3.307713 0.950704
3.308372 0.950704
3.309031 0.950704
3.309690 0.950704
3.310350 0.950704
3.311009 0.950911
3.311668 0.950911
3.312327 0.951326
3.312987 0.951326
3.313646 0.951326
3.314305 0.951533
3.314964 0.951533
3.315624 0.951740
3.316283 0.951740
3.316942 0.951740
3.317601 0.951740
3.318261 0.951740
3.318920 0.951740
3.319579 0.951740
3.320239 0.951740
3.320898 0.951740
3.321557 0.951947
3.322216 0.951947
3.322876 0.951947
3.323535 0.951947
3.324194 0.951947
3.324853 0.951947
3.325513 0.951947
3.326172 0.951947
3.326831 0.951947
3.327490 0.952154
3.328150 0.952154
3.328809 0.952154
3.329468 0.952154
3.330127 0.952154
3.330787 0.952361
3.331446 0.952361
3.332105 0.952361
3.332764 0.952361
3.333424 0.952361
3.334083 0.952361
3.334742 0.952361
3.335401 0.952361
3.336061 0.952361
3.336720 0.952361
3.337379 0.952361
3.338038 0.952361
3.338698 0.952568
3.339357 0.952568
3.340016 0.952568
3.340675 0.952568
3.341335 0.952568
3.341994 0.952568
3.342653 0.952568
3.343312 0.952568
3.343972 0.952568
3.344631 0.952983
3.345290 0.952983
3.345949 0.953190
3.346609 0.953190
3.347268 0.953190
3.347927 0.953190
3.348586 0.953190
3.349246 0.953190
3.349905 0.953190
3.350564 0.953190
3.351223 0.953397
3.351883 0.953397
3.352542 0.953397
3.353201 0.953397
3.353860 0.953811
3.354520 0.953811
3.355179 0.953811
3.355838 0.953811
3.356498 0.954018
3.357157 0.954018
3.357816 0.954225
3.358475 0.954225
3.359135 0.954225
3.359794 0.954225
3.360453 0.954225
3.361112 0.954225
3.361772 0.954225
3.362431 0.954225
3.363090 0.954225
3.363749 0.954225
3.364409 0.954225
3.365068 0.954225
3.365727 0.954225
3.366386 0.954225
3.367046 0.954225
3.367705 0.954225
3.368364 0.954432
3.369023 0.954432
3.369683 0.954432
3.370342 0.954432
3.371001 0.954432
3.371660 0.954432
3.372320 0.954432
3.372979 0.954432
3.373638 0.954640
3.374297 0.954640
3.374957 0.954847
3.375616 0.954847
3.376275 0.954847
3.376934 0.955054
3.377594 0.955054
3.378253 0.955054
3.378912 0.955054
3.379571 0.955054
3.380231 0.955054
3.380890 0.955261
3.381549 0.955261
3.382208 0.955261
3.382868 0.955261
3.383527 0.955261
3.384186 0.955261
3.384845 0.955261
3.385505 0.955261
3.386164 0.955261
3.386823 0.955261
3.387482 0.955468
3.388142 0.955675
3.388801 0.955675
3.389460 0.955882
3.390120 0.955882
3.390779 0.955882
3.391438 0.955882
3.392097 0.955882
3.392757 0.955882
3.393416 0.955882
3.394075 0.955882
3.394734 0.955882
3.395394 0.955882
3.396053 0.955882
3.396712 0.955882
3.397371 0.955882
3.398031 0.955882
3.398690 0.956089
3.399349 0.956089
3.400008 0.956089
3.400668 0.956297
3.401327 0.956297
3.401986 0.956297
3.402645 0.956297
3.403305 0.956297
3.403964 0.956297
3.404623 0.956504
3.405282 0.956504
3.405942 0.956711
3.406601 0.956918
3.407260 0.956918
3.407919 0.956918
3.408579 0.956918
3.409238 0.956918
3.409897 0.956918
3.410556 0.956918
3.411216 0.956918
3.411875 0.956918
3.412534 0.956918
3.413193 0.956918
3.413853 0.956918
3.414512 0.956918
3.415171 0.956918
3.415830 0.956918
3.416490 0.956918
3.417149 0.956918
3.417808 0.956918
3.418467 0.956918
3.419127 0.956918
3.419786 0.956918
3.420445 0.956918
3.421104 0.957125
3.421764 0.957125
3.422423 0.957125
3.423082 0.957332
3.423741 0.957332
3.424401 0.957539
3.425060 0.957539
3.425719 0.957746
3.426379 0.957746
3.427038 0.957746
3.427697 0.957746
3.428356 0.957746
3.429016 0.957746
3.429675 0.957746
3.430334 0.957746
3.430993 0.957746
3.431653 0.957746
3.432312 0.957954
3.432971 0.957954
3.433630 0.957954
3.434290 0.957954
3.434949 0.957954
3.435608 0.957954
3.436267 0.957954
3.436927 0.957954
3.437586 0.957954
3.438245 0.958161
3.438904 0.958161
3.439564 0.958161
3.440223 0.958161
3.440882 0.958161
3.441541 0.958161
3.442201 0.958161
3.442860 0.958161
3.443519 0.958575
3.444178 0.958575
3.444838 0.958575
3.445497 0.958575
3.446156 0.958575
3.446815 0.958575
3.447475 0.958575
3.448134 0.958575
3.448793 0.958575
3.449452 0.958575
3.450112 0.958575
3.450771 0.958575
3.451430 0.958575
3.452089 0.958575
3.452749 0.958575
3.453408 0.958575
3.454067 0.958782
3.454726 0.958782
3.455386 0.958782
3.456045 0.958989
3.456704 0.958989
3.457363 0.958989
3.458023 0.958989
3.458682 0.958989
3.459341 0.958989
3.460000 0.958989
3.460660 0.958989
3.461319 0.959196
3.461978 0.959196
3.462638 0.959196
3.463297 0.959196
3.463956 0.959196
3.464615 0.959196
3.465275 0.959196
3.465934 0.959403
3.466593 0.959403
3.467252 0.959403
3.467912 0.959403
3.468571 0.959403
3.469230 0.959403
3.469889 0.959403
3.470549 0.959403
3.471208 0.959403
3.471867 0.959403
3.472526 0.959403
3.473186 0.959611
3.473845 0.959611
3.474504 0.959611
3.475163 0.959611
3.475823 0.959611
3.476482 0.959611
3.477141 0.959611
3.477800 0.959611
3.478460 0.959611
3.479119 0.959611
3.479778 0.959611
3.480437 0.959611
3.481097 0.959611
3.481756 0.959611
3.482415 0.959611
3.483074 0.959611
3.483734 0.959611
3.484393 0.959611
3.485052 0.959611
3.485711 0.959611
3.486371 0.959611
3.487030 0.959818
3.487689 0.959818
3.488348 0.960025
3.489008 0.960025
3.489667 0.960025
3.490326 0.960025
3.490985 0.960025
3.491645 0.960232
3.492304 0.960232
3.492963 0.960232
3.493622 0.960232
3.494282 0.960232
3.494941 0.960232
3.495600 0.960232
3.496259 0.960232
3.496919 0.960232
3.497578 0.960232
3.498237 0.960232
3.498897 0.960439
3.499556 0.960439
3.500215 0.960439
3.500874 0.960439
3.501534 0.960439
3.502193 0.960646
3.502852 0.960646
3.503511 0.960646
3.504171 0.960646
3.504830 0.960646
3.505489 0.960646
3.506148 0.960646
3.506808 0.960646
3.507467 0.960853
3.508126 0.960853
3.508785 0.960853
3.509445 0.961060
3.510104 0.961060
3.510763 0.961060
3.511422 0.961060
3.512082 0.961060
3.512741 0.961060
3.513400 0.961060
3.514059 0.961060
3.514719 0.961060
3.515378 0.961060
3.516037 0.961060
3.516696 0.961060
3.517356 0.961060
3.518015 0.961060
3.518674 0.961060
3.519333 0.961060
3.519993 0.961060
3.520652 0.961060
3.521311 0.961060
3.521970 0.961060
3.522630 0.961060
3.523289 0.961060
3.523948 0.961060
3.524607 0.961060
3.525267 0.961060
3.525926 0.961268
3.526585 0.961268
3.527244 0.961268
3.527904 0.961268
3.528563 0.961475
3.529222 0.961475
3.529881 0.961475
3.530541 0.961475
3.531200 0.961475
3.531859 0.961475
3.532518 0.961475
3.533178 0.961475
3.533837 0.961475
3.534496 0.961475
3.535156 0.961475
3.535815 0.961475
3.536474 0.961475
3.537133 0.961682
3.537793 0.961682
3.538452 0.961682
3.539111 0.961682
3.539770 0.961889
3.540430 0.962096
3.541089 0.962303
3.541748 0.962303
3.542407 0.962303
3.543067 0.962303
3.543726 0.962303
3.544385 0.962303
3.545044 0.962303
3.545704 0.962303
3.546363 0.962303
3.547022 0.962303
3.547681 0.962303
3.548341 0.962303
3.549000 0.962303
3.549659 0.962303
3.550318 0.962303
3.550978 0.962303
3.551637 0.962510
3.552296 0.962510
3.552955 0.962717
3.553615 0.962717
3.554274 0.962717
3.554933 0.962717
3.555592 0.962925
3.556252 0.962925
3.556911 0.962925
3.557570 0.962925
3.558229 0.962925
3.558889 0.962925
3.559548 0.962925
3.560207 0.962925
3.560866 0.963132
3.561526 0.963132
3.562185 0.963132
3.562844 0.963339
3.563503 0.963339
3.564163 0.963339
3.564822 0.963339
3.565481 0.963339
3.566140 0.963339
3.566800 0.963339
3.567459 0.963339
3.568118 0.963339
3.568777 0.963546
3.569437 0.963546
3.570096 0.963546
3.570755 0.963546
3.571415 0.963546
3.572074 0.963546
3.572733 0.963546
3.573392 0.963753
3.574052 0.963753
3.574711 0.963960
3.575370 0.963960
3.576029 0.963960
3.576689 0.963960
3.577348 0.963960
3.578007 0.964374
3.578666 0.964374
3.579326 0.964374
3.579985 0.964374
3.580644 0.964374
3.581303 0.964374
3.581963 0.964582
3.582622 0.964582
3.583281 0.964582
3.583940 0.964582
3.584600 0.964582
3.585259 0.964582
3.585918 0.964582
3.586577 0.964582
3.587237 0.964582
3.587896 0.964582
3.588555 0.964582
3.589214 0.964789
3.589874 0.964789
3.590533 0.964996
3.591192 0.964996
3.591851 0.964996
3.592511 0.965203
3.593170 0.965203
3.593829 0.965203
3.594488 0.965203
3.595148 0.965203
3.595807 0.965203
3.596466 0.965203
3.597125 0.965203
3.597785 0.965203
3.598444 0.965203
3.599103 0.965203
3.599762 0.965203
3.600422 0.965203
3.601081 0.965203
3.601740 0.965203
3.602399 0.965203
3.603059 0.965410
3.603718 0.965410
3.604377 0.965410
3.605036 0.965617
3.605696 0.965824
3.606355 0.965824
3.607014 0.965824
3.607674 0.965824
3.608333 0.965824
3.608992 0.965824
3.609651 0.965824
3.610311 0.965824
3.610970 0.966031
3.611629 0.966031
3.612288 0.966031
3.612948 0.966031
3.613607 0.966031
3.614266 0.966031
3.614925 0.966031
3.615585 0.966239
3.616244 0.966239
3.616903 0.966239
3.617562 0.966239
3.618222 0.966446
3.618881 0.966446
3.619540 0.966653
3.620199 0.966653
3.620859 0.966653
3.621518 0.966653
3.622177 0.966653
3.622836 0.966653
3.623496 0.966653
3.624155 0.966653
3.624814 0.966653
3.625473 0.966653
3.626133 0.966653
3.626792 0.966653
3.627451 0.966653
3.628110 0.966653
3.628770 0.966653
3.629429 0.966653
3.630088 0.966653
3.630747 0.966860
3.631407 0.966860
3.632066 0.966860
3.632725 0.966860
3.633384 0.966860
3.634044 0.966860
3.634703 0.966860
3.635362 0.967067
3.636021 0.967067
3.636681 0.967067
3.637340 0.967067
3.637999 0.967067
3.638658 0.967067
3.639318 0.967067
3.639977 0.967067
3.640636 0.967067
3.641295 0.967067
3.641955 0.967067
3.642614 0.967067
3.643273 0.967067
3.643933 0.967067
3.644592 0.967067
3.645251 0.967067
3.645910 0.967067
3.646570 0.967274
3.647229 0.967274
3.647888 0.967481
3.648547 0.967481
3.649207 0.967481
3.649866 0.967481
3.650525 0.967481
3.651184 0.967481
3.651844 0.967688
3.652503 0.967688
3.653162 0.967688
3.653821 0.967688
3.654481 0.967688
3.655140 0.967688
3.655799 0.967688
3.656458 0.967688
3.657118 0.967688
3.657777 0.967688
3.658436 0.967688
3.659095 0.967688
3.659755 0.967688
3.660414 0.967896
3.661073 0.967896
3.661732 0.968103
3.662392 0.968103
3.663051 0.968103
3.663710 0.968103
3.664369 0.968103
3.665029 0.968310
3.665688 0.968310
3.666347 0.968310
3.667006 0.968310
3.667666 0.968310
3.668325 0.968310
3.668984 0.968310
3.669643 0.968310
3.670303 0.968517
3.670962 0.968517
3.671621 0.968724
3.672280 0.968724
3.672940 0.968724
3.673599 0.968724
3.674258 0.968724
3.674917 0.968724
3.675577 0.968724
3.676236 0.968724
3.676895 0.968724
3.677554 0.968724
3.678214 0.968724
3.678873 0.968724
3.679532 0.968724
3.680192 0.968724
3.680851 0.968931
3.681510 0.968931
3.682169 0.968931
3.682829 0.968931
3.683488 0.969138
3.684147 0.969138
3.684806 0.969345
3.685466 0.969345
3.686125 0.969345
3.686784 0.969345
3.687443 0.969553
3.688103 0.969553
3.688762 0.969553
3.689421 0.969553
3.690080 0.969553
3.690740 0.969553
3.691399 0.969553
3.692058 0.969553
3.692717 0.969553
3.693377 0.969553
3.694036 0.969553
3.694695 0.969553
3.695354 0.969553
3.696014 0.969553
3.696673 0.969553
3.697332 0.969553
3.697991 0.969553
3.698651 0.969760
3.699310 0.969760
3.699969 0.969760
3.700628 0.969760
3.701288 0.969760
3.701947 0.969760
3.702606 0.969760
3.703265 0.969760
3.703925 0.969760
3.704584 0.969760
3.705243 0.969760
3.705902 0.969760
3.706562 0.969760
3.707221 0.969760
3.707880 0.969760
3.708539 0.969760
3.709199 0.969760
3.709858 0.969760
3.710517 0.969760
3.711176 0.969967
3.711836 0.969967
3.712495 0.969967
3.713154 0.970174
3.713814 0.970174
3.714473 0.970381
3.715132 0.970381
3.715791 0.970381
3.716451 0.970381
3.717110 0.970381
3.717769 0.970381
3.718428 0.970795
3.719088 0.971002
3.719747 0.971210
3.720406 0.971210
3.721065 0.971210
3.721725 0.971417
3.722384 0.971624
3.723043 0.971624
3.723702 0.971624
3.724362 0.971624
3.725021 0.971624
3.725680 0.971624
3.726339 0.971624
3.726999 0.971624
3.727658 0.971624
3.728317 0.971624
3.728976 0.971624
3.729636 0.971624
3.730295 0.971624
3.730954 0.971831
3.731613 0.971831
3.732273 0.971831
3.732932 0.972038
3.733591 0.972038
3.734250 0.972038
3.734910 0.972038
3.735569 0.972038
3.736228 0.972038
3.736887 0.972038
3.737547 0.972038
3.738206 0.972038
3.738865 0.972038
3.739524 0.972038
3.740184 0.972038
3.740843 0.972038
3.741502 0.972038
3.742161 0.972038
3.742821 0.972038
3.743480 0.972038
3.744139 0.972038
3.744798 0.972038
3.745458 0.972038
3.746117 0.972038
3.746776 0.972038
3.747435 0.972038
3.748095 0.972038
3.748754 0.972038
3.749413 0.972038
3.750073 0.972038
3.750732 0.972038
3.751391 0.972038
3.752050 0.972038
3.752710 0.972245
3.753369 0.972245
3.754028 0.972245
3.754687 0.972245
3.755347 0.972452
3.756006 0.972452
3.756665 0.972452
3.757324 0.972452
3.757984 0.972452
3.758643 0.972452
3.759302 0.972452
3.759961 0.972452
3.760621 0.972452
3.761280 0.972452
3.761939 0.972452
3.762598 0.972659
3.763258 0.972659
3.763917 0.972659
3.764576 0.972659
3.765235 0.972659
3.765895 0.972659
3.766554 0.972659
3.767213 0.972659
3.767872 0.972867
3.768532 0.972867
3.769191 0.972867
3.769850 0.972867
3.770509 0.972867
3.771169 0.972867
3.771828 0.972867
3.772487 0.972867
3.773146 0.972867
3.773806 0.972867
3.774465 0.973074
3.775124 0.973074
3.775783 0.973074
3.776443 0.973074
3.777102 0.973074
3.777761 0.973074
3.778420 0.973074
3.779080 0.973074
3.779739 0.973281
3.780398 0.973281
3.781057 0.973281
3.781717 0.973281
3.782376 0.973281
3.783035 0.973281
3.783694 0.973281
3.784354 0.973281
3.785013 0.973281
3.785672 0.973281
3.786332 0.973281
3.786991 0.973281
3.787650 0.973281
3.788309 0.973281
3.788969 0.973281
3.789628 0.973281
3.790287 0.973281
3.790946 0.973488
3.791606 0.973488
3.792265 0.973488
3.792924 0.973488
3.793583 0.973488
3.794243 0.973488
3.794902 0.973488
3.795561 0.973695
3.796220 0.973695
3.796880 0.973695
3.797539 0.973695
3.798198 0.973695
3.798857 0.973695
3.799517 0.973695
3.800176 0.973695
3.800835 0.973695
3.801494 0.973695
3.802154 0.973695
3.802813 0.973695
3.803472 0.973695
3.804131 0.973695
3.804791 0.973902
3.805450 0.973902
3.806109 0.973902
3.806768 0.973902
3.807428 0.973902
3.808087 0.973902
3.808746 0.973902
3.809405 0.973902
3.810065 0.974109
3.810724 0.974109
3.811383 0.974109
3.812042 0.974109
3.812702 0.974109
3.813361 0.974109
3.814020 0.974109
3.814679 0.974109
3.815339 0.974109
3.815998 0.974109
3.816657 0.974109
3.817316 0.974109
3.817976 0.974316
3.818635 0.974316
3.819294 0.974316
3.819953 0.974316
3.820613 0.974316
3.821272 0.974316
3.821931 0.974316
3.822591 0.974316
3.823250 0.974316
3.823909 0.974316
3.824568 0.974316
3.825228 0.974316
3.825887 0.974316
3.826546 0.974316
3.827205 0.974524
3.827865 0.974524
3.828524 0.974524
3.829183 0.974524
3.829842 0.974938
3.830502 0.974938
3.831161 0.974938
3.831820 0.974938
3.832479 0.974938
3.833139 0.974938
3.833798 0.974938
3.834457 0.974938
3.835116 0.975352
3.835776 0.975352
3.836435 0.975352
3.837094 0.975352
3.837753 0.975352
3.838413 0.975352
3.839072 0.975352
3.839731 0.975352
3.840390 0.975352
3.841050 0.975352
3.841709 0.975352
3.842368 0.975352
3.843027 0.975352
3.843687 0.975559
3.844346 0.975559
3.845005 0.975559
3.845664 0.975559
3.846324 0.975559
3.846983 0.975766
3.847642 0.975766
3.848301 0.975766
3.848961 0.975766
3.849620 0.975766
3.850279 0.975766
3.850938 0.975766
3.851598 0.975766
3.852257 0.975766
3.852916 0.975766
3.853575 0.975766
3.854235 0.975766
3.854894 0.975766
3.855553 0.975766
3.856212 0.975766
3.856872 0.975766
3.857531 0.975766
3.858190 0.975973
3.858850 0.975973
3.859509 0.975973
3.860168 0.975973
3.860827 0.975973
3.861487 0.975973
3.862146 0.975973
3.862805 0.975973
3.863464 0.975973
3.864124 0.975973
3.864783 0.976181
3.865442 0.976181
3.866101 0.976181
3.866761 0.976181
3.867420 0.976181
3.868079 0.976181
3.868738 0.976181
3.869398 0.976181
3.870057 0.976181
3.870716 0.976181
3.871375 0.976181
3.872035 0.976181
3.872694 0.976181
3.873353 0.976181
3.874012 0.976181
3.874672 0.976181
3.875331 0.976181
3.875990 0.976388
3.876649 0.976595
3.877309 0.976595
3.877968 0.976595
3.878627 0.976595
3.879286 0.976802
3.879946 0.976802
3.880605 0.976802
3.881264 0.976802
3.881923 0.976802
3.882583 0.976802
3.883242 0.976802
3.883901 0.976802
3.884560 0.976802
3.885220 0.976802
3.885879 0.977009
3.886538 0.977216
3.887197 0.977216
3.887857 0.977216
3.888516 0.977216
3.889175 0.977216
3.889834 0.977216
3.890494 0.977216
3.891153 0.977216
3.891812 0.977216
3.892471 0.977216
3.893131 0.977216
3.893790 0.977216
3.894449 0.977216
3.895109 0.977423
3.895768 0.977630
3.896427 0.977838
3.897086 0.977838
3.897746 0.977838
3.898405 0.977838
3.899064 0.977838
3.899723 0.977838
3.900383 0.977838
3.901042 0.977838
3.901701 0.977838
3.902360 0.977838
3.903020 0.977838
3.903679 0.977838
3.904338 0.977838
3.904997 0.977838
3.905657 0.977838
3.906316 0.977838
3.906975 0.977838
3.907634 0.977838
3.908294 0.977838
3.908953 0.977838
3.909612 0.977838
3.910271 0.977838
3.910931 0.977838
3.911590 0.978045
3.912249 0.978045
3.912908 0.978045
3.913568 0.978045
3.914227 0.978045
3.914886 0.978045
3.915545 0.978045
3.916205 0.978045
3.916864 0.978252
3.917523 0.978252
3.918182 0.978252
3.918842 0.978252
3.919501 0.978252
3.920160 0.978252
3.920819 0.978252
3.921479 0.978252
3.922138 0.978252
3.922797 0.978252
3.923456 0.978252
3.924116 0.978252
3.924775 0.978459
3.925434 0.978666
3.926093 0.978666
3.926753 0.978666
3.927412 0.978666
3.928071 0.978666
3.928730 0.978666
3.929390 0.978666
3.930049 0.978666
3.930708 0.978873
3.931368 0.978873
3.932027 0.978873
3.932686 0.978873
3.933345 0.979080
3.934005 0.979080
3.934664 0.979080
3.935323 0.979080
3.935982 0.979080
3.936642 0.979080
3.937301 0.979080
3.937960 0.979080
3.938619 0.979080
3.939279 0.979080
3.939938 0.979080
3.940597 0.979287
3.941256 0.979495
3.941916 0.979495
3.942575 0.979495
3.943234 0.979495
3.943893 0.979495
3.944553 0.979495
3.945212 0.979702
3.945871 0.979702
3.946530 0.979702
3.947190 0.979909
3.947849 0.979909
3.948508 0.979909
3.949167 0.979909
3.949827 0.979909
3.950486 0.979909
3.951145 0.979909
3.951804 0.979909
3.952464 0.979909
3.953123 0.980116
3.953782 0.980116
3.954441 0.980116
3.955101 0.980116
3.955760 0.980116
3.956419 0.980116
3.957078 0.980116
3.957738 0.980116
3.958397 0.980116
3.959056 0.980323
3.959715 0.980323
3.960375 0.980530
3.961034 0.980530
3.961693 0.980530
3.962352 0.980530
3.963012 0.980530
3.963671 0.980530
3.964330 0.980530
3.964989 0.980530
3.965649 0.980530
3.966308 0.980530
3.966967 0.980530
3.967627 0.980530
3.968286 0.980530
3.968945 0.980530
3.969604 0.980530
3.970264 0.980530
3.970923 0.980530
3.971582 0.980530
3.972241 0.980530
3.972901 0.980530
3.973560 0.980530
3.974219 0.980530
3.974878 0.980530
3.975538 0.980530
3.976197 0.980530
3.976856 0.980530
3.977515 0.980530
3.978175 0.980530
3.978834 0.980530
3.979493 0.980530
3.980152 0.980530
3.980812 0.980737
3.981471 0.980737
3.982130 0.980737
3.982789 0.980737
3.983449 0.980737
3.984108 0.980737
3.984767 0.980944
3.985426 0.980944
3.986086 0.981152
3.986745 0.981152
3.987404 0.981152
3.988063 0.981152
3.988723 0.981152
3.989382 0.981152
3.990041 0.981152
3.990700 0.981152
3.991360 0.981152
3.992019 0.981152
3.992678 0.981152
3.993337 0.981152
3.993997 0.981152
3.994656 0.981359
3.995315 0.981359
3.995974 0.981359
3.996634 0.981359
3.997293 0.981359
3.997952 0.981359
3.998611 0.981359
3.999271 0.981359
3.999930 0.981359
