0.665383 0.000207
0.667875 0.000207
0.670367 0.000207
0.672860 0.000207
0.675352 0.000207
0.677845 0.000207
0.680337 0.000207
0.682829 0.000207
0.685322 0.000207
0.687814 0.000207
0.690307 0.000207
0.692799 0.000207
0.695291 0.000207
0.697784 0.000207
0.700276 0.000207
0.702768 0.000207
0.705261 0.000207
0.707753 0.000207
0.710246 0.000207
0.712738 0.000207
0.715230 0.000207
0.717723 0.000207
0.720215 0.000207
0.722708 0.000207
0.725200 0.000207
0.727692 0.000207
0.730185 0.000207
0.732677 0.000207
0.735170 0.000207
0.737662 0.000207
0.740154 0.000207
0.742647 0.000207
0.745139 0.000207
0.747632 0.000207
0.750124 0.000207
0.752616 0.000207
0.755109 0.000207
0.757601 0.000207
0.760093 0.000207
0.762586 0.000207
0.765078 0.000207
0.767571 0.000621
0.770063 0.000621
0.772555 0.000621
0.775048 0.000621
0.777540 0.000621
0.780033 0.000621
0.782525 0.000621
0.785017 0.000621
0.787510 0.000621
0.790002 0.000621
0.792495 0.000621
0.794987 0.000621
0.797479 0.000621
0.799972 0.000829
0.802464 0.000829
0.804956 0.000829
0.807449 0.000829
0.809941 0.000829
0.812434 0.000829
0.814926 0.000829
0.817418 0.000829
0.819911 0.000829
0.822403 0.000829
0.824896 0.000829
0.827388 0.000829
0.829880 0.000829
0.832373 0.000829
0.834865 0.000829
0.837358 0.001036
0.839850 0.001243
0.842342 0.001243
0.844835 0.001243
0.847327 0.001243
0.849820 0.001243
0.852312 0.001243
0.854804 0.001243
0.857297 0.001243
0.859789 0.001243
0.862281 0.001657
0.864774 0.001657
0.867266 0.001657
0.869759 0.001657
0.872251 0.001657
0.874743 0.001864
0.877236 0.002071
0.879728 0.002071
0.882221 0.002071
0.884713 0.002071
0.887205 0.002278
0.889698 0.002486
0.892190 0.002486
0.894683 0.002486
0.897175 0.002900
0.899667 0.003107
0.902160 0.003107
0.904652 0.003107
0.907145 0.003314
0.909637 0.003314
0.912129 0.003521
0.914622 0.003728
0.917114 0.003935
0.919606 0.003935
0.922099 0.003935
0.924591 0.003935
0.927084 0.003935
0.929576 0.003935
0.932068 0.003935
0.934561 0.003935
0.937053 0.004143
0.939546 0.004143
0.942038 0.004143
0.944530 0.004350
0.947023 0.004350
0.949515 0.004350
0.952008 0.004557
0.954500 0.004764
0.956992 0.004971
0.959485 0.005178
0.961977 0.005178
0.964469 0.005385
0.966962 0.005592
0.969454 0.005592
0.971947 0.006007
0.974439 0.006214
0.976931 0.006214
0.979424 0.006835
0.981916 0.007042
0.984409 0.007249
0.986901 0.007457
0.989393 0.007457
0.991886 0.007664
0.994378 0.007871
0.996871 0.007871
0.999363 0.008078
1.001855 0.008078
1.004348 0.008078
1.006840 0.008285
1.009333 0.008492
1.011825 0.008699
1.014317 0.008906
1.016810 0.009321
1.019302 0.009528
1.021794 0.009528
1.024287 0.010149
1.026779 0.010356
1.029272 0.010356
1.031764 0.010563
1.034256 0.010771
1.036749 0.011599
1.039241 0.011806
1.041734 0.011806
1.044226 0.012013
1.046718 0.012428
1.049211 0.012635
1.051703 0.013049
1.054196 0.013049
1.056688 0.013463
1.059180 0.013877
1.061673 0.014085
1.064165 0.014913
1.066658 0.015742
1.069150 0.016363
1.071642 0.016570
1.074135 0.016570
1.076627 0.017399
1.079119 0.018020
1.081612 0.018848
1.084104 0.019056
1.086597 0.019677
1.089089 0.020298
1.091581 0.020920
1.094074 0.021541
1.096566 0.022370
1.099059 0.022784
1.101551 0.023405
1.104043 0.024027
1.106536 0.024855
1.109028 0.026098
1.111521 0.026098
1.114013 0.026719
1.116505 0.027755
1.118998 0.027962
1.121490 0.027962
1.123982 0.028376
1.126475 0.028583
1.128967 0.028790
1.131460 0.028998
1.133952 0.029205
1.136444 0.030447
1.138937 0.030862
1.141429 0.031483
1.143922 0.032312
1.146414 0.032519
1.148906 0.033347
1.151399 0.033554
1.153891 0.034383
1.156384 0.034590
1.158876 0.034590
1.161368 0.035626
1.163861 0.035833
1.166353 0.037075
1.168846 0.037490
1.171338 0.037697
1.173830 0.038318
1.176323 0.039354
1.178815 0.039561
1.181307 0.039975
1.183800 0.040804
1.186292 0.041218
1.188785 0.042461
1.191277 0.042668
1.193769 0.043289
1.196262 0.043496
1.198754 0.043911
1.201247 0.044739
1.203739 0.045153
1.206231 0.045568
1.208724 0.047225
1.211216 0.047432
1.213709 0.048467
1.216201 0.049296
1.218693 0.049710
1.221186 0.050953
1.223678 0.051988
1.226170 0.052403
1.228663 0.053231
1.231155 0.053231
1.233648 0.053853
1.236140 0.054474
1.238632 0.054888
1.241125 0.055717
1.243617 0.056338
1.246110 0.056959
1.248602 0.057788
1.251094 0.059031
1.253587 0.059859
1.256079 0.060273
1.258572 0.061516
1.261064 0.061723
1.263556 0.062345
1.266049 0.063380
1.268541 0.064002
1.271034 0.065037
1.273526 0.065452
1.276018 0.066073
1.278511 0.066901
1.281003 0.068144
1.283495 0.068766
1.285988 0.069180
1.288480 0.070008
1.290973 0.070215
1.293465 0.070837
1.295957 0.072494
1.298450 0.073322
1.300942 0.073737
1.303435 0.074358
1.305927 0.075808
1.308419 0.076636
1.310912 0.077672
1.313404 0.079950
1.315897 0.081400
1.318389 0.083057
1.320881 0.083886
1.323374 0.084093
1.325866 0.085128
1.328359 0.086578
1.330851 0.087614
1.333343 0.088650
1.335836 0.089685
1.338328 0.091135
1.340820 0.092378
1.343313 0.093413
1.345805 0.094242
1.348298 0.095692
1.350790 0.096727
1.353282 0.097349
1.355775 0.098799
1.358267 0.100041
1.360760 0.101077
1.363252 0.102113
1.365744 0.104391
1.368237 0.105841
1.370729 0.107084
1.373222 0.108948
1.375714 0.109983
1.378206 0.111433
1.380699 0.112262
1.383191 0.113919
1.385683 0.115369
1.388176 0.116404
1.390668 0.117026
1.393161 0.118476
1.395653 0.119304
1.398145 0.120133
1.400638 0.121375
1.403130 0.121790
1.405623 0.122204
1.408115 0.123861
1.410607 0.125518
1.413100 0.127382
1.415592 0.128832
1.418085 0.130489
1.420577 0.132353
1.423069 0.133389
1.425562 0.134838
1.428054 0.136495
1.430547 0.137945
1.433039 0.138152
1.435531 0.140017
1.438024 0.141052
1.440516 0.143538
1.443008 0.144573
1.445501 0.145816
1.447993 0.146645
1.450486 0.147473
1.452978 0.148302
1.455470 0.150373
1.457963 0.152030
1.460455 0.153065
1.462948 0.154308
1.465440 0.155344
1.467932 0.156587
1.470425 0.158244
1.472917 0.159901
1.475410 0.161558
1.477902 0.163007
1.480394 0.164043
1.482887 0.165907
1.485379 0.167150
1.487871 0.169221
1.490364 0.170050
1.492856 0.171500
1.495349 0.172328
1.497841 0.174399
1.500333 0.175435
1.502826 0.177299
1.505318 0.178128
1.507811 0.179577
1.510303 0.181649
1.512795 0.182891
1.515288 0.184756
1.517780 0.187655
1.520273 0.188691
1.522765 0.190141
1.525257 0.190969
1.527750 0.192212
1.530242 0.193869
1.532735 0.195940
1.535227 0.197804
1.537719 0.199669
1.540212 0.201118
1.542704 0.202983
1.545196 0.204847
1.547689 0.207125
1.550181 0.208989
1.552674 0.210853
1.555166 0.211889
1.557658 0.213753
1.560151 0.215824
1.562643 0.217274
1.565136 0.218724
1.567628 0.220795
1.570120 0.222659
1.572613 0.223902
1.575105 0.225559
1.577598 0.227009
1.580090 0.229702
1.582582 0.231773
1.585075 0.233637
1.587567 0.236123
1.590060 0.238401
1.592552 0.240058
1.595044 0.241508
1.597537 0.243372
1.600029 0.244408
1.602521 0.246479
1.605014 0.247514
1.607506 0.249171
1.609999 0.251036
1.612491 0.253107
1.614983 0.254350
1.617476 0.255592
1.619968 0.257664
1.622461 0.259114
1.624953 0.261392
1.627445 0.262635
1.629938 0.265120
1.632430 0.267191
1.634923 0.268848
1.637415 0.270091
1.639907 0.271955
1.642400 0.272784
1.644892 0.275062
1.647384 0.276719
1.649877 0.278998
1.652369 0.282312
1.654862 0.284797
1.657354 0.287283
1.659846 0.288525
1.662339 0.290389
1.664831 0.291632
1.667324 0.293911
1.669816 0.294946
1.672308 0.296189
1.674801 0.297639
1.677293 0.298674
1.679786 0.300124
1.682278 0.301988
1.684770 0.303853
1.687263 0.306338
1.689755 0.307167
1.692248 0.309652
1.694740 0.311723
1.697232 0.314623
1.699725 0.316280
1.702217 0.318351
1.704709 0.320423
1.707202 0.322908
1.709694 0.323944
1.712187 0.325808
1.714679 0.326636
1.717171 0.328915
1.719664 0.330572
1.722156 0.332436
1.724649 0.335750
1.727141 0.337821
1.729633 0.338650
1.732126 0.340307
1.734618 0.342171
1.737111 0.343621
1.739603 0.345070
1.742095 0.346727
1.744588 0.348177
1.747080 0.349834
1.749572 0.351491
1.752065 0.354184
1.754557 0.355841
1.757050 0.357084
1.759542 0.358119
1.762034 0.359983
1.764527 0.362676
1.767019 0.364333
1.769512 0.367026
1.772004 0.368890
1.774496 0.370547
1.776989 0.371375
1.779481 0.374275
1.781974 0.375932
1.784466 0.378625
1.786958 0.380075
1.789451 0.381317
1.791943 0.381939
1.794436 0.383181
1.796928 0.384838
1.799420 0.386703
1.801913 0.388152
1.804405 0.388981
1.806897 0.391052
1.809390 0.392916
1.811882 0.394988
1.814375 0.397059
1.816867 0.398509
1.819359 0.400166
1.821852 0.402030
1.824344 0.402858
1.826837 0.404308
1.829329 0.404930
1.831821 0.406587
1.834314 0.407829
1.836806 0.409486
1.839299 0.410936
1.841791 0.413215
1.844283 0.415493
1.846776 0.416943
1.849268 0.417978
1.851761 0.419843
1.854253 0.420671
1.856745 0.423778
1.859238 0.425021
1.861730 0.427092
1.864222 0.429785
1.866715 0.430820
1.869207 0.433099
1.871700 0.434756
1.874192 0.435377
1.876684 0.437241
1.879177 0.439105
1.881669 0.441798
1.884162 0.443662
1.886654 0.445526
1.889146 0.446769
1.891639 0.447804
1.894131 0.450083
1.896624 0.451118
1.899116 0.452775
1.901608 0.454018
1.904101 0.455882
1.906593 0.456711
1.909085 0.458161
1.911578 0.460439
1.914070 0.461475
1.916563 0.462925
1.919055 0.464582
1.921547 0.465617
1.924040 0.467067
1.926532 0.467896
1.929025 0.469138
1.931517 0.471002
1.934009 0.472659
1.936502 0.474938
1.938994 0.476388
1.941487 0.478252
1.943979 0.479909
1.946471 0.481566
1.948964 0.484258
1.951456 0.486330
1.953949 0.486744
1.956441 0.488815
1.958933 0.490058
1.961426 0.491508
1.963918 0.493579
1.966410 0.494615
1.968903 0.496893
1.971395 0.498136
1.973888 0.499586
1.976380 0.500621
1.978872 0.503107
1.981365 0.504143
1.983857 0.504764
1.986350 0.507042
1.988842 0.508699
1.991334 0.509942
1.993827 0.512428
1.996319 0.514292
1.998812 0.515949
2.001304 0.516570
2.003796 0.517606
2.006289 0.518848
2.008781 0.521127
2.011273 0.523198
2.013766 0.525891
2.016258 0.528376
2.018751 0.528998
2.021243 0.529619
2.023735 0.531069
2.026228 0.532519
2.028720 0.536040
2.031213 0.537283
2.033705 0.538732
2.036197 0.540182
2.038690 0.541632
2.041182 0.543911
2.043675 0.544946
2.046167 0.545775
2.048659 0.548260
2.051152 0.549296
2.053644 0.550539
2.056137 0.551574
2.058629 0.553438
2.061121 0.554888
2.063614 0.557167
2.066106 0.558824
2.068598 0.560688
2.071091 0.562966
2.073583 0.565659
2.076076 0.567109
2.078568 0.568558
2.081060 0.570423
2.083553 0.572494
2.086045 0.573322
2.088538 0.574358
2.091030 0.576015
2.093522 0.577258
2.096015 0.578915
2.098507 0.579950
2.101000 0.581400
2.103492 0.582643
2.105984 0.584714
2.108477 0.584921
2.110969 0.586371
2.113462 0.587821
2.115954 0.589478
2.118446 0.590307
2.120939 0.591756
2.123431 0.593621
2.125923 0.594863
2.128416 0.596313
2.130908 0.599213
2.133401 0.600249
2.135893 0.602113
2.138385 0.604598
2.140878 0.605012
2.143370 0.605634
2.145863 0.607084
2.148355 0.608326
2.150847 0.610191
2.153340 0.610812
2.155832 0.612469
2.158325 0.614333
2.160817 0.615783
2.163309 0.618061
2.165802 0.619097
2.168294 0.620754
2.170786 0.621997
2.173279 0.623654
2.175771 0.625518
2.178264 0.626139
2.180756 0.626553
2.183248 0.627589
2.185741 0.629453
2.188233 0.630489
2.190726 0.631939
2.193218 0.633181
2.195710 0.634424
2.198203 0.635046
2.200695 0.636495
2.203188 0.638567
2.205680 0.639602
2.208172 0.641052
2.210665 0.641674
2.213157 0.642916
2.215650 0.644366
2.218142 0.645402
2.220634 0.647059
2.223127 0.648094
2.225619 0.649130
2.228111 0.650166
2.230604 0.651823
2.233096 0.652858
2.235589 0.653687
2.238081 0.655344
2.240573 0.657208
2.243066 0.658658
2.245558 0.659486
2.248051 0.660315
2.250543 0.661350
2.253035 0.662179
2.255528 0.663007
2.258020 0.663836
2.260513 0.664043
2.263005 0.664664
2.265497 0.666321
2.267990 0.667150
2.270482 0.668186
2.272974 0.669635
2.275467 0.670050
2.277959 0.670878
2.280452 0.672121
2.282944 0.672742
2.285436 0.674814
2.287929 0.676678
2.290421 0.678335
2.292914 0.679785
2.295406 0.680820
2.297898 0.681442
2.300391 0.682684
2.302883 0.683720
2.305376 0.684341
2.307868 0.685998
2.310360 0.687655
2.312853 0.688898
2.315345 0.689519
2.317838 0.690762
2.320330 0.691591
2.322822 0.692005
2.325315 0.693455
2.327807 0.694698
2.330299 0.695526
2.332792 0.696355
2.335284 0.697183
2.337777 0.698219
2.340269 0.699876
2.342761 0.700497
2.345254 0.702361
2.347746 0.704432
2.350239 0.705675
2.352731 0.707125
2.355223 0.707332
2.357716 0.707746
2.360208 0.708782
2.362701 0.709403
2.365193 0.710646
2.367685 0.711268
2.370178 0.711889
2.372670 0.713132
2.375163 0.713960
2.377655 0.715824
2.380147 0.716653
2.382640 0.718103
2.385132 0.718931
2.387624 0.719553
2.390117 0.721210
2.392609 0.722038
2.395102 0.722867
2.397594 0.723281
2.400086 0.723902
2.402579 0.725145
2.405071 0.726181
2.407564 0.727216
2.410056 0.729080
2.412548 0.729702
2.415041 0.730737
2.417533 0.731773
2.420026 0.733430
2.422518 0.734051
2.425010 0.734673
2.427503 0.735294
2.429995 0.735915
2.432487 0.737365
2.434980 0.737365
2.437472 0.738815
2.439965 0.739644
2.442457 0.740265
2.444949 0.741094
2.447442 0.742129
2.449934 0.743372
2.452427 0.744200
2.454919 0.744822
2.457411 0.746065
2.459904 0.746479
2.462396 0.746893
2.464889 0.748343
2.467381 0.748964
2.469873 0.749586
2.472366 0.750000
2.474858 0.751450
2.477351 0.752693
2.479843 0.753521
2.482335 0.754971
2.484828 0.755178
2.487320 0.755800
2.489812 0.756835
2.492305 0.757457
2.494797 0.758699
2.497290 0.760356
2.499782 0.760978
2.502274 0.762013
2.504767 0.762428
2.507259 0.764085
2.509752 0.764706
2.512244 0.765742
2.514736 0.766984
2.517229 0.767813
2.519721 0.769263
2.522214 0.769884
2.524706 0.771127
2.527198 0.772370
2.529691 0.772370
2.532183 0.772991
2.534675 0.773405
2.537168 0.774027
2.539660 0.775062
2.542153 0.776098
2.544645 0.777341
2.547137 0.778583
2.549630 0.779619
2.552122 0.781069
2.554615 0.781276
2.557107 0.781690
2.559599 0.782104
2.562092 0.783140
2.564584 0.784383
2.567077 0.784797
2.569569 0.785211
2.572061 0.786040
2.574554 0.786661
2.577046 0.787075
2.579539 0.787490
2.582031 0.788525
2.584523 0.789354
2.587016 0.790182
2.589508 0.791425
2.592000 0.791632
2.594493 0.792668
2.596985 0.793289
2.599478 0.793703
2.601970 0.794946
2.604462 0.795982
2.606955 0.796810
2.609447 0.797639
2.611940 0.798053
2.614432 0.798467
2.616924 0.798674
2.619417 0.799089
2.621909 0.800539
2.624402 0.801574
2.626894 0.802196
2.629386 0.803853
2.631879 0.804267
2.634371 0.804681
2.636864 0.805510
2.639356 0.806545
2.641848 0.808202
2.644341 0.808202
2.646833 0.809445
2.649325 0.809445
2.651818 0.810481
2.654310 0.810895
2.656803 0.811102
2.659295 0.811930
2.661787 0.812759
2.664280 0.813587
2.666772 0.814209
2.669265 0.814830
2.671757 0.815659
2.674249 0.816901
2.676742 0.817316
2.679234 0.817937
2.681727 0.818558
2.684219 0.819594
2.686711 0.820423
2.689204 0.821665
2.691696 0.821872
2.694188 0.822080
2.696681 0.823115
2.699173 0.823322
2.701666 0.823737
2.704158 0.824565
2.706650 0.824772
2.709143 0.826015
2.711635 0.826636
2.714128 0.827258
2.716620 0.827672
2.719112 0.827879
2.721605 0.828293
2.724097 0.829329
2.726590 0.830157
2.729082 0.830779
2.731574 0.831400
2.734067 0.832022
2.736559 0.832850
2.739052 0.833264
2.741544 0.833886
2.744036 0.834714
2.746529 0.835336
2.749021 0.835543
2.751513 0.836164
2.754006 0.836993
2.756498 0.838442
2.758991 0.839064
2.761483 0.839271
2.763975 0.839685
2.766468 0.840307
2.768960 0.840721
2.771453 0.841135
2.773945 0.841549
2.776437 0.842171
2.778930 0.842792
2.781422 0.844035
2.783915 0.844656
2.786407 0.845692
2.788899 0.845899
2.791392 0.846935
2.793884 0.847556
2.796376 0.848177
2.798869 0.849213
2.801361 0.849420
2.803854 0.849834
2.806346 0.850456
2.808838 0.850870
2.811331 0.851491
2.813823 0.851698
2.816316 0.851906
2.818808 0.852113
2.821300 0.852527
2.823793 0.852527
2.826285 0.852734
2.828778 0.853563
2.831270 0.853977
2.833762 0.854805
2.836255 0.855220
2.838747 0.855841
2.841240 0.855841
2.843732 0.856669
2.846224 0.857498
2.848717 0.858119
2.851209 0.858948
2.853701 0.859776
2.856194 0.859983
2.858686 0.860191
2.861179 0.861019
2.863671 0.861226
2.866163 0.861640
2.868656 0.862676
2.871148 0.862883
2.873641 0.863505
2.876133 0.863712
2.878625 0.863919
2.881118 0.864333
2.883610 0.864747
2.886103 0.864747
2.888595 0.864954
2.891087 0.865369
2.893580 0.866404
2.896072 0.866611
2.898565 0.867440
2.901057 0.867854
2.903549 0.867854
2.906042 0.868268
2.908534 0.868890
2.911026 0.868890
2.913519 0.869304
2.916011 0.869718
2.918504 0.869925
2.920996 0.870754
2.923488 0.870961
2.925981 0.871582
2.928473 0.871582
2.930966 0.871997
2.933458 0.872411
2.935950 0.872618
2.938443 0.872825
2.940935 0.873239
2.943428 0.873654
2.945920 0.874275
2.948412 0.874482
2.950905 0.874689
2.953397 0.875311
2.955889 0.875932
2.958382 0.876139
2.960874 0.876761
2.963367 0.877382
2.965859 0.877382
2.968351 0.878210
2.970844 0.879039
2.973336 0.879453
2.975829 0.880075
2.978321 0.880282
2.980813 0.880903
2.983306 0.881317
2.985798 0.881732
2.988291 0.881939
2.990783 0.882146
2.993275 0.882353
2.995768 0.882767
2.998260 0.883389
3.000753 0.883803
3.003245 0.884010
3.005737 0.884010
3.008230 0.884217
3.010722 0.885253
3.013214 0.885460
3.015707 0.886495
3.018199 0.887117
3.020692 0.887531
3.023184 0.887531
3.025676 0.887738
3.028169 0.887945
3.030661 0.888360
3.033154 0.889188
3.035646 0.889809
3.038138 0.890017
3.040631 0.890224
3.043123 0.890431
3.045616 0.891052
3.048108 0.892088
3.050600 0.892916
3.053093 0.892916
3.055585 0.893123
3.058077 0.893538
3.060570 0.893538
3.063062 0.893952
3.065555 0.894366
3.068047 0.894573
3.070539 0.894988
3.073032 0.895195
3.075524 0.895609
3.078017 0.896023
3.080509 0.897059
3.083001 0.897680
3.085494 0.898094
3.087986 0.898509
3.090479 0.898923
3.092971 0.899130
3.095463 0.899544
3.097956 0.899959
3.100448 0.900373
3.102941 0.900580
3.105433 0.900787
3.107925 0.901201
3.110418 0.901201
3.112910 0.901408
3.115402 0.901408
3.117895 0.902030
3.120387 0.902237
3.122880 0.902858
3.125372 0.903273
3.127864 0.903894
3.130357 0.904515
3.132849 0.904930
3.135342 0.905137
3.137834 0.905551
3.140326 0.906172
3.142819 0.907001
3.145311 0.907622
3.147804 0.907622
3.150296 0.909279
3.152788 0.909901
3.155281 0.910108
3.157773 0.910936
3.160266 0.911350
3.162758 0.911350
3.165250 0.911558
3.167743 0.911558
3.170235 0.911972
3.172727 0.912179
3.175220 0.912593
3.177712 0.912593
3.180205 0.912800
3.182697 0.913007
3.185189 0.913629
3.187682 0.913836
3.190174 0.913836
3.192667 0.914043
3.195159 0.914664
3.197651 0.915079
3.200144 0.915079
3.202636 0.915493
3.205129 0.915493
3.207621 0.916114
3.210113 0.916529
3.212606 0.916529
3.215098 0.917150
3.217590 0.917564
3.220083 0.917564
3.222575 0.918186
3.225068 0.918186
3.227560 0.918393
3.230052 0.918393
3.232545 0.918807
3.235037 0.918807
3.237530 0.919014
3.240022 0.919428
3.242514 0.919635
3.245007 0.919635
3.247499 0.920050
3.249992 0.920671
3.252484 0.920671
3.254976 0.920878
3.257469 0.920878
3.259961 0.921085
3.262454 0.921500
3.264946 0.921500
3.267438 0.921707
3.269931 0.922121
3.272423 0.922328
3.274915 0.922535
3.277408 0.922949
3.279900 0.922949
3.282393 0.922949
3.284885 0.923571
3.287377 0.923985
3.289870 0.923985
3.292362 0.923985
3.294855 0.924399
3.297347 0.925021
3.299839 0.925435
3.302332 0.925849
3.304824 0.926263
3.307317 0.926263
3.309809 0.926471
3.312301 0.926678
3.314794 0.926885
3.317286 0.926885
3.319779 0.926885
3.322271 0.926885
3.324763 0.926885
3.327256 0.927092
3.329748 0.927299
3.332240 0.927299
3.334733 0.927920
3.337225 0.927920
3.339718 0.927920
3.342210 0.928128
3.344702 0.928128
3.347195 0.928128
3.349687 0.928749
3.352180 0.928956
3.354672 0.929370
3.357164 0.929370
3.359657 0.929785
3.362149 0.929785
3.364642 0.930199
3.367134 0.930406
3.369626 0.930406
3.372119 0.930613
3.374611 0.930613
3.377103 0.930820
3.379596 0.931234
3.382088 0.931442
3.384581 0.931442
3.387073 0.931649
3.389565 0.932063
3.392058 0.932477
3.394550 0.932891
3.397043 0.932891
3.399535 0.932891
3.402027 0.933513
3.404520 0.933513
3.407012 0.933513
3.409505 0.933927
3.411997 0.934756
3.414489 0.934756
3.416982 0.934756
3.419474 0.935791
3.421967 0.935791
3.424459 0.935998
3.426951 0.936205
3.429444 0.936620
3.431936 0.936827
3.434428 0.937034
3.436921 0.937034
3.439413 0.937241
3.441906 0.937241
3.444398 0.937241
3.446890 0.937241
3.449383 0.937241
3.451875 0.937241
3.454368 0.937448
3.456860 0.937655
3.459352 0.937862
3.461845 0.938070
3.464337 0.938277
3.466830 0.938484
3.469322 0.938691
3.471814 0.938691
3.474307 0.939105
3.476799 0.939105
3.479291 0.939312
3.481784 0.939519
3.484276 0.939934
3.486769 0.940141
3.489261 0.940141
3.491753 0.940348
3.494246 0.940348
3.496738 0.940348
3.499231 0.940348
3.501723 0.940555
3.504215 0.940969
3.506708 0.941176
3.509200 0.941384
3.511693 0.941591
3.514185 0.941798
3.516677 0.941798
3.519170 0.942005
3.521662 0.942212
3.524155 0.942419
3.526647 0.942419
3.529139 0.942626
3.531632 0.942626
3.534124 0.943041
3.536616 0.943041
3.539109 0.943455
3.541601 0.943662
3.544094 0.944698
3.546586 0.944905
3.549078 0.945112
3.551571 0.945526
3.554063 0.945526
3.556556 0.945526
3.559048 0.945733
3.561540 0.945733
3.564033 0.945940
3.566525 0.945940
3.569018 0.945940
3.571510 0.945940
3.574002 0.945940
3.576495 0.946769
3.578987 0.946769
3.581480 0.946976
3.583972 0.947390
3.586464 0.947390
3.588957 0.947390
3.591449 0.947804
3.593941 0.948012
3.596434 0.948012
3.598926 0.948219
3.601419 0.948219
3.603911 0.948426
3.606403 0.948426
3.608896 0.948633
3.611388 0.948840
3.613881 0.948840
3.616373 0.948840
3.618865 0.949047
3.621358 0.949254
3.623850 0.949669
3.626343 0.949876
3.628835 0.949876
3.631327 0.949876
3.633820 0.949876
3.636312 0.950083
3.638804 0.950083
3.641297 0.950290
3.643789 0.950290
3.646282 0.950290
3.648774 0.950290
3.651266 0.950497
3.653759 0.950704
3.656251 0.950704
3.658744 0.950911
3.661236 0.951326
3.663728 0.951533
3.666221 0.951533
3.668713 0.951740
3.671206 0.952361
3.673698 0.952361
3.676190 0.952775
3.678683 0.952983
3.681175 0.953190
3.683668 0.953190
3.686160 0.953397
3.688652 0.953397
3.691145 0.953397
3.693637 0.953397
3.696129 0.953397
3.698622 0.953604
3.701114 0.953811
3.703607 0.954018
3.706099 0.954225
3.708591 0.954225
3.711084 0.954432
3.713576 0.954432
3.716069 0.954432
3.718561 0.954640
3.721053 0.954640
3.723546 0.954640
3.726038 0.954847
3.728531 0.955054
3.731023 0.955054
3.733515 0.955054
3.736008 0.955054
3.738500 0.955261
3.740992 0.955675
3.743485 0.955882
3.745977 0.955882
3.748470 0.955882
3.750962 0.956089
3.753454 0.956297
3.755947 0.956504
3.758439 0.956711
3.760932 0.956711
3.763424 0.956918
3.765916 0.956918
3.768409 0.956918
3.770901 0.957125
3.773394 0.957125
3.775886 0.957125
3.778378 0.957125
3.780871 0.957332
3.783363 0.957539
3.785856 0.957746
3.788348 0.957746
3.790840 0.957746
3.793333 0.957954
3.795825 0.957954
3.798317 0.957954
3.800810 0.958161
3.803302 0.958575
3.805795 0.958989
3.808287 0.959196
3.810779 0.959818
3.813272 0.959818
3.815764 0.959818
3.818257 0.959818
3.820749 0.960025
3.823241 0.960232
3.825734 0.960232
3.828226 0.960439
3.830719 0.960439
3.833211 0.960439
3.835703 0.960646
3.838196 0.960646
3.840688 0.960646
3.843181 0.960646
3.845673 0.960853
3.848165 0.960853
3.850658 0.960853
3.853150 0.960853
3.855642 0.960853
3.858135 0.960853
3.860627 0.960853
3.863120 0.960853
3.865612 0.961475
3.868104 0.961475
3.870597 0.961475
3.873089 0.961682
3.875582 0.961682
3.878074 0.961682
3.880566 0.961682
3.883059 0.962096
3.885551 0.962096
3.888044 0.962096
3.890536 0.962096
3.893028 0.962096
3.895521 0.962096
3.898013 0.962303
3.900505 0.962303
3.902998 0.962303
3.905490 0.962303
3.907983 0.962303
3.910475 0.962510
3.912967 0.962510
3.915460 0.962510
3.917952 0.962510
3.920445 0.962510
3.922937 0.962717
3.925429 0.962717
3.927922 0.962925
3.930414 0.963132
3.932907 0.963132
3.935399 0.963339
3.937891 0.963339
3.940384 0.963753
3.942876 0.963960
3.945369 0.963960
3.947861 0.964167
3.950353 0.964167
3.952846 0.964167
3.955338 0.964167
3.957830 0.964374
3.960323 0.964374
3.962815 0.964582
3.965308 0.964582
3.967800 0.964582
3.970292 0.964582
3.972785 0.964582
3.975277 0.964582
3.977770 0.964789
3.980262 0.964996
3.982754 0.965203
3.985247 0.965410
3.987739 0.965617
3.990232 0.965824
3.992724 0.966031
3.995216 0.966239
3.997709 0.966239
