1.459849 0.000400
1.464309 0.000400
1.468768 0.000400
1.473228 0.000400
1.477688 0.000400
1.482148 0.000400
1.486608 0.000400
1.491067 0.000400
1.495527 0.000400
1.499987 0.000400
1.504447 0.000400
1.508906 0.000400
1.513366 0.000400
1.517826 0.000400
1.522286 0.000400
1.526746 0.000400
1.531205 0.000400
1.535665 0.000400
1.540125 0.000400
1.544585 0.000400
1.549045 0.000400
1.553504 0.000400
1.557964 0.000400
1.562424 0.000400
1.566884 0.000400
1.571344 0.000400
1.575803 0.000400
1.580263 0.000400
1.584723 0.000400
1.589183 0.000400
1.593643 0.000400
1.598102 0.000400
1.602562 0.000400
1.607022 0.000400
1.611482 0.000400
1.615942 0.000400
1.620401 0.000400
1.624861 0.000400
1.629321 0.000400
1.633781 0.000400
1.638241 0.000400
1.642700 0.000400
1.647160 0.000400
1.651620 0.000400
1.656080 0.000400
1.660539 0.000400
1.664999 0.000400
1.669459 0.000400
1.673919 0.000400
1.678379 0.000400
1.682838 0.000400
1.687298 0.000400
1.691758 0.000400
1.696218 0.000400
1.700678 0.000400
1.705137 0.000400
1.709597 0.000400
1.714057 0.000400
1.718517 0.000400
1.722977 0.000400
1.727436 0.000400
1.731896 0.000400
1.736356 0.000400
1.740816 0.000400
1.745276 0.000400
1.749735 0.000400
1.754195 0.000400
1.758655 0.000400
1.763115 0.000400
1.767575 0.000400
1.772034 0.000400
1.776494 0.000400
1.780954 0.000400
1.785414 0.000400
1.789874 0.000400
1.794333 0.000400
1.798793 0.000800
1.803253 0.001200
1.807713 0.001200
1.812172 0.001200
1.816632 0.001600
1.821092 0.001600
1.825552 0.001600
1.830012 0.001600
1.834471 0.001600
1.838931 0.001600
1.843391 0.002000
1.847851 0.002000
1.852311 0.002000
1.856770 0.002000
1.861230 0.002400
1.865690 0.002400
1.870150 0.002400
1.874610 0.002400
1.879069 0.002800
1.883529 0.002800
1.887989 0.003200
1.892449 0.003600
1.896909 0.004000
1.901368 0.004000
1.905828 0.004400
1.910288 0.004400
1.914748 0.004400
1.919208 0.004800
1.923667 0.004800
1.928127 0.005200
1.932587 0.005200
1.937047 0.005200
1.941507 0.005200
1.945966 0.005200
1.950426 0.005600
1.954886 0.006000
1.959346 0.006400
1.963805 0.006400
1.968265 0.006400
1.972725 0.006400
1.977185 0.006800
1.981645 0.006800
1.986104 0.007600
1.990564 0.007600
1.995024 0.008000
1.999484 0.008800
2.003944 0.008800
2.008403 0.008800
2.012863 0.009600
2.017323 0.010000
2.021783 0.010400
2.026243 0.010400
2.030702 0.010800
2.035162 0.010800
2.039622 0.010800
2.044082 0.011200
2.048542 0.011200
2.053001 0.012400
2.057461 0.012400
2.061921 0.012800
2.066381 0.012800
2.070841 0.013600
2.075300 0.014000
2.079760 0.014000
2.084220 0.015200
2.088680 0.015200
2.093140 0.015200
2.097599 0.015600
2.102059 0.015600
2.106519 0.016000
2.110979 0.016000
2.115439 0.016000
2.119898 0.016400
2.124358 0.017200
2.128818 0.018000
2.133278 0.018400
2.137737 0.018800
2.142197 0.019600
2.146657 0.019600
2.151117 0.020400
2.155577 0.020800
2.160036 0.020800
2.164496 0.021200
2.168956 0.021600
2.173416 0.021600
2.177876 0.022400
2.182335 0.022400
2.186795 0.022800
2.191255 0.022800
2.195715 0.022800
2.200175 0.023200
2.204634 0.023600
2.209094 0.024800
2.213554 0.025600
2.218014 0.026000
2.222474 0.026000
2.226933 0.026400
2.231393 0.026800
2.235853 0.026800
2.240313 0.026800
2.244773 0.028000
2.249232 0.028400
2.253692 0.029200
2.258152 0.029200
2.262612 0.029200
2.267072 0.029200
2.271531 0.030000
2.275991 0.030400
2.280451 0.030800
2.284911 0.031600
2.289370 0.032000
2.293830 0.032000
2.298290 0.032800
2.302750 0.032800
2.307210 0.033200
2.311669 0.033200
2.316129 0.033200
2.320589 0.034400
2.325049 0.034800
2.329509 0.036000
2.333968 0.036400
2.338428 0.036800
2.342888 0.037600
2.347348 0.039200
2.351808 0.040400
2.356267 0.041600
2.360727 0.041600
2.365187 0.044800
2.369647 0.045600
2.374107 0.046000
2.378566 0.047200
2.383026 0.048800
2.387486 0.048800
2.391946 0.051200
2.396406 0.052800
2.400865 0.054000
2.405325 0.054800
2.409785 0.054800
2.414245 0.056400
2.418705 0.056800
2.423164 0.058000
2.427624 0.059200
2.432084 0.060000
2.436544 0.061200
2.441003 0.062400
2.445463 0.064000
2.449923 0.065200
2.454383 0.065600
2.458843 0.066000
2.463302 0.067200
2.467762 0.068400
2.472222 0.068800
2.476682 0.069200
2.481142 0.070000
2.485601 0.070800
2.490061 0.071200
2.494521 0.071600
2.498981 0.072400
2.503441 0.073600
2.507900 0.074000
2.512360 0.074400
2.516820 0.075200
2.521280 0.076400
2.525740 0.077200
2.530199 0.079200
2.534659 0.079200
2.539119 0.079600
2.543579 0.079600
2.548039 0.080000
2.552498 0.080800
2.556958 0.081600
2.561418 0.082400
2.565878 0.082800
2.570338 0.083600
2.574797 0.084400
2.579257 0.085600
2.583717 0.088000
2.588177 0.088800
2.592636 0.089200
2.597096 0.089600
2.601556 0.090400
2.606016 0.092000
2.610476 0.092800
2.614935 0.094000
2.619395 0.095600
2.623855 0.096800
2.628315 0.098800
2.632775 0.100400
2.637234 0.101200
2.641694 0.102000
2.646154 0.102400
2.650614 0.103200
2.655074 0.103600
2.659533 0.104800
2.663993 0.105200
2.668453 0.106400
2.672913 0.106800
2.677373 0.107200
2.681832 0.108800
2.686292 0.109200
2.690752 0.110400
2.695212 0.112400
2.699672 0.113600
2.704131 0.114400
2.708591 0.115600
2.713051 0.116800
2.717511 0.118400
2.721971 0.119200
2.726430 0.120000
2.730890 0.120400
2.735350 0.120800
2.739810 0.122000
2.744269 0.122800
2.748729 0.124000
2.753189 0.126000
2.757649 0.126400
2.762109 0.126800
2.766568 0.127600
2.771028 0.129200
2.775488 0.130000
2.779948 0.131200
2.784408 0.132800
2.788867 0.134000
2.793327 0.134800
2.797787 0.134800
2.802247 0.136800
2.806707 0.138400
2.811166 0.139600
2.815626 0.141600
2.820086 0.142400
2.824546 0.142800
2.829006 0.143200
2.833465 0.144000
2.837925 0.144400
2.842385 0.145200
2.846845 0.146000
2.851305 0.146000
2.855764 0.147200
2.860224 0.148800
2.864684 0.150000
2.869144 0.150800
2.873604 0.152400
2.878063 0.153200
2.882523 0.154800
2.886983 0.156400
2.891443 0.157200
2.895902 0.158400
2.900362 0.160000
2.904822 0.161600
2.909282 0.162000
2.913742 0.162400
2.918201 0.164400
2.922661 0.165200
2.927121 0.167200
2.931581 0.168400
2.936041 0.169200
2.940500 0.170000
2.944960 0.170800
2.949420 0.171600
2.953880 0.172800
2.958340 0.173200
2.962799 0.174000
2.967259 0.176000
2.971719 0.176800
2.976179 0.178400
2.980639 0.179600
2.985098 0.180400
2.989558 0.182000
2.994018 0.182800
2.998478 0.184000
3.002938 0.184400
3.007397 0.186000
3.011857 0.186000
3.016317 0.186400
3.020777 0.188000
3.025237 0.189600
3.029696 0.191200
3.034156 0.192000
3.038616 0.194800
3.043076 0.196400
3.047536 0.196800
3.051995 0.197200
3.056455 0.198400
3.060915 0.200000
3.065375 0.200800
3.069834 0.202000
3.074294 0.202400
3.078754 0.204000
3.083214 0.205200
3.087674 0.207200
3.092133 0.208000
3.096593 0.208800
3.101053 0.210400
3.105513 0.211600
3.109973 0.211600
3.114432 0.214400
3.118892 0.215600
3.123352 0.216800
3.127812 0.217600
3.132272 0.218400
3.136731 0.219600
3.141191 0.222400
3.145651 0.223600
3.150111 0.224000
3.154571 0.225600
3.159030 0.226800
3.163490 0.227600
3.167950 0.228400
3.172410 0.229600
3.176870 0.232000
3.181329 0.233600
3.185789 0.233600
3.190249 0.235200
3.194709 0.235600
3.199169 0.236400
3.203628 0.238000
3.208088 0.239200
3.212548 0.240400
3.217008 0.242000
3.221467 0.243200
3.225927 0.245200
3.230387 0.245200
3.234847 0.247600
3.239307 0.248400
3.243766 0.250000
3.248226 0.251600
3.252686 0.252800
3.257146 0.253600
3.261606 0.254800
3.266065 0.256000
3.270525 0.256400
3.274985 0.258400
3.279445 0.259200
3.283905 0.260400
3.288364 0.262400
3.292824 0.264800
3.297284 0.267200
3.301744 0.268400
3.306204 0.269600
3.310663 0.272000
3.315123 0.274000
3.319583 0.274800
3.324043 0.276000
3.328503 0.277600
3.332962 0.280400
3.337422 0.282400
3.341882 0.282800
3.346342 0.284000
3.350802 0.285600
3.355261 0.287200
3.359721 0.288000
3.364181 0.288800
3.368641 0.290000
3.373100 0.291600
3.377560 0.292400
3.382020 0.294000
3.386480 0.294400
3.390940 0.295600
3.395399 0.296400
3.399859 0.298400
3.404319 0.300400
3.408779 0.301600
3.413239 0.303600
3.417698 0.304400
3.422158 0.304800
3.426618 0.305600
3.431078 0.306400
3.435538 0.306800
3.439997 0.307200
3.444457 0.308400
3.448917 0.309600
3.453377 0.310400
3.457837 0.310800
3.462296 0.312000
3.466756 0.312800
3.471216 0.314400
3.475676 0.315200
3.480136 0.316000
3.484595 0.317600
3.489055 0.317600
3.493515 0.318400
3.497975 0.319200
3.502435 0.320400
3.506894 0.322400
3.511354 0.324400
3.515814 0.324800
3.520274 0.325200
3.524733 0.325200
3.529193 0.325600
3.533653 0.326400
3.538113 0.326800
3.542573 0.328000
3.547032 0.329200
3.551492 0.330800
3.555952 0.332000
3.560412 0.334400
3.564872 0.335200
3.569331 0.337200
3.573791 0.338400
3.578251 0.338800
3.582711 0.340400
3.587171 0.340800
3.591630 0.341600
3.596090 0.342000
3.600550 0.344000
3.605010 0.344800
3.609470 0.345600
3.613929 0.346400
3.618389 0.347200
3.622849 0.349200
3.627309 0.349200
3.631769 0.350400
3.636228 0.350800
3.640688 0.351600
3.645148 0.352000
3.649608 0.352400
3.654068 0.352800
3.658527 0.354400
3.662987 0.355600
3.667447 0.356800
3.671907 0.357600
3.676366 0.358800
3.680826 0.360800
3.685286 0.361200
3.689746 0.361200
3.694206 0.362000
3.698665 0.362800
3.703125 0.365200
3.707585 0.367200
3.712045 0.368000
3.716505 0.370000
3.720964 0.371200
3.725424 0.371600
3.729884 0.372400
3.734344 0.374000
3.738804 0.377200
3.743263 0.378000
3.747723 0.380000
3.752183 0.380400
3.756643 0.381200
3.761103 0.381600
3.765562 0.382800
3.770022 0.384000
3.774482 0.385200
3.778942 0.386400
3.783402 0.386800
3.787861 0.389600
3.792321 0.390000
3.796781 0.390800
3.801241 0.391600
3.805701 0.392800
3.810160 0.394400
3.814620 0.396400
3.819080 0.396400
3.823540 0.397600
3.828000 0.398000
3.832459 0.399600
3.836919 0.399600
3.841379 0.400400
3.845839 0.400400
3.850298 0.402000
3.854758 0.403600
3.859218 0.404000
3.863678 0.406000
3.868138 0.407600
3.872597 0.408800
3.877057 0.410400
3.881517 0.410800
3.885977 0.413200
3.890437 0.414800
3.894896 0.417200
3.899356 0.418400
3.903816 0.418800
3.908276 0.419200
3.912736 0.421600
3.917195 0.422400
3.921655 0.423200
3.926115 0.424400
3.930575 0.426000
3.935035 0.428000
3.939494 0.428800
3.943954 0.429200
3.948414 0.429200
3.952874 0.430000
3.957334 0.431200
3.961793 0.433200
3.966253 0.433600
3.970713 0.435600
3.975173 0.436800
3.979633 0.437200
3.984092 0.437600
3.988552 0.438400
3.993012 0.440400
3.997472 0.442000
4.001931 0.443200
4.006391 0.443600
4.010851 0.446000
4.015311 0.446800
4.019771 0.448800
4.024230 0.449600
4.028690 0.450000
4.033150 0.450400
4.037610 0.451200
4.042070 0.452000
4.046529 0.453200
4.050989 0.453600
4.055449 0.454400
4.059909 0.456000
4.064369 0.457200
4.068828 0.458400
4.073288 0.459200
4.077748 0.460400
4.082208 0.461600
4.086668 0.462800
4.091127 0.464400
4.095587 0.464800
4.100047 0.466000
4.104507 0.466400
4.108967 0.466800
4.113426 0.467200
4.117886 0.467600
4.122346 0.468800
4.126806 0.470400
4.131266 0.472400
4.135725 0.473200
4.140185 0.474400
4.144645 0.475600
4.149105 0.475600
4.153564 0.476000
4.158024 0.476800
4.162484 0.478400
4.166944 0.478800
4.171404 0.479200
4.175863 0.480000
4.180323 0.480000
4.184783 0.481600
4.189243 0.482400
4.193703 0.482800
4.198162 0.484400
4.202622 0.485200
4.207082 0.486400
4.211542 0.487200
4.216002 0.487200
4.220461 0.488000
4.224921 0.488800
4.229381 0.490000
4.233841 0.491200
4.238301 0.491200
4.242760 0.492800
4.247220 0.493200
4.251680 0.493200
4.256140 0.495200
4.260600 0.495600
4.265059 0.496800
4.269519 0.497200
4.273979 0.498400
4.278439 0.499200
4.282899 0.499200
4.287358 0.500800
4.291818 0.501600
4.296278 0.502000
4.300738 0.503200
4.305197 0.503600
4.309657 0.503600
4.314117 0.504800
4.318577 0.504800
4.323037 0.505200
4.327496 0.506000
4.331956 0.507200
4.336416 0.508000
4.340876 0.508400
4.345336 0.509600
4.349795 0.510000
4.354255 0.512400
4.358715 0.512800
4.363175 0.514800
4.367635 0.516000
4.372094 0.517600
4.376554 0.518800
4.381014 0.519200
4.385474 0.520000
4.389934 0.520800
4.394393 0.522400
4.398853 0.524400
4.403313 0.525200
4.407773 0.526000
4.412233 0.526800
4.416692 0.526800
4.421152 0.527200
4.425612 0.528400
4.430072 0.528400
4.434532 0.529200
4.438991 0.529200
4.443451 0.530000
4.447911 0.530000
4.452371 0.531600
4.456830 0.532400
4.461290 0.532400
4.465750 0.533200
4.470210 0.534400
4.474670 0.534400
4.479129 0.535600
4.483589 0.536000
4.488049 0.537200
4.492509 0.538000
4.496969 0.539200
4.501428 0.539600
4.505888 0.540800
4.510348 0.541200
4.514808 0.542000
4.519268 0.542400
4.523727 0.543200
4.528187 0.543600
4.532647 0.544400
4.537107 0.544800
4.541567 0.544800
4.546026 0.545600
4.550486 0.546800
4.554946 0.548000
4.559406 0.548800
4.563866 0.549200
4.568325 0.550400
4.572785 0.551200
4.577245 0.551600
4.581705 0.551600
4.586165 0.552000
4.590624 0.553600
4.595084 0.554400
4.599544 0.555600
4.604004 0.555600
4.608463 0.555600
4.612923 0.556000
4.617383 0.556400
4.621843 0.557600
4.626303 0.558000
4.630762 0.559200
4.635222 0.560000
4.639682 0.561200
4.644142 0.562000
4.648602 0.562000
4.653061 0.562800
4.657521 0.563600
4.661981 0.564400
4.666441 0.564800
4.670901 0.566400
4.675360 0.568000
4.679820 0.569200
4.684280 0.570000
4.688740 0.570400
4.693200 0.570800
4.697659 0.572000
4.702119 0.573200
4.706579 0.574000
4.711039 0.574800
4.715499 0.575600
4.719958 0.576000
4.724418 0.576800
4.728878 0.577600
4.733338 0.578400
4.737798 0.578400
4.742257 0.579200
4.746717 0.579600
4.751177 0.580000
4.755637 0.580800
4.760097 0.580800
4.764556 0.581200
4.769016 0.582400
4.773476 0.582800
4.777936 0.584000
4.782395 0.584800
4.786855 0.586800
4.791315 0.587600
4.795775 0.588000
4.800235 0.588000
4.804694 0.588400
4.809154 0.588400
4.813614 0.588400
4.818074 0.588400
4.822534 0.590400
4.826993 0.590800
4.831453 0.591600
4.835913 0.591600
4.840373 0.593200
4.844833 0.593600
4.849292 0.594800
4.853752 0.595200
4.858212 0.595600
4.862672 0.596000
4.867132 0.596800
4.871591 0.598400
4.876051 0.599600
4.880511 0.599600
4.884971 0.600400
4.889431 0.602400
4.893890 0.604000
4.898350 0.605200
4.902810 0.606000
4.907270 0.607600
4.911730 0.607600
4.916189 0.608000
4.920649 0.608800
4.925109 0.609200
4.929569 0.609600
4.934028 0.610800
4.938488 0.612000
4.942948 0.613200
4.947408 0.614000
4.951868 0.614400
4.956327 0.615600
4.960787 0.616000
4.965247 0.616800
4.969707 0.617600
4.974167 0.617600
4.978626 0.618000
4.983086 0.618800
4.987546 0.619200
4.992006 0.619200
4.996466 0.620000
5.000925 0.620400
5.005385 0.620800
5.009845 0.621600
5.014305 0.622000
5.018765 0.623200
5.023224 0.623200
5.027684 0.624400
5.032144 0.625600
5.036604 0.625600
5.041064 0.626400
5.045523 0.628000
5.049983 0.628800
5.054443 0.628800
5.058903 0.630000
5.063363 0.631200
5.067822 0.632400
5.072282 0.632800
5.076742 0.633200
5.081202 0.633600
5.085661 0.634000
5.090121 0.635200
5.094581 0.636000
5.099041 0.636400
5.103501 0.636800
5.107960 0.636800
5.112420 0.637600
5.116880 0.637600
5.121340 0.637600
5.125800 0.638400
5.130259 0.638400
5.134719 0.639200
5.139179 0.639600
5.143639 0.639600
5.148099 0.640800
5.152558 0.641600
5.157018 0.641600
5.161478 0.642000
5.165938 0.642400
5.170398 0.642800
5.174857 0.645200
5.179317 0.645600
5.183777 0.646000
5.188237 0.647200
5.192697 0.648000
5.197156 0.649200
5.201616 0.650400
5.206076 0.651600
5.210536 0.652000
5.214996 0.652400
5.219455 0.652800
5.223915 0.653600
5.228375 0.653600
5.232835 0.653600
5.237294 0.654000
5.241754 0.654000
5.246214 0.654000
5.250674 0.655600
5.255134 0.656800
5.259593 0.658000
5.264053 0.658400
5.268513 0.658800
5.272973 0.659600
5.277433 0.660000
5.281892 0.662000
5.286352 0.662400
5.290812 0.662400
5.295272 0.664800
5.299732 0.664800
5.304191 0.664800
5.308651 0.665200
5.313111 0.665200
5.317571 0.665200
5.322031 0.666800
5.326490 0.666800
5.330950 0.667200
5.335410 0.667200
5.339870 0.667600
5.344330 0.667600
5.348789 0.668000
5.353249 0.668000
5.357709 0.669200
5.362169 0.669200
5.366629 0.669600
5.371088 0.670400
5.375548 0.670400
5.380008 0.670800
5.384468 0.670800
5.388927 0.671200
5.393387 0.671600
5.397847 0.671600
5.402307 0.672400
5.406767 0.673200
5.411226 0.673200
5.415686 0.673600
5.420146 0.673600
5.424606 0.674800
5.429066 0.676000
5.433525 0.678000
5.437985 0.678800
5.442445 0.678800
5.446905 0.679600
5.451365 0.680000
5.455824 0.680400
5.460284 0.681600
5.464744 0.682400
5.469204 0.683200
5.473664 0.683200
5.478123 0.683600
5.482583 0.684000
5.487043 0.684400
5.491503 0.685200
5.495963 0.685200
5.500422 0.686800
5.504882 0.687600
5.509342 0.688000
5.513802 0.688800
5.518262 0.690000
5.522721 0.690400
5.527181 0.692000
5.531641 0.692400
5.536101 0.692400
5.540561 0.692800
5.545020 0.693200
5.549480 0.693600
5.553940 0.694000
5.558400 0.694000
5.562859 0.694800
5.567319 0.695600
5.571779 0.696000
5.576239 0.696400
5.580699 0.696800
5.585158 0.697200
5.589618 0.697600
5.594078 0.698400
5.598538 0.698800
5.602998 0.699200
5.607457 0.701200
5.611917 0.701600
5.616377 0.702400
5.620837 0.703200
5.625297 0.703200
5.629756 0.704000
5.634216 0.704400
5.638676 0.704800
5.643136 0.705200
5.647596 0.705600
5.652055 0.706000
5.656515 0.706400
5.660975 0.707600
5.665435 0.708800
5.669895 0.709200
5.674354 0.709200
5.678814 0.709600
5.683274 0.709600
5.687734 0.710800
5.692194 0.711600
5.696653 0.712000
5.701113 0.712000
5.705573 0.712400
5.710033 0.712800
5.714492 0.712800
5.718952 0.713200
5.723412 0.713600
5.727872 0.714800
5.732332 0.714800
5.736791 0.714800
5.741251 0.714800
5.745711 0.714800
5.750171 0.715600
5.754631 0.715600
5.759090 0.716400
5.763550 0.716400
5.768010 0.716800
5.772470 0.716800
5.776930 0.716800
5.781389 0.717200
5.785849 0.717600
5.790309 0.717600
5.794769 0.718400
5.799229 0.718800
5.803688 0.719200
5.808148 0.719600
5.812608 0.719600
5.817068 0.720000
5.821528 0.720000
5.825987 0.720000
5.830447 0.720400
5.834907 0.721600
5.839367 0.721600
5.843827 0.722000
5.848286 0.722400
5.852746 0.723200
5.857206 0.723200
5.861666 0.723200
5.866125 0.723200
5.870585 0.723600
5.875045 0.723600
5.879505 0.723600
5.883965 0.723600
5.888424 0.724400
5.892884 0.724800
5.897344 0.724800
5.901804 0.725200
5.906264 0.725600
5.910723 0.726000
5.915183 0.726400
5.919643 0.727600
5.924103 0.728000
5.928563 0.730000
5.933022 0.730000
5.937482 0.730800
5.941942 0.730800
5.946402 0.730800
5.950862 0.730800
5.955321 0.730800
5.959781 0.730800
5.964241 0.730800
5.968701 0.730800
5.973161 0.730800
5.977620 0.731200
5.982080 0.731600
5.986540 0.732400
5.991000 0.733200
5.995460 0.734000
5.999919 0.734000
6.004379 0.734400
6.008839 0.734400
6.013299 0.735200
6.017758 0.735600
6.022218 0.736400
6.026678 0.736400
6.031138 0.736400
6.035598 0.736800
6.040057 0.737200
6.044517 0.737600
6.048977 0.738800
6.053437 0.739200
6.057897 0.739600
6.062356 0.740000
6.066816 0.740000
6.071276 0.740400
6.075736 0.741600
6.080196 0.741600
6.084655 0.742400
6.089115 0.742400
6.093575 0.742800
6.098035 0.743600
6.102495 0.744000
6.106954 0.745200
6.111414 0.745200
6.115874 0.745200
6.120334 0.746000
6.124794 0.746400
6.129253 0.746800
6.133713 0.747600
6.138173 0.747600
6.142633 0.748000
6.147093 0.748000
6.151552 0.748800
6.156012 0.749200
6.160472 0.750000
6.164932 0.750000
6.169391 0.750400
6.173851 0.751200
6.178311 0.752400
6.182771 0.752800
6.187231 0.752800
6.191690 0.753600
6.196150 0.754000
6.200610 0.754000
6.205070 0.754000
6.209530 0.754000
6.213989 0.754400
6.218449 0.754400
6.222909 0.755200
6.227369 0.755200
6.231829 0.755200
6.236288 0.756400
6.240748 0.756400
6.245208 0.756400
6.249668 0.757200
6.254128 0.757200
6.258587 0.757200
6.263047 0.758000
6.267507 0.758000
6.271967 0.758000
6.276427 0.758400
6.280886 0.758400
6.285346 0.758400
6.289806 0.758800
6.294266 0.759200
6.298726 0.759600
6.303185 0.760000
6.307645 0.760000
6.312105 0.760000
6.316565 0.760800
6.321024 0.761200
6.325484 0.761200
6.329944 0.761200
6.334404 0.761200
6.338864 0.761600
6.343323 0.762000
6.347783 0.763600
6.352243 0.764000
6.356703 0.764400
6.361163 0.764800
6.365622 0.765600
6.370082 0.766400
6.374542 0.766400
6.379002 0.767200
6.383462 0.768000
6.387921 0.768400
6.392381 0.768400
6.396841 0.768400
6.401301 0.768400
6.405761 0.768400
6.410220 0.768400
6.414680 0.768400
6.419140 0.768800
6.423600 0.768800
6.428060 0.769600
6.432519 0.770000
6.436979 0.770000
6.441439 0.770000
6.445899 0.770000
6.450359 0.770000
6.454818 0.770400
6.459278 0.771600
6.463738 0.771600
6.468198 0.772000
6.472658 0.772000
6.477117 0.772400
6.481577 0.772400
6.486037 0.772800
6.490497 0.772800
6.494956 0.772800
6.499416 0.772800
6.503876 0.772800
6.508336 0.773200
6.512796 0.773200
6.517255 0.774000
6.521715 0.774000
6.526175 0.774400
6.530635 0.774400
6.535095 0.774400
6.539554 0.774800
6.544014 0.774800
6.548474 0.775200
6.552934 0.775200
6.557394 0.775600
6.561853 0.776400
6.566313 0.776800
6.570773 0.776800
6.575233 0.778000
6.579693 0.778800
6.584152 0.778800
6.588612 0.779200
6.593072 0.779200
6.597532 0.779600
6.601992 0.779600
6.606451 0.779600
6.610911 0.780000
6.615371 0.780400
6.619831 0.780400
6.624291 0.780400
6.628750 0.780400
6.633210 0.780400
6.637670 0.780400
6.642130 0.781200
6.646589 0.781200
6.651049 0.781200
6.655509 0.782000
6.659969 0.782400
6.664429 0.782400
6.668888 0.782800
6.673348 0.783200
6.677808 0.784000
6.682268 0.784000
6.686728 0.784400
6.691187 0.784800
6.695647 0.784800
6.700107 0.784800
6.704567 0.784800
6.709027 0.785200
6.713486 0.786800
6.717946 0.787200
6.722406 0.787600
6.726866 0.787600
6.731326 0.788000
6.735785 0.788400
6.740245 0.788800
6.744705 0.788800
6.749165 0.788800
6.753625 0.789200
6.758084 0.789200
6.762544 0.789200
6.767004 0.789200
6.771464 0.789600
6.775924 0.790000
6.780383 0.790400
6.784843 0.790800
6.789303 0.791200
6.793763 0.792000
6.798222 0.792400
6.802682 0.792400
6.807142 0.792400
6.811602 0.792800
6.816062 0.793200
6.820521 0.793600
6.824981 0.794400
6.829441 0.794800
6.833901 0.794800
6.838361 0.794800
6.842820 0.794800
6.847280 0.795600
6.851740 0.795600
6.856200 0.795600
6.860660 0.796000
6.865119 0.796000
6.869579 0.796000
6.874039 0.796000
6.878499 0.796000
6.882959 0.796000
6.887418 0.796000
6.891878 0.796400
6.896338 0.796800
6.900798 0.797200
6.905258 0.797200
6.909717 0.797600
6.914177 0.797600
6.918637 0.797600
6.923097 0.798400
6.927557 0.799200
6.932016 0.800000
6.936476 0.800000
6.940936 0.801200
6.945396 0.801600
6.949855 0.801600
6.954315 0.801600
6.958775 0.801600
6.963235 0.802000
6.967695 0.802400
6.972154 0.802800
6.976614 0.803200
6.981074 0.803200
6.985534 0.804000
6.989994 0.804000
6.994453 0.804000
6.998913 0.804400
7.003373 0.804800
7.007833 0.804800
7.012293 0.804800
7.016752 0.805200
7.021212 0.805600
7.025672 0.805600
7.030132 0.805600
7.034592 0.806000
7.039051 0.806800
7.043511 0.807200
7.047971 0.807200
7.052431 0.807600
7.056891 0.808400
7.061350 0.808800
7.065810 0.809200
7.070270 0.810000
7.074730 0.810000
7.079190 0.810000
7.083649 0.810400
7.088109 0.811200
7.092569 0.811600
7.097029 0.812000
7.101488 0.812000
7.105948 0.812800
7.110408 0.813200
7.114868 0.813200
7.119328 0.813200
7.123787 0.813600
7.128247 0.813600
7.132707 0.814000
7.137167 0.814800
7.141627 0.815200
7.146086 0.815200
7.150546 0.815600
7.155006 0.816000
7.159466 0.816000
7.163926 0.816400
7.168385 0.816400
7.172845 0.816400
7.177305 0.816800
7.181765 0.817200
7.186225 0.817600
7.190684 0.818400
7.195144 0.818800
7.199604 0.818800
7.204064 0.819200
7.208524 0.819200
7.212983 0.819200
7.217443 0.820000
7.221903 0.820400
7.226363 0.820400
7.230823 0.820800
7.235282 0.820800
7.239742 0.820800
7.244202 0.821200
7.248662 0.821600
7.253121 0.822000
7.257581 0.822000
7.262041 0.822000
7.266501 0.822400
7.270961 0.822800
7.275420 0.822800
7.279880 0.823200
7.284340 0.823200
7.288800 0.824000
7.293260 0.824000
7.297719 0.824000
7.302179 0.824000
7.306639 0.824800
7.311099 0.824800
7.315559 0.825200
7.320018 0.825200
7.324478 0.825200
7.328938 0.825600
7.333398 0.825600
7.337858 0.825600
7.342317 0.825600
7.346777 0.826000
7.351237 0.826000
7.355697 0.826000
7.360157 0.826000
7.364616 0.826400
7.369076 0.827200
7.373536 0.827200
7.377996 0.827200
7.382456 0.827200
7.386915 0.827200
7.391375 0.827600
7.395835 0.827600
7.400295 0.828000
7.404755 0.828800
7.409214 0.828800
7.413674 0.828800
7.418134 0.828800
7.422594 0.829200
7.427053 0.829600
7.431513 0.830800
7.435973 0.830800
7.440433 0.830800
7.444893 0.831200
7.449352 0.831200
7.453812 0.831600
7.458272 0.832400
7.462732 0.832800
7.467192 0.833200
7.471651 0.833600
7.476111 0.834000
7.480571 0.834800
7.485031 0.834800
7.489491 0.834800
7.493950 0.835200
7.498410 0.835200
7.502870 0.835600
7.507330 0.836000
7.511790 0.836400
7.516249 0.836400
7.520709 0.836800
7.525169 0.836800
7.529629 0.837200
7.534089 0.837200
7.538548 0.838000
7.543008 0.838800
7.547468 0.838800
7.551928 0.838800
7.556388 0.839200
7.560847 0.839600
7.565307 0.840400
7.569767 0.840800
7.574227 0.840800
7.578686 0.842400
7.583146 0.842800
7.587606 0.842800
7.592066 0.843200
7.596526 0.843200
7.600985 0.843200
7.605445 0.844000
7.609905 0.845200
7.614365 0.846000
7.618825 0.846000
7.623284 0.846400
7.627744 0.846400
7.632204 0.846400
7.636664 0.847200
7.641124 0.847600
7.645583 0.848400
7.650043 0.849200
7.654503 0.849200
7.658963 0.849600
7.663423 0.850400
7.667882 0.850800
7.672342 0.851200
7.676802 0.851200
7.681262 0.851600
7.685722 0.852000
7.690181 0.852000
7.694641 0.852000
7.699101 0.852000
7.703561 0.852400
7.708021 0.852400
7.712480 0.852800
7.716940 0.853200
7.721400 0.853600
7.725860 0.853600
7.730319 0.854000
7.734779 0.854000
7.739239 0.854400
7.743699 0.854800
7.748159 0.854800
7.752618 0.854800
7.757078 0.854800
7.761538 0.854800
7.765998 0.855200
7.770458 0.855200
7.774917 0.855200
7.779377 0.856000
7.783837 0.856400
7.788297 0.856400
7.792757 0.856800
7.797216 0.856800
7.801676 0.857600
7.806136 0.857600
7.810596 0.858000
7.815056 0.858400
7.819515 0.858800
7.823975 0.858800
7.828435 0.858800
7.832895 0.859200
7.837355 0.859600
7.841814 0.859600
7.846274 0.859600
7.850734 0.859600
7.855194 0.859600
7.859654 0.860000
7.864113 0.860400
7.868573 0.860400
7.873033 0.860400
7.877493 0.860800
7.881952 0.861200
7.886412 0.861200
7.890872 0.861200
7.895332 0.861600
7.899792 0.861600
7.904251 0.862000
7.908711 0.862800
7.913171 0.862800
7.917631 0.862800
7.922091 0.862800
7.926550 0.862800
7.931010 0.863600
7.935470 0.864000
7.939930 0.864000
7.944390 0.864000
7.948849 0.864000
7.953309 0.864800
7.957769 0.865200
7.962229 0.865600
7.966689 0.865600
7.971148 0.865600
7.975608 0.866000
7.980068 0.866000
7.984528 0.866400
7.988988 0.866400
7.993447 0.866800
7.997907 0.867200
8.002367 0.867200
8.006827 0.868400
8.011287 0.868400
8.015746 0.868400
8.020206 0.869600
8.024666 0.869600
8.029126 0.870400
8.033585 0.870400
8.038045 0.870800
8.042505 0.870800
8.046965 0.870800
8.051425 0.870800
8.055884 0.870800
8.060344 0.870800
8.064804 0.870800
8.069264 0.872000
8.073724 0.872000
8.078183 0.872000
8.082643 0.872000
8.087103 0.872000
8.091563 0.872800
8.096023 0.873200
8.100482 0.873200
8.104942 0.873200
8.109402 0.873200
8.113862 0.873600
8.118322 0.873600
8.122781 0.873600
8.127241 0.873600
8.131701 0.873600
8.136161 0.873600
8.140621 0.873600
8.145080 0.873600
8.149540 0.873600
8.154000 0.874800
8.158460 0.875200
8.162920 0.875600
8.167379 0.875600
8.171839 0.875600
8.176299 0.875600
8.180759 0.876000
8.185219 0.876000
8.189678 0.876400
8.194138 0.876800
8.198598 0.876800
8.203058 0.876800
8.207517 0.876800
8.211977 0.877200
8.216437 0.877200
8.220897 0.877200
8.225357 0.877200
8.229816 0.878000
8.234276 0.878000
8.238736 0.878800
8.243196 0.878800
8.247656 0.878800
8.252115 0.879200
8.256575 0.879200
8.261035 0.879200
8.265495 0.879200
8.269955 0.879600
8.274414 0.879600
8.278874 0.879600
8.283334 0.879600
8.287794 0.880400
8.292254 0.880400
8.296713 0.880800
8.301173 0.880800
8.305633 0.880800
8.310093 0.881200
8.314553 0.881600
8.319012 0.881600
8.323472 0.881600
8.327932 0.881600
8.332392 0.882000
8.336852 0.882400
8.341311 0.882400
8.345771 0.882400
8.350231 0.882400
8.354691 0.882800
8.359150 0.883200
8.363610 0.883600
8.368070 0.883600
8.372530 0.883600
8.376990 0.883600
8.381449 0.883600
8.385909 0.884000
8.390369 0.884000
8.394829 0.884000
8.399289 0.884000
8.403748 0.884400
8.408208 0.884400
8.412668 0.884400
8.417128 0.884400
8.421588 0.884800
8.426047 0.884800
8.430507 0.884800
8.434967 0.884800
8.439427 0.885600
8.443887 0.886000
8.448346 0.886000
8.452806 0.886000
8.457266 0.886000
8.461726 0.886000
8.466186 0.886400
8.470645 0.886400
8.475105 0.886400
8.479565 0.887200
8.484025 0.887200
8.488485 0.887200
8.492944 0.887200
8.497404 0.887600
8.501864 0.888000
8.506324 0.888400
8.510783 0.888400
8.515243 0.888400
8.519703 0.888800
8.524163 0.888800
8.528623 0.888800
8.533082 0.888800
8.537542 0.888800
8.542002 0.889200
8.546462 0.889600
8.550922 0.890000
8.555381 0.890000
8.559841 0.890000
8.564301 0.890400
8.568761 0.890800
8.573221 0.891200
8.577680 0.891200
8.582140 0.891200
8.586600 0.891200
8.591060 0.891200
8.595520 0.891200
8.599979 0.891600
8.604439 0.891600
8.608899 0.891600
8.613359 0.891600
8.617819 0.892400
8.622278 0.892400
8.626738 0.892800
8.631198 0.892800
8.635658 0.893200
8.640118 0.893200
8.644577 0.893200
8.649037 0.893200
8.653497 0.893200
8.657957 0.893600
8.662416 0.893600
8.666876 0.893600
8.671336 0.893600
8.675796 0.894000
8.680256 0.894000
8.684715 0.894400
8.689175 0.894400
8.693635 0.894400
8.698095 0.894400
8.702555 0.894800
8.707014 0.894800
8.711474 0.895600
8.715934 0.896400
8.720394 0.897200
8.724854 0.897600
8.729313 0.898400
8.733773 0.898400
8.738233 0.898800
8.742693 0.899600
8.747153 0.899600
8.751612 0.899600
8.756072 0.899600
8.760532 0.899600
8.764992 0.899600
8.769452 0.900000
8.773911 0.900000
8.778371 0.900000
8.782831 0.900000
8.787291 0.900000
8.791751 0.900000
8.796210 0.900400
8.800670 0.900400
8.805130 0.900400
8.809590 0.900400
8.814049 0.901200
8.818509 0.901200
8.822969 0.901200
8.827429 0.901600
8.831889 0.902000
8.836348 0.902400
8.840808 0.902400
8.845268 0.902400
8.849728 0.902400
8.854188 0.902800
8.858647 0.902800
8.863107 0.902800
8.867567 0.902800
8.872027 0.903200
8.876487 0.903600
8.880946 0.903600
8.885406 0.903600
8.889866 0.904000
8.894326 0.904000
8.898786 0.904000
8.903245 0.904000
8.907705 0.904000
8.912165 0.904000
8.916625 0.904000
8.921085 0.904000
8.925544 0.904000
8.930004 0.904000
8.934464 0.904000
8.938924 0.904400
8.943384 0.904400
8.947843 0.904400
8.952303 0.904400
8.956763 0.904800
8.961223 0.905200
8.965682 0.905200
8.970142 0.905200
8.974602 0.905200
8.979062 0.905600
8.983522 0.905600
8.987981 0.905600
8.992441 0.905600
8.996901 0.905600
9.001361 0.906000
9.005821 0.906000
9.010280 0.906400
9.014740 0.906800
9.019200 0.906800
9.023660 0.907200
9.028120 0.907200
9.032579 0.907200
9.037039 0.907200
9.041499 0.907200
9.045959 0.907600
9.050419 0.907600
9.054878 0.908000
9.059338 0.908000
9.063798 0.908400
9.068258 0.908800
9.072718 0.908800
9.077177 0.908800
9.081637 0.909200
9.086097 0.909600
9.090557 0.909600
9.095017 0.910000
9.099476 0.910000
9.103936 0.910400
9.108396 0.910400
9.112856 0.910400
9.117316 0.910800
9.121775 0.911200
9.126235 0.911200
9.130695 0.911600
9.135155 0.911600
9.139614 0.911600
9.144074 0.911600
9.148534 0.911600
9.152994 0.911600
9.157454 0.912000
9.161913 0.912000
9.166373 0.912000
9.170833 0.912000
9.175293 0.912000
9.179753 0.912000
9.184212 0.912000
9.188672 0.912000
9.193132 0.912000
9.197592 0.912000
9.202052 0.912000
9.206511 0.912000
9.210971 0.912400
9.215431 0.912800
9.219891 0.912800
9.224351 0.912800
9.228810 0.912800
9.233270 0.912800
9.237730 0.912800
9.242190 0.913200
9.246650 0.913200
9.251109 0.913200
9.255569 0.913200
9.260029 0.913200
9.264489 0.913200
9.268949 0.913600
9.273408 0.914000
9.277868 0.914000
9.282328 0.914400
9.286788 0.914400
9.291247 0.914800
9.295707 0.914800
9.300167 0.914800
9.304627 0.915600
9.309087 0.915600
9.313546 0.915600
9.318006 0.915600
9.322466 0.915600
9.326926 0.915600
9.331386 0.915600
9.335845 0.915600
9.340305 0.915600
9.344765 0.915600
9.349225 0.916000
9.353685 0.916000
9.358144 0.916000
9.362604 0.916000
9.367064 0.916000
9.371524 0.916000
9.375984 0.916000
9.380443 0.916000
9.384903 0.916400
9.389363 0.916400
9.393823 0.916400
9.398283 0.916800
9.402742 0.916800
9.407202 0.916800
9.411662 0.916800
9.416122 0.917200
9.420582 0.917600
9.425041 0.917600
9.429501 0.917600
9.433961 0.917600
9.438421 0.918000
9.442880 0.918000
9.447340 0.918000
9.451800 0.918000
9.456260 0.918000
9.460720 0.918000
9.465179 0.918400
9.469639 0.918800
9.474099 0.918800
9.478559 0.919600
9.483019 0.919600
9.487478 0.920000
9.491938 0.920000
9.496398 0.920000
9.500858 0.920000
9.505318 0.920000
9.509777 0.920000
9.514237 0.920400
9.518697 0.920400
9.523157 0.920800
9.527617 0.920800
9.532076 0.920800
9.536536 0.920800
9.540996 0.920800
9.545456 0.920800
9.549916 0.920800
9.554375 0.920800
9.558835 0.920800
9.563295 0.920800
9.567755 0.920800
9.572215 0.920800
9.576674 0.920800
9.581134 0.920800
9.585594 0.920800
9.590054 0.920800
9.594513 0.920800
9.598973 0.920800
9.603433 0.921200
9.607893 0.921200
9.612353 0.921200
9.616812 0.921600
9.621272 0.922000
9.625732 0.922000
9.630192 0.922400
9.634652 0.922400
9.639111 0.922400
9.643571 0.922400
9.648031 0.922800
9.652491 0.922800
9.656951 0.923200
9.661410 0.923200
9.665870 0.923200
9.670330 0.923200
9.674790 0.923200
9.679250 0.923200
9.683709 0.923200
9.688169 0.923200
9.692629 0.923600
9.697089 0.923600
9.701549 0.923600
9.706008 0.924000
9.710468 0.924000
9.714928 0.924000
9.719388 0.924000
9.723848 0.924000
9.728307 0.924400
9.732767 0.924400
9.737227 0.924800
9.741687 0.925200
9.746146 0.925200
9.750606 0.925200
9.755066 0.925200
9.759526 0.926000
9.763986 0.926000
9.768445 0.926400
9.772905 0.926400
9.777365 0.926400
9.781825 0.926800
9.786285 0.926800
9.790744 0.926800
9.795204 0.926800
9.799664 0.926800
9.804124 0.926800
9.808584 0.926800
9.813043 0.926800
9.817503 0.926800
9.821963 0.926800
9.826423 0.927200
9.830883 0.927200
9.835342 0.927200
9.839802 0.927200
9.844262 0.927200
9.848722 0.927200
9.853182 0.927200
9.857641 0.927600
9.862101 0.928000
9.866561 0.928000
9.871021 0.928400
9.875481 0.928400
9.879940 0.928400
9.884400 0.928400
9.888860 0.928400
9.893320 0.928400
9.897780 0.928800
9.902239 0.928800
9.906699 0.928800
9.911159 0.928800
9.915619 0.928800
9.920078 0.928800
9.924538 0.928800
9.928998 0.928800
9.933458 0.928800
9.937918 0.928800
9.942377 0.928800
9.946837 0.928800
9.951297 0.928800
9.955757 0.929200
9.960217 0.930000
9.964676 0.930400
9.969136 0.930800
9.973596 0.930800
9.978056 0.931200
9.982516 0.931200
9.986975 0.931200
9.991435 0.931200
9.995895 0.931200
