1.672753 0.000400
1.684806 0.000400
1.696858 0.000800
1.708911 0.000800
1.720963 0.000800
1.733016 0.000800
1.745068 0.000800
1.757121 0.002000
1.769173 0.002000
1.781225 0.002000
1.793278 0.002000
1.805330 0.002000
1.817383 0.002400
1.829435 0.002400
1.841488 0.002800
1.853540 0.003200
1.865593 0.003200
1.877645 0.004000
1.889698 0.004400
1.901750 0.004400
1.913803 0.004400
1.925855 0.004400
1.937908 0.004400
1.949960 0.004400
1.962012 0.004800
1.974065 0.005600
1.986117 0.006000
1.998170 0.007200
2.010222 0.008000
2.022275 0.008400
2.034327 0.008400
2.046380 0.008800
2.058432 0.009600
2.070485 0.010000
2.082537 0.010800
2.094590 0.011200
2.106642 0.012000
2.118694 0.012800
2.130747 0.013600
2.142799 0.015600
2.154852 0.016400
2.166904 0.016400
2.178957 0.016400
2.191009 0.017600
2.203062 0.018000
2.215114 0.018000
2.227167 0.018800
2.239219 0.020400
2.251272 0.020400
2.263324 0.022000
2.275377 0.022800
2.287429 0.023600
2.299481 0.024800
2.311534 0.025600
2.323586 0.025600
2.335639 0.026000
2.347691 0.027200
2.359744 0.027600
2.371796 0.028000
2.383849 0.030000
2.395901 0.030800
2.407954 0.032000
2.420006 0.032400
2.432059 0.032400
2.444111 0.033600
2.456164 0.034000
2.468216 0.035200
2.480268 0.035600
2.492321 0.037200
2.504373 0.038000
2.516426 0.038800
2.528478 0.040000
2.540531 0.040000
2.552583 0.040800
2.564636 0.042800
2.576688 0.043600
2.588741 0.045600
2.600793 0.048800
2.612846 0.049200
2.624898 0.051200
2.636950 0.051200
2.649003 0.052400
2.661055 0.054400
2.673108 0.055200
2.685160 0.056000
2.697213 0.056800
2.709265 0.058800
2.721318 0.060800
2.733370 0.062000
2.745423 0.063600
2.757475 0.065600
2.769528 0.068000
2.781580 0.070000
2.793633 0.071200
2.805685 0.071600
2.817737 0.072800
2.829790 0.073200
2.841842 0.077200
2.853895 0.078000
2.865947 0.079600
2.878000 0.082400
2.890052 0.083600
2.902105 0.084800
2.914157 0.086000
2.926210 0.088000
2.938262 0.090400
2.950315 0.092400
2.962367 0.095200
2.974419 0.098000
2.986472 0.100000
2.998524 0.101200
3.010577 0.102400
3.022629 0.102800
3.034682 0.104400
3.046734 0.106400
3.058787 0.108800
3.070839 0.110400
3.082892 0.110400
3.094944 0.112400
3.106997 0.114800
3.119049 0.116800
3.131102 0.119600
3.143154 0.120800
3.155206 0.122000
3.167259 0.123200
3.179311 0.126800
3.191364 0.129600
3.203416 0.131600
3.215469 0.133200
3.227521 0.135600
3.239574 0.138400
3.251626 0.140000
3.263679 0.141600
3.275731 0.143600
3.287784 0.145200
3.299836 0.146800
3.311889 0.148800
3.323941 0.150400
3.335993 0.153200
3.348046 0.155200
3.360098 0.156800
3.372151 0.159200
3.384203 0.160800
3.396256 0.163600
3.408308 0.166000
3.420361 0.167600
3.432413 0.170400
3.444466 0.172400
3.456518 0.174800
3.468571 0.176800
3.480623 0.178800
3.492675 0.179600
3.504728 0.182400
3.516780 0.184800
3.528833 0.186800
3.540885 0.188800
3.552938 0.189600
3.564990 0.190400
3.577043 0.192000
3.589095 0.193200
3.601148 0.196000
3.613200 0.197600
3.625253 0.198400
3.637305 0.202000
3.649358 0.205200
3.661410 0.207200
3.673462 0.210400
3.685515 0.212400
3.697567 0.213600
3.709620 0.215600
3.721672 0.218400
3.733725 0.219600
3.745777 0.221200
3.757830 0.222000
3.769882 0.224000
3.781935 0.225600
3.793987 0.225600
3.806040 0.226000
3.818092 0.230000
3.830144 0.231600
3.842197 0.232800
3.854249 0.234400
3.866302 0.236400
3.878354 0.237200
3.890407 0.240000
3.902459 0.244000
3.914512 0.246800
3.926564 0.249200
3.938617 0.249600
3.950669 0.252000
3.962722 0.254000
3.974774 0.256800
3.986827 0.259600
3.998879 0.260800
4.010931 0.261600
4.022984 0.263200
4.035036 0.265200
4.047089 0.266400
4.059141 0.269600
4.071194 0.271600
4.083246 0.274400
4.095299 0.278000
4.107351 0.280800
4.119404 0.282800
4.131456 0.284800
4.143509 0.286800
4.155561 0.289600
4.167614 0.291200
4.179666 0.293600
4.191718 0.296000
4.203771 0.298400
4.215823 0.300800
4.227876 0.304000
4.239928 0.305200
4.251981 0.307200
4.264033 0.310000
4.276086 0.311200
4.288138 0.312800
4.300191 0.313600
4.312243 0.315600
4.324296 0.316400
4.336348 0.319600
4.348400 0.321200
4.360453 0.322400
4.372505 0.323200
4.384558 0.326000
4.396610 0.328000
4.408663 0.329600
4.420715 0.331200
4.432768 0.334400
4.444820 0.336400
4.456873 0.338800
4.468925 0.340000
4.480978 0.340800
4.493030 0.342400
4.505083 0.344000
4.517135 0.346000
4.529187 0.348000
4.541240 0.349200
4.553292 0.350800
4.565345 0.351600
4.577397 0.354800
4.589450 0.356800
4.601502 0.358400
4.613555 0.359600
4.625607 0.360800
4.637660 0.361600
4.649712 0.363200
4.661765 0.365200
4.673817 0.368400
4.685870 0.370400
4.697922 0.371600
4.709974 0.374000
4.722027 0.376000
4.734079 0.376800
4.746132 0.379600
4.758184 0.380800
4.770237 0.381600
4.782289 0.383600
4.794342 0.384400
4.806394 0.384800
4.818447 0.386000
4.830499 0.387600
4.842552 0.390800
4.854604 0.391600
4.866656 0.392000
4.878709 0.392800
4.890761 0.394400
4.902814 0.396000
4.914866 0.396800
4.926919 0.398800
4.938971 0.400400
4.951024 0.400800
4.963076 0.402400
4.975129 0.404800
4.987181 0.406000
4.999234 0.408000
5.011286 0.408800
5.023339 0.410400
5.035391 0.412400
5.047443 0.414400
5.059496 0.416000
5.071548 0.417200
5.083601 0.418800
5.095653 0.420000
5.107706 0.420400
5.119758 0.421600
5.131811 0.422800
5.143863 0.425600
5.155916 0.427200
5.167968 0.430000
5.180021 0.432800
5.192073 0.434000
5.204125 0.435600
5.216178 0.437200
5.228230 0.438800
5.240283 0.440400
5.252335 0.441200
5.264388 0.443200
5.276440 0.445600
5.288493 0.447600
5.300545 0.449600
5.312598 0.450400
5.324650 0.451600
5.336703 0.454000
5.348755 0.456000
5.360808 0.457200
5.372860 0.459200
5.384912 0.461600
5.396965 0.464400
5.409017 0.465600
5.421070 0.466800
5.433122 0.467200
5.445175 0.469200
5.457227 0.469200
5.469280 0.470800
5.481332 0.473200
5.493385 0.474800
5.505437 0.475200
5.517490 0.475600
5.529542 0.475600
5.541595 0.477600
5.553647 0.478800
5.565699 0.480000
5.577752 0.481600
5.589804 0.482400
5.601857 0.483600
5.613909 0.484400
5.625962 0.485200
5.638014 0.486400
5.650067 0.487600
5.662119 0.488400
5.674172 0.489200
5.686224 0.490800
5.698277 0.492000
5.710329 0.492800
5.722381 0.494400
5.734434 0.495600
5.746486 0.496000
5.758539 0.498400
5.770591 0.498800
5.782644 0.500800
5.794696 0.502400
5.806749 0.504000
5.818801 0.505200
5.830854 0.506000
5.842906 0.507200
5.854959 0.508400
5.867011 0.509600
5.879064 0.510400
5.891116 0.512000
5.903168 0.513600
5.915221 0.514800
5.927273 0.515600
5.939326 0.516400
5.951378 0.517200
5.963431 0.519600
5.975483 0.520800
5.987536 0.522000
5.999588 0.523200
6.011641 0.525200
6.023693 0.526400
6.035746 0.526800
6.047798 0.528400
6.059851 0.528800
6.071903 0.530400
6.083955 0.531200
6.096008 0.531200
6.108060 0.532800
6.120113 0.533600
6.132165 0.533600
6.144218 0.534400
6.156270 0.534800
6.168323 0.536000
6.180375 0.538000
6.192428 0.539200
6.204480 0.541200
6.216533 0.541600
6.228585 0.542800
6.240637 0.544800
6.252690 0.546400
6.264742 0.547200
6.276795 0.548000
6.288847 0.549600
6.300900 0.551200
6.312952 0.552800
6.325005 0.553600
6.337057 0.554800
6.349110 0.556800
6.361162 0.558000
6.373215 0.558800
6.385267 0.560000
6.397320 0.560400
6.409372 0.562800
6.421424 0.563200
6.433477 0.566400
6.445529 0.567600
6.457582 0.568800
6.469634 0.570000
6.481687 0.571200
6.493739 0.571200
6.505792 0.572000
6.517844 0.572400
6.529897 0.572800
6.541949 0.573600
6.554002 0.574000
6.566054 0.574000
6.578106 0.574800
6.590159 0.575600
6.602211 0.576400
6.614264 0.578000
6.626316 0.578800
6.638369 0.580400
6.650421 0.580800
6.662474 0.581600
6.674526 0.583200
6.686579 0.583600
6.698631 0.584400
6.710684 0.584800
6.722736 0.586000
6.734789 0.588400
6.746841 0.588800
6.758893 0.590000
6.770946 0.590400
6.782998 0.591200
6.795051 0.592800
6.807103 0.593600
6.819156 0.594000
6.831208 0.596400
6.843261 0.597200
6.855313 0.598000
6.867366 0.598400
6.879418 0.598400
6.891471 0.598800
6.903523 0.598800
6.915576 0.599600
6.927628 0.600800
6.939680 0.602800
6.951733 0.603200
6.963785 0.606000
6.975838 0.607600
6.987890 0.608000
6.999943 0.608400
7.011995 0.609200
7.024048 0.611200
7.036100 0.612800
7.048153 0.612800
7.060205 0.614000
7.072258 0.614400
7.084310 0.615200
7.096362 0.615600
7.108415 0.616800
7.120467 0.618000
7.132520 0.618400
7.144572 0.618800
7.156625 0.619600
7.168677 0.620000
7.180730 0.622000
7.192782 0.622800
7.204835 0.623600
7.216887 0.624800
7.228940 0.625200
7.240992 0.627200
7.253045 0.628000
7.265097 0.628000
7.277149 0.628800
7.289202 0.629200
7.301254 0.629600
7.313307 0.630000
7.325359 0.630000
7.337412 0.630400
7.349464 0.631200
7.361517 0.632000
7.373569 0.632400
7.385622 0.632400
7.397674 0.633600
7.409727 0.633600
7.421779 0.633600
7.433831 0.634800
7.445884 0.635200
7.457936 0.635600
7.469989 0.636800
7.482041 0.636800
7.494094 0.637600
7.506146 0.638000
7.518199 0.639200
7.530251 0.639600
7.542304 0.640000
7.554356 0.640800
7.566409 0.640800
7.578461 0.642000
7.590514 0.642400
7.602566 0.643200
7.614618 0.644400
7.626671 0.645600
7.638723 0.646000
7.650776 0.646400
7.662828 0.646800
7.674881 0.648000
7.686933 0.649200
7.698986 0.651600
7.711038 0.651600
7.723091 0.653600
7.735143 0.653600
7.747196 0.654400
7.759248 0.655200
7.771301 0.655600
7.783353 0.656000
7.795405 0.656800
7.807458 0.656800
7.819510 0.659200
7.831563 0.660000
7.843615 0.660400
7.855668 0.661200
7.867720 0.661200
7.879773 0.661600
7.891825 0.662400
7.903878 0.663200
7.915930 0.664000
7.927983 0.664800
7.940035 0.665200
7.952087 0.666000
7.964140 0.667600
7.976192 0.667600
7.988245 0.668400
8.000297 0.669200
8.012350 0.670000
8.024402 0.671200
8.036455 0.673600
8.048507 0.674400
8.060560 0.674400
8.072612 0.674400
8.084665 0.675600
8.096717 0.676000
8.108770 0.676800
8.120822 0.677600
8.132874 0.678000
8.144927 0.678400
8.156979 0.680000
8.169032 0.680800
8.181084 0.682400
8.193137 0.683200
8.205189 0.684000
8.217242 0.684800
8.229294 0.685200
8.241347 0.686400
8.253399 0.688000
8.265452 0.688400
8.277504 0.688800
8.289557 0.689200
8.301609 0.690800
8.313661 0.692400
8.325714 0.693200
8.337766 0.694000
8.349819 0.694800
8.361871 0.695600
8.373924 0.696400
8.385976 0.696800
8.398029 0.697600
8.410081 0.697600
8.422134 0.698000
8.434186 0.699200
8.446239 0.699200
8.458291 0.700000
8.470343 0.700400
8.482396 0.700800
8.494448 0.701200
8.506501 0.702000
8.518553 0.702400
8.530606 0.702800
8.542658 0.703600
8.554711 0.704000
8.566763 0.704400
8.578816 0.704400
8.590868 0.704800
8.602921 0.706400
8.614973 0.708000
8.627026 0.708400
8.639078 0.708400
8.651130 0.709600
8.663183 0.710400
8.675235 0.711200
8.687288 0.711600
8.699340 0.712400
8.711393 0.712400
8.723445 0.712800
8.735498 0.714000
8.747550 0.714000
8.759603 0.714800
8.771655 0.716000
8.783708 0.716800
8.795760 0.718000
8.807812 0.718400
8.819865 0.718800
8.831917 0.719600
8.843970 0.721200
8.856022 0.721200
8.868075 0.721200
8.880127 0.722800
8.892180 0.723200
8.904232 0.723200
8.916285 0.724400
8.928337 0.724800
8.940390 0.725600
8.952442 0.726000
8.964495 0.726400
8.976547 0.727600
8.988599 0.728000
9.000652 0.728000
9.012704 0.728400
9.024757 0.728400
9.036809 0.728800
9.048862 0.730000
9.060914 0.730000
9.072967 0.730800
9.085019 0.731600
9.097072 0.732400
9.109124 0.732800
9.121177 0.734000
9.133229 0.734400
9.145282 0.735200
9.157334 0.735200
9.169386 0.735200
9.181439 0.735600
9.193491 0.736800
9.205544 0.737200
9.217596 0.737200
9.229649 0.737600
9.241701 0.737600
9.253754 0.738000
9.265806 0.738000
9.277859 0.738400
9.289911 0.739200
9.301964 0.740400
9.314016 0.741200
9.326068 0.741200
9.338121 0.741200
9.350173 0.742000
9.362226 0.742400
9.374278 0.742400
9.386331 0.742800
9.398383 0.744000
9.410436 0.744000
9.422488 0.744400
9.434541 0.744800
9.446593 0.745200
9.458646 0.745200
9.470698 0.745200
9.482751 0.745600
9.494803 0.746400
9.506855 0.746400
9.518908 0.746800
9.530960 0.747600
9.543013 0.748800
9.555065 0.749200
9.567118 0.750800
9.579170 0.751200
9.591223 0.752800
9.603275 0.753600
9.615328 0.754000
9.627380 0.754000
9.639433 0.754400
9.651485 0.755200
9.663537 0.755200
9.675590 0.755600
9.687642 0.755600
9.699695 0.756400
9.711747 0.756800
9.723800 0.756800
9.735852 0.757200
9.747905 0.757200
9.759957 0.757600
9.772010 0.758800
9.784062 0.758800
9.796115 0.760000
9.808167 0.760400
9.820220 0.760400
9.832272 0.760400
9.844324 0.761200
9.856377 0.761200
9.868429 0.761200
9.880482 0.761600
9.892534 0.761600
9.904587 0.762000
9.916639 0.762400
9.928692 0.763600
9.940744 0.763600
9.952797 0.764400
9.964849 0.764400
9.976902 0.764800
9.988954 0.765200
