1.305116 0.000800
1.309400 0.000800
1.313685 0.000800
1.317969 0.000800
1.322253 0.000800
1.326538 0.000800
1.330822 0.000800
1.335107 0.000800
1.339391 0.000800
1.343676 0.000800
1.347960 0.000800
1.352245 0.000800
1.356529 0.000800
1.360814 0.000800
1.365098 0.000800
1.369383 0.000800
1.373667 0.000800
1.377952 0.000800
1.382236 0.001200
1.386521 0.001200
1.390805 0.001200
1.395090 0.001200
1.399374 0.001200
1.403659 0.001200
1.407943 0.001200
1.412228 0.001200
1.416512 0.001200
1.420797 0.001200
1.425081 0.001200
1.429366 0.001600
1.433650 0.002000
1.437935 0.002000
1.442219 0.002000
1.446503 0.002400
1.450788 0.002800
1.455072 0.002800
1.459357 0.003200
1.463641 0.003200
1.467926 0.003600
1.472210 0.004000
1.476495 0.004000
1.480779 0.004000
1.485064 0.004000
1.489348 0.004000
1.493633 0.004000
1.497917 0.004000
1.502202 0.004000
1.506486 0.004400
1.510771 0.004400
1.515055 0.004400
1.519340 0.004400
1.523624 0.004400
1.527909 0.004400
1.532193 0.004400
1.536478 0.004400
1.540762 0.004400
1.545047 0.004400
1.549331 0.004400
1.553616 0.004800
1.557900 0.005200
1.562185 0.005200
1.566469 0.005200
1.570753 0.006000
1.575038 0.006000
1.579322 0.006400
1.583607 0.006800
1.587891 0.007200
1.592176 0.007200
1.596460 0.008400
1.600745 0.008400
1.605029 0.008400
1.609314 0.008800
1.613598 0.009600
1.617883 0.010400
1.622167 0.010400
1.626452 0.010400
1.630736 0.010800
1.635021 0.011200
1.639305 0.011600
1.643590 0.012000
1.647874 0.012000
1.652159 0.012000
1.656443 0.013200
1.660728 0.014000
1.665012 0.014400
1.669297 0.014400
1.673581 0.014800
1.677866 0.014800
1.682150 0.014800
1.686435 0.015200
1.690719 0.015200
1.695003 0.016000
1.699288 0.016400
1.703572 0.017200
1.707857 0.018000
1.712141 0.018800
1.716426 0.019200
1.720710 0.019200
1.724995 0.019600
1.729279 0.020000
1.733564 0.020800
1.737848 0.021200
1.742133 0.021600
1.746417 0.022800
1.750702 0.022800
1.754986 0.023200
1.759271 0.024000
1.763555 0.024000
1.767840 0.024400
1.772124 0.024400
1.776409 0.024800
1.780693 0.025200
1.784978 0.025200
1.789262 0.026000
1.793547 0.026800
1.797831 0.027200
1.802116 0.028000
1.806400 0.028000
1.810685 0.028800
1.814969 0.028800
1.819253 0.029200
1.823538 0.029600
1.827822 0.029600
1.832107 0.030400
1.836391 0.031200
1.840676 0.031600
1.844960 0.031600
1.849245 0.031600
1.853529 0.031600
1.857814 0.031600
1.862098 0.033600
1.866383 0.034400
1.870667 0.034400
1.874952 0.035200
1.879236 0.036000
1.883521 0.036000
1.887805 0.036800
1.892090 0.038400
1.896374 0.040400
1.900659 0.041200
1.904943 0.041600
1.909228 0.041600
1.913512 0.041600
1.917797 0.042000
1.922081 0.042400
1.926366 0.042800
1.930650 0.043600
1.934935 0.044000
1.939219 0.044400
1.943503 0.046000
1.947788 0.046800
1.952072 0.047600
1.956357 0.047600
1.960641 0.048800
1.964926 0.049600
1.969210 0.050000
1.973495 0.050800
1.977779 0.051200
1.982064 0.052000
1.986348 0.052400
1.990633 0.053600
1.994917 0.054400
1.999202 0.054400
2.003486 0.055600
2.007771 0.056400
2.012055 0.058000
2.016340 0.058800
2.020624 0.059200
2.024909 0.059600
2.029193 0.060000
2.033478 0.062400
2.037762 0.062800
2.042047 0.064400
2.046331 0.064800
2.050616 0.065200
2.054900 0.066000
2.059185 0.067200
2.063469 0.068800
2.067753 0.069600
2.072038 0.072000
2.076322 0.073600
2.080607 0.073600
2.084891 0.074400
2.089176 0.075200
2.093460 0.076000
2.097745 0.077200
2.102029 0.077600
2.106314 0.079600
2.110598 0.080800
2.114883 0.081600
2.119167 0.082800
2.123452 0.082800
2.127736 0.083600
2.132021 0.084400
2.136305 0.086400
2.140590 0.088400
2.144874 0.090800
2.149159 0.091600
2.153443 0.092400
2.157728 0.092800
2.162012 0.093600
2.166297 0.094400
2.170581 0.096400
2.174866 0.097600
2.179150 0.097600
2.183435 0.098800
2.187719 0.100000
2.192003 0.101200
2.196288 0.101200
2.200572 0.102400
2.204857 0.102800
2.209141 0.105200
2.213426 0.106400
2.217710 0.107600
2.221995 0.109600
2.226279 0.110800
2.230564 0.111600
2.234848 0.112800
2.239133 0.114000
2.243417 0.115200
2.247702 0.116400
2.251986 0.116800
2.256271 0.118400
2.260555 0.119200
2.264840 0.119200
2.269124 0.121600
2.273409 0.122000
2.277693 0.125200
2.281978 0.125200
2.286262 0.126800
2.290547 0.127600
2.294831 0.127600
2.299116 0.128400
2.303400 0.129600
2.307685 0.130400
2.311969 0.130800
2.316254 0.130800
2.320538 0.131600
2.324822 0.133200
2.329107 0.133200
2.333391 0.135200
2.337676 0.136000
2.341960 0.136400
2.346245 0.136400
2.350529 0.137200
2.354814 0.139200
2.359098 0.140800
2.363383 0.144400
2.367667 0.146000
2.371952 0.147200
2.376236 0.147600
2.380521 0.148000
2.384805 0.148800
2.389090 0.150800
2.393374 0.151200
2.397659 0.152400
2.401943 0.153600
2.406228 0.154000
2.410512 0.154000
2.414797 0.155600
2.419081 0.157600
2.423366 0.157600
2.427650 0.158400
2.431935 0.159600
2.436219 0.161200
2.440504 0.162400
2.444788 0.163600
2.449072 0.164000
2.453357 0.164400
2.457641 0.166400
2.461926 0.167600
2.466210 0.169600
2.470495 0.170000
2.474779 0.172400
2.479064 0.172800
2.483348 0.173600
2.487633 0.174800
2.491917 0.175600
2.496202 0.175600
2.500486 0.176000
2.504771 0.176400
2.509055 0.177600
2.513340 0.178000
2.517624 0.178400
2.521909 0.178800
2.526193 0.180400
2.530478 0.180400
2.534762 0.181200
2.539047 0.183600
2.543331 0.184800
2.547616 0.186400
2.551900 0.190000
2.556185 0.190400
2.560469 0.192000
2.564754 0.194400
2.569038 0.195600
2.573322 0.196400
2.577607 0.196800
2.581891 0.198400
2.586176 0.200000
2.590460 0.201200
2.594745 0.203200
2.599029 0.204400
2.603314 0.206000
2.607598 0.206800
2.611883 0.208000
2.616167 0.210400
2.620452 0.212400
2.624736 0.212800
2.629021 0.214000
2.633305 0.215200
2.637590 0.215200
2.641874 0.216000
2.646159 0.216400
2.650443 0.219600
2.654728 0.220800
2.659012 0.222000
2.663297 0.223600
2.667581 0.225200
2.671866 0.226000
2.676150 0.226800
2.680435 0.228800
2.684719 0.230800
2.689004 0.233600
2.693288 0.235600
2.697572 0.236400
2.701857 0.237200
2.706141 0.238000
2.710426 0.238800
2.714710 0.239600
2.718995 0.240400
2.723279 0.241600
2.727564 0.243200
2.731848 0.245200
2.736133 0.246400
2.740417 0.246400
2.744702 0.246400
2.748986 0.246800
2.753271 0.248800
2.757555 0.250000
2.761840 0.251200
2.766124 0.252800
2.770409 0.256400
2.774693 0.258000
2.778978 0.258800
2.783262 0.260400
2.787547 0.260800
2.791831 0.262400
2.796116 0.264000
2.800400 0.265200
2.804685 0.266000
2.808969 0.267200
2.813254 0.270000
2.817538 0.272000
2.821822 0.273200
2.826107 0.275200
2.830391 0.276400
2.834676 0.278000
2.838960 0.280000
2.843245 0.281200
2.847529 0.281600
2.851814 0.282000
2.856098 0.283200
2.860383 0.284800
2.864667 0.287200
2.868952 0.287600
2.873236 0.288400
2.877521 0.290400
2.881805 0.291600
2.886090 0.292800
2.890374 0.295600
2.894659 0.297200
2.898943 0.298800
2.903228 0.299600
2.907512 0.300800
2.911797 0.301200
2.916081 0.302000
2.920366 0.302800
2.924650 0.304400
2.928935 0.306800
2.933219 0.309200
2.937504 0.310000
2.941788 0.312400
2.946072 0.314000
2.950357 0.315600
2.954641 0.317200
2.958926 0.318400
2.963210 0.320800
2.967495 0.321200
2.971779 0.322400
2.976064 0.323200
2.980348 0.324400
2.984633 0.325200
2.988917 0.326000
2.993202 0.328000
2.997486 0.329200
3.001771 0.330400
3.006055 0.332400
3.010340 0.333200
3.014624 0.336400
3.018909 0.338800
3.023193 0.340400
3.027478 0.342800
3.031762 0.343200
3.036047 0.344000
3.040331 0.345600
3.044616 0.347200
3.048900 0.347200
3.053185 0.349200
3.057469 0.351600
3.061754 0.352400
3.066038 0.354400
3.070322 0.354800
3.074607 0.354800
3.078891 0.356800
3.083176 0.357200
3.087460 0.358000
3.091745 0.358400
3.096029 0.360000
3.100314 0.361200
3.104598 0.363200
3.108883 0.365600
3.113167 0.366000
3.117452 0.366400
3.121736 0.368000
3.126021 0.368000
3.130305 0.368000
3.134590 0.368800
3.138874 0.370000
3.143159 0.372000
3.147443 0.373600
3.151728 0.374800
3.156012 0.375200
3.160297 0.376400
3.164581 0.377600
3.168866 0.378800
3.173150 0.381600
3.177435 0.382400
3.181719 0.383600
3.186004 0.384400
3.190288 0.385600
3.194572 0.386400
3.198857 0.388000
3.203141 0.389200
3.207426 0.389600
3.211710 0.391600
3.215995 0.391600
3.220279 0.392000
3.224564 0.394000
3.228848 0.396000
3.233133 0.396800
3.237417 0.398400
3.241702 0.399600
3.245986 0.400800
3.250271 0.401600
3.254555 0.403600
3.258840 0.404400
3.263124 0.405200
3.267409 0.406800
3.271693 0.407600
3.275978 0.408800
3.280262 0.409200
3.284547 0.410400
3.288831 0.411200
3.293116 0.412800
3.297400 0.413200
3.301685 0.415600
3.305969 0.416000
3.310254 0.416400
3.314538 0.417200
3.318822 0.418000
3.323107 0.419200
3.327391 0.419200
3.331676 0.420000
3.335960 0.421600
3.340245 0.422800
3.344529 0.425200
3.348814 0.426000
3.353098 0.428400
3.357383 0.428800
3.361667 0.428800
3.365952 0.429600
3.370236 0.431600
3.374521 0.432400
3.378805 0.434800
3.383090 0.437200
3.387374 0.438000
3.391659 0.439600
3.395943 0.440400
3.400228 0.441200
3.404512 0.441600
3.408797 0.441600
3.413081 0.442400
3.417366 0.444000
3.421650 0.444400
3.425935 0.445200
3.430219 0.446400
3.434504 0.447200
3.438788 0.448400
3.443072 0.449200
3.447357 0.450400
3.451641 0.452000
3.455926 0.454000
3.460210 0.455200
3.464495 0.456000
3.468779 0.456400
3.473064 0.457600
3.477348 0.459600
3.481633 0.460000
3.485917 0.460000
3.490202 0.461600
3.494486 0.462400
3.498771 0.462800
3.503055 0.465600
3.507340 0.466400
3.511624 0.467600
3.515909 0.467600
3.520193 0.468800
3.524478 0.469600
3.528762 0.469600
3.533047 0.470800
3.537331 0.472000
3.541616 0.474800
3.545900 0.476000
3.550185 0.476400
3.554469 0.476800
3.558754 0.477600
3.563038 0.478400
3.567323 0.480400
3.571607 0.481200
3.575891 0.481200
3.580176 0.482400
3.584460 0.483200
3.588745 0.484400
3.593029 0.485600
3.597314 0.486800
3.601598 0.487600
3.605883 0.489200
3.610167 0.491600
3.614452 0.492000
3.618736 0.493600
3.623021 0.495600
3.627305 0.496800
3.631590 0.497200
3.635874 0.498000
3.640159 0.498800
3.644443 0.499600
3.648728 0.500400
3.653012 0.501200
3.657297 0.502000
3.661581 0.503600
3.665866 0.504800
3.670150 0.505600
3.674435 0.506400
3.678719 0.506400
3.683004 0.507600
3.687288 0.508000
3.691573 0.509200
3.695857 0.509600
3.700141 0.509600
3.704426 0.511200
3.708710 0.512400
3.712995 0.514000
3.717279 0.514400
3.721564 0.515600
3.725848 0.516800
3.730133 0.517600
3.734417 0.518000
3.738702 0.519600
3.742986 0.520800
3.747271 0.522000
3.751555 0.523200
3.755840 0.528000
3.760124 0.528800
3.764409 0.528800
3.768693 0.530000
3.772978 0.530400
3.777262 0.531600
3.781547 0.532400
3.785831 0.533200
3.790116 0.534800
3.794400 0.536000
3.798685 0.536800
3.802969 0.539200
3.807254 0.540000
3.811538 0.540800
3.815823 0.541600
3.820107 0.542400
3.824391 0.543200
3.828676 0.544400
3.832960 0.545200
3.837245 0.546800
3.841529 0.548000
3.845814 0.548000
3.850098 0.549600
3.854383 0.550400
3.858667 0.551200
3.862952 0.552400
3.867236 0.553600
3.871521 0.554400
3.875805 0.554800
3.880090 0.555200
3.884374 0.555600
3.888659 0.556000
3.892943 0.556000
3.897228 0.558400
3.901512 0.559600
3.905797 0.560800
3.910081 0.561600
3.914366 0.562800
3.918650 0.563200
3.922935 0.563200
3.927219 0.563600
3.931504 0.564800
3.935788 0.565200
3.940073 0.565600
3.944357 0.565600
3.948641 0.565600
3.952926 0.566800
3.957210 0.567600
3.961495 0.568800
3.965779 0.569600
3.970064 0.570400
3.974348 0.571200
3.978633 0.572800
3.982917 0.572800
3.987202 0.573200
3.991486 0.573200
3.995771 0.573600
4.000055 0.574000
4.004340 0.575200
4.008624 0.575200
4.012909 0.576800
4.017193 0.578000
4.021478 0.579600
4.025762 0.581600
4.030047 0.583600
4.034331 0.584800
4.038616 0.586400
4.042900 0.587600
4.047185 0.588000
4.051469 0.588800
4.055754 0.590400
4.060038 0.590800
4.064323 0.592400
4.068607 0.592800
4.072891 0.594800
4.077176 0.595600
4.081460 0.596000
4.085745 0.596800
4.090029 0.598000
4.094314 0.598800
4.098598 0.599600
4.102883 0.600400
4.107167 0.601200
4.111452 0.602400
4.115736 0.602400
4.120021 0.602400
4.124305 0.602400
4.128590 0.602800
4.132874 0.604800
4.137159 0.604800
4.141443 0.605200
4.145728 0.605200
4.150012 0.605200
4.154297 0.605200
4.158581 0.606000
4.162866 0.606000
4.167150 0.607200
4.171435 0.607200
4.175719 0.608400
4.180004 0.608400
4.184288 0.609200
4.188573 0.610400
4.192857 0.611200
4.197141 0.611600
4.201426 0.612400
4.205710 0.612800
4.209995 0.613600
4.214279 0.614800
4.218564 0.615200
4.222848 0.616000
4.227133 0.616400
4.231417 0.616800
4.235702 0.617600
4.239986 0.618800
4.244271 0.620800
4.248555 0.621200
4.252840 0.622000
4.257124 0.622800
4.261409 0.624000
4.265693 0.624000
4.269978 0.625200
4.274262 0.626000
4.278547 0.626400
4.282831 0.627600
4.287116 0.628400
4.291400 0.629600
4.295685 0.629600
4.299969 0.630400
4.304254 0.630800
4.308538 0.630800
4.312823 0.631600
4.317107 0.632000
4.321391 0.632400
4.325676 0.632800
4.329960 0.633600
4.334245 0.635200
4.338529 0.636000
4.342814 0.636400
4.347098 0.637200
4.351383 0.638000
4.355667 0.640000
4.359952 0.640800
4.364236 0.642000
4.368521 0.642800
4.372805 0.643600
4.377090 0.644000
4.381374 0.644000
4.385659 0.644400
4.389943 0.645200
4.394228 0.646400
4.398512 0.646400
4.402797 0.647200
4.407081 0.648800
4.411366 0.649200
4.415650 0.650000
4.419935 0.650800
4.424219 0.651600
4.428504 0.653200
4.432788 0.653600
4.437073 0.654400
4.441357 0.655200
4.445641 0.655200
4.449926 0.655200
4.454210 0.656400
4.458495 0.656800
4.462779 0.657200
4.467064 0.658400
4.471348 0.658400
4.475633 0.659600
4.479917 0.660000
4.484202 0.660000
4.488486 0.660800
4.492771 0.660800
4.497055 0.661200
4.501340 0.662000
4.505624 0.662800
4.509909 0.664400
4.514193 0.665600
4.518478 0.666000
4.522762 0.666400
4.527047 0.666800
4.531331 0.668000
4.535616 0.668000
4.539900 0.668800
4.544185 0.669200
4.548469 0.671200
4.552754 0.671200
4.557038 0.672800
4.561323 0.673600
4.565607 0.674800
4.569891 0.674800
4.574176 0.674800
4.578460 0.674800
4.582745 0.675600
4.587029 0.676000
4.591314 0.676000
4.595598 0.676400
4.599883 0.676400
4.604167 0.676400
4.608452 0.676800
4.612736 0.678400
4.617021 0.679600
4.621305 0.680000
4.625590 0.680800
4.629874 0.682000
4.634159 0.682000
4.638443 0.682800
4.642728 0.684400
4.647012 0.684800
4.651297 0.685200
4.655581 0.687200
4.659866 0.688000
4.664150 0.688800
4.668435 0.689600
4.672719 0.689600
4.677004 0.689600
4.681288 0.689600
4.685573 0.690000
4.689857 0.690000
4.694141 0.692000
4.698426 0.692000
4.702710 0.692400
4.706995 0.692800
4.711279 0.693600
4.715564 0.693600
4.719848 0.694800
4.724133 0.696000
4.728417 0.696000
4.732702 0.696400
4.736986 0.697200
4.741271 0.697200
4.745555 0.698400
4.749840 0.698400
4.754124 0.699200
4.758409 0.699600
4.762693 0.700400
4.766978 0.700400
4.771262 0.700800
4.775547 0.702000
4.779831 0.702400
4.784116 0.703200
4.788400 0.704000
4.792685 0.704400
4.796969 0.706000
4.801254 0.706000
4.805538 0.706000
4.809823 0.706000
4.814107 0.706800
4.818392 0.707200
4.822676 0.707600
4.826960 0.708800
4.831245 0.708800
4.835529 0.709200
4.839814 0.709600
4.844098 0.710000
4.848383 0.710800
4.852667 0.712000
4.856952 0.712400
4.861236 0.714000
4.865521 0.714800
4.869805 0.716000
4.874090 0.717600
4.878374 0.718000
4.882659 0.718800
4.886943 0.719200
4.891228 0.720000
4.895512 0.720400
4.899797 0.721200
4.904081 0.721200
4.908366 0.721200
4.912650 0.722400
4.916935 0.722800
4.921219 0.722800
4.925504 0.723200
4.929788 0.723200
4.934073 0.723200
4.938357 0.724000
4.942642 0.724000
4.946926 0.724800
4.951210 0.726000
4.955495 0.726400
4.959779 0.726800
4.964064 0.726800
4.968348 0.727600
4.972633 0.727600
4.976917 0.728000
4.981202 0.728400
4.985486 0.729600
4.989771 0.730000
4.994055 0.730400
4.998340 0.730400
5.002624 0.730400
5.006909 0.730400
5.011193 0.730800
5.015478 0.731200
5.019762 0.732000
5.024047 0.732000
5.028331 0.732000
5.032616 0.732800
5.036900 0.733200
5.041185 0.733600
5.045469 0.733600
5.049754 0.734800
5.054038 0.734800
5.058323 0.735600
5.062607 0.736000
5.066892 0.736800
5.071176 0.737200
5.075460 0.738000
5.079745 0.738000
5.084029 0.738400
5.088314 0.740000
5.092598 0.740400
5.096883 0.741200
5.101167 0.742000
5.105452 0.742400
5.109736 0.743200
5.114021 0.744000
5.118305 0.744400
5.122590 0.744400
5.126874 0.744800
5.131159 0.745200
5.135443 0.745600
5.139728 0.746400
5.144012 0.748000
5.148297 0.748400
5.152581 0.748400
5.156866 0.750000
5.161150 0.750400
5.165435 0.750800
5.169719 0.752000
5.174004 0.752800
5.178288 0.752800
5.182573 0.753200
5.186857 0.754400
5.191142 0.754400
5.195426 0.755200
5.199710 0.756000
5.203995 0.756000
5.208279 0.757600
5.212564 0.758000
5.216848 0.758400
5.221133 0.758800
5.225417 0.758800
5.229702 0.760000
5.233986 0.760000
5.238271 0.760800
5.242555 0.761200
5.246840 0.761200
5.251124 0.762400
5.255409 0.762800
5.259693 0.763200
5.263978 0.763600
5.268262 0.764800
5.272547 0.764800
5.276831 0.765600
5.281116 0.765600
5.285400 0.766400
5.289685 0.766400
5.293969 0.766800
5.298254 0.767200
5.302538 0.767600
5.306823 0.767600
5.311107 0.768000
5.315392 0.768000
5.319676 0.770000
5.323960 0.770400
5.328245 0.770400
5.332529 0.770400
5.336814 0.770800
5.341098 0.771600
5.345383 0.772000
5.349667 0.773600
5.353952 0.774400
5.358236 0.774400
5.362521 0.774800
5.366805 0.775600
5.371090 0.775600
5.375374 0.776400
5.379659 0.777200
5.383943 0.777600
5.388228 0.777600
5.392512 0.778000
5.396797 0.778800
5.401081 0.778800
5.405366 0.779200
5.409650 0.779600
5.413935 0.780400
5.418219 0.780800
5.422504 0.781200
5.426788 0.781600
5.431073 0.782000
5.435357 0.783200
5.439642 0.783200
5.443926 0.783600
5.448210 0.783600
5.452495 0.784400
5.456779 0.784800
5.461064 0.784800
5.465348 0.785200
5.469633 0.785600
5.473917 0.786000
5.478202 0.786400
5.482486 0.786800
5.486771 0.787600
5.491055 0.788000
5.495340 0.788000
5.499624 0.788400
5.503909 0.789200
5.508193 0.789200
5.512478 0.789200
5.516762 0.790000
5.521047 0.790000
5.525331 0.790400
5.529616 0.790400
5.533900 0.791200
5.538185 0.791600
5.542469 0.791600
5.546754 0.792400
5.551038 0.792400
5.555323 0.792800
5.559607 0.793600
5.563892 0.794400
5.568176 0.794400
5.572460 0.795200
5.576745 0.796400
5.581029 0.797200
5.585314 0.797200
5.589598 0.797600
5.593883 0.797600
5.598167 0.798000
5.602452 0.798000
5.606736 0.798800
5.611021 0.798800
5.615305 0.799200
5.619590 0.799200
5.623874 0.800000
5.628159 0.800400
5.632443 0.800800
5.636728 0.801600
5.641012 0.801600
5.645297 0.801600
5.649581 0.802000
5.653866 0.802400
5.658150 0.802800
5.662435 0.802800
5.666719 0.803600
5.671004 0.803600
5.675288 0.804000
5.679573 0.804000
5.683857 0.805200
5.688142 0.805600
5.692426 0.805600
5.696710 0.805600
5.700995 0.806400
5.705279 0.807200
5.709564 0.807600
5.713848 0.807600
5.718133 0.808000
5.722417 0.808400
5.726702 0.808400
5.730986 0.808800
5.735271 0.809200
5.739555 0.809600
5.743840 0.809600
5.748124 0.809600
5.752409 0.810400
5.756693 0.810400
5.760978 0.810800
5.765262 0.811200
5.769547 0.812000
5.773831 0.812000
5.778116 0.812400
5.782400 0.812800
5.786685 0.812800
5.790969 0.812800
5.795254 0.812800
5.799538 0.813200
5.803823 0.813200
5.808107 0.813200
5.812392 0.813200
5.816676 0.813600
5.820960 0.814000
5.825245 0.814000
5.829529 0.814000
5.833814 0.814000
5.838098 0.815200
5.842383 0.815600
5.846667 0.816400
5.850952 0.816400
5.855236 0.817200
5.859521 0.818000
5.863805 0.818000
5.868090 0.818000
5.872374 0.818800
5.876659 0.818800
5.880943 0.819200
5.885228 0.819200
5.889512 0.819200
5.893797 0.819200
5.898081 0.819200
5.902366 0.819200
5.906650 0.819600
5.910935 0.819600
5.915219 0.819600
5.919504 0.819600
5.923788 0.819600
5.928073 0.820000
5.932357 0.820000
5.936642 0.820400
5.940926 0.820400
5.945210 0.820800
5.949495 0.821200
5.953779 0.821200
5.958064 0.821200
5.962348 0.821600
5.966633 0.821600
5.970917 0.821600
5.975202 0.821600
5.979486 0.821600
5.983771 0.822000
5.988055 0.822000
5.992340 0.822000
5.996624 0.822000
6.000909 0.822800
6.005193 0.822800
6.009478 0.822800
6.013762 0.822800
6.018047 0.822800
6.022331 0.823200
6.026616 0.823200
6.030900 0.824000
6.035185 0.824400
6.039469 0.824400
6.043754 0.824400
6.048038 0.825200
6.052323 0.825200
6.056607 0.825600
6.060892 0.825600
6.065176 0.826000
6.069461 0.826000
6.073745 0.827200
6.078029 0.827600
6.082314 0.828400
6.086598 0.828400
6.090883 0.828400
6.095167 0.828400
6.099452 0.828800
6.103736 0.829200
6.108021 0.829600
6.112305 0.829600
6.116590 0.830400
6.120874 0.830800
6.125159 0.831200
6.129443 0.832000
6.133728 0.832800
6.138012 0.833600
6.142297 0.834400
6.146581 0.834800
6.150866 0.834800
6.155150 0.834800
6.159435 0.835600
6.163719 0.836400
6.168004 0.836400
6.172288 0.836400
6.176573 0.836800
6.180857 0.837200
6.185142 0.837600
6.189426 0.838000
6.193711 0.838400
6.197995 0.838400
6.202279 0.838400
6.206564 0.839200
6.210848 0.840800
6.215133 0.841200
6.219417 0.841200
6.223702 0.841200
6.227986 0.841200
6.232271 0.841600
6.236555 0.841600
6.240840 0.842000
6.245124 0.842000
6.249409 0.842400
6.253693 0.843200
6.257978 0.843200
6.262262 0.844000
6.266547 0.844000
6.270831 0.844400
6.275116 0.844800
6.279400 0.844800
6.283685 0.844800
6.287969 0.844800
6.292254 0.844800
6.296538 0.845200
6.300823 0.845200
6.305107 0.845200
6.309392 0.845600
6.313676 0.846000
6.317961 0.846000
6.322245 0.846000
6.326529 0.846000
6.330814 0.846800
6.335098 0.847600
6.339383 0.848000
6.343667 0.848000
6.347952 0.848000
6.352236 0.848000
6.356521 0.848000
6.360805 0.848000
6.365090 0.848800
6.369374 0.849200
6.373659 0.849200
6.377943 0.849200
6.382228 0.849200
6.386512 0.850000
6.390797 0.850400
6.395081 0.851200
6.399366 0.851600
6.403650 0.852800
6.407935 0.852800
6.412219 0.852800
6.416504 0.853200
6.420788 0.853200
6.425073 0.853200
6.429357 0.853200
6.433642 0.853200
6.437926 0.853200
6.442211 0.854000
6.446495 0.854000
6.450779 0.854000
6.455064 0.854800
6.459348 0.856000
6.463633 0.856000
6.467917 0.856400
6.472202 0.856800
6.476486 0.856800
6.480771 0.856800
6.485055 0.857200
6.489340 0.857200
6.493624 0.857200
6.497909 0.857600
6.502193 0.857600
6.506478 0.857600
6.510762 0.857600
6.515047 0.858000
6.519331 0.858400
6.523616 0.858800
6.527900 0.859600
6.532185 0.859600
6.536469 0.859600
6.540754 0.860000
6.545038 0.860400
6.549323 0.860400
6.553607 0.860800
6.557892 0.861200
6.562176 0.861200
6.566461 0.862000
6.570745 0.862400
6.575029 0.862400
6.579314 0.862400
6.583598 0.862400
6.587883 0.862800
6.592167 0.863600
6.596452 0.863600
6.600736 0.863600
6.605021 0.863600
6.609305 0.864000
6.613590 0.864000
6.617874 0.864000
6.622159 0.864000
6.626443 0.864400
6.630728 0.864400
6.635012 0.864400
6.639297 0.864800
6.643581 0.865200
6.647866 0.865200
6.652150 0.865200
6.656435 0.865200
6.660719 0.865200
6.665004 0.866000
6.669288 0.866400
6.673573 0.866800
6.677857 0.866800
6.682142 0.867200
6.686426 0.867200
6.690711 0.867200
6.694995 0.867600
6.699279 0.868000
6.703564 0.868000
6.707848 0.868000
6.712133 0.869200
6.716417 0.869200
6.720702 0.869600
6.724986 0.869600
6.729271 0.870000
6.733555 0.870400
6.737840 0.870800
6.742124 0.871200
6.746409 0.871200
6.750693 0.871600
6.754978 0.872000
6.759262 0.872000
6.763547 0.872000
6.767831 0.872400
6.772116 0.872400
6.776400 0.873200
6.780685 0.873600
6.784969 0.874000
6.789254 0.874000
6.793538 0.874000
6.797823 0.874400
6.802107 0.874800
6.806392 0.875200
6.810676 0.876000
6.814961 0.876400
6.819245 0.877600
6.823529 0.878000
6.827814 0.878400
6.832098 0.878400
6.836383 0.878800
6.840667 0.878800
6.844952 0.878800
6.849236 0.878800
6.853521 0.879200
6.857805 0.879200
6.862090 0.879200
6.866374 0.880000
6.870659 0.880800
6.874943 0.881200
6.879228 0.881600
6.883512 0.881600
6.887797 0.881600
6.892081 0.882000
6.896366 0.882000
6.900650 0.882800
6.904935 0.883600
6.909219 0.884000
6.913504 0.884400
6.917788 0.884400
6.922073 0.884400
6.926357 0.884400
6.930642 0.884400
6.934926 0.884800
6.939211 0.885200
6.943495 0.885200
6.947779 0.885600
6.952064 0.885600
6.956348 0.885600
6.960633 0.885600
6.964917 0.885600
6.969202 0.886000
6.973486 0.886000
6.977771 0.886400
6.982055 0.886400
6.986340 0.886800
6.990624 0.886800
6.994909 0.886800
6.999193 0.886800
7.003478 0.887200
7.007762 0.887600
7.012047 0.887600
7.016331 0.888000
7.020616 0.888400
7.024900 0.888800
7.029185 0.889200
7.033469 0.889600
7.037754 0.889600
7.042038 0.889600
7.046323 0.889600
7.050607 0.890000
7.054892 0.890000
7.059176 0.890000
7.063461 0.890400
7.067745 0.890400
7.072029 0.890800
7.076314 0.890800
7.080598 0.890800
7.084883 0.891200
7.089167 0.891600
7.093452 0.891600
7.097736 0.892400
7.102021 0.892800
7.106305 0.892800
7.110590 0.892800
7.114874 0.893600
7.119159 0.893600
7.123443 0.894000
7.127728 0.894000
7.132012 0.894000
7.136297 0.894800
7.140581 0.894800
7.144866 0.895200
7.149150 0.895200
7.153435 0.895600
7.157719 0.895600
7.162004 0.895600
7.166288 0.895600
7.170573 0.895600
7.174857 0.895600
7.179142 0.895600
7.183426 0.895600
7.187711 0.895600
7.191995 0.895600
7.196279 0.895600
7.200564 0.895600
7.204848 0.896000
7.209133 0.896000
7.213417 0.896000
7.217702 0.896400
7.221986 0.896400
7.226271 0.896400
7.230555 0.896400
7.234840 0.896400
7.239124 0.897200
7.243409 0.897200
7.247693 0.897600
7.251978 0.898400
7.256262 0.898400
7.260547 0.898400
7.264831 0.899200
7.269116 0.899200
7.273400 0.899200
7.277685 0.899200
7.281969 0.899600
7.286254 0.899600
7.290538 0.900000
7.294823 0.900000
7.299107 0.900000
7.303392 0.900000
7.307676 0.900000
7.311961 0.900400
7.316245 0.900400
7.320530 0.900400
7.324814 0.900400
7.329098 0.900400
7.333383 0.900400
7.337667 0.900800
7.341952 0.900800
7.346236 0.900800
7.350521 0.900800
7.354805 0.901200
7.359090 0.901200
7.363374 0.901600
7.367659 0.901600
7.371943 0.901600
7.376228 0.901600
7.380512 0.901600
7.384797 0.901600
7.389081 0.901600
7.393366 0.901600
7.397650 0.901600
7.401935 0.902000
7.406219 0.902000
7.410504 0.902400
7.414788 0.902400
7.419073 0.902400
7.423357 0.902400
7.427642 0.902400
7.431926 0.902400
7.436211 0.902800
7.440495 0.902800
7.444780 0.902800
7.449064 0.903200
7.453348 0.903600
7.457633 0.904800
7.461917 0.905200
7.466202 0.905200
7.470486 0.905200
7.474771 0.905200
7.479055 0.905200
7.483340 0.905600
7.487624 0.905600
7.491909 0.905600
7.496193 0.905600
7.500478 0.905600
7.504762 0.905600
7.509047 0.905600
7.513331 0.905600
7.517616 0.905600
7.521900 0.906000
7.526185 0.906000
7.530469 0.906400
7.534754 0.906400
7.539038 0.906400
7.543323 0.906400
7.547607 0.906400
7.551892 0.906400
7.556176 0.906400
7.560461 0.906400
7.564745 0.906400
7.569030 0.906400
7.573314 0.906800
7.577598 0.907200
7.581883 0.907200
7.586167 0.907200
7.590452 0.907200
7.594736 0.907600
7.599021 0.907600
7.603305 0.908000
7.607590 0.908000
7.611874 0.908400
7.616159 0.908400
7.620443 0.908800
7.624728 0.908800
7.629012 0.908800
7.633297 0.909200
7.637581 0.910400
7.641866 0.910800
7.646150 0.911200
7.650435 0.911200
7.654719 0.911200
7.659004 0.911200
7.663288 0.911600
7.667573 0.911600
7.671857 0.912000
7.676142 0.912000
7.680426 0.912000
7.684711 0.912000
7.688995 0.912000
7.693280 0.912000
7.697564 0.912000
7.701848 0.912000
7.706133 0.912800
7.710417 0.912800
7.714702 0.912800
7.718986 0.912800
7.723271 0.913200
7.727555 0.913200
7.731840 0.913200
7.736124 0.913200
7.740409 0.913200
7.744693 0.913600
7.748978 0.913600
7.753262 0.913600
7.757547 0.914000
7.761831 0.914000
7.766116 0.914000
7.770400 0.914400
7.774685 0.914800
7.778969 0.914800
7.783254 0.914800
7.787538 0.915200
7.791823 0.915200
7.796107 0.915200
7.800392 0.915200
7.804676 0.915600
7.808961 0.915600
7.813245 0.915600
7.817530 0.915600
7.821814 0.915600
7.826098 0.916000
7.830383 0.916000
7.834667 0.916800
7.838952 0.916800
7.843236 0.917200
7.847521 0.917200
7.851805 0.917200
7.856090 0.917200
7.860374 0.917200
7.864659 0.917600
7.868943 0.917600
7.873228 0.917600
7.877512 0.918000
7.881797 0.918000
7.886081 0.918000
7.890366 0.918000
7.894650 0.919200
7.898935 0.919200
7.903219 0.919600
7.907504 0.919600
7.911788 0.919600
7.916073 0.919600
7.920357 0.919600
7.924642 0.920400
7.928926 0.920400
7.933211 0.920400
7.937495 0.920400
7.941780 0.920400
7.946064 0.920800
7.950348 0.920800
7.954633 0.920800
7.958917 0.920800
7.963202 0.920800
7.967486 0.920800
7.971771 0.921600
7.976055 0.921600
7.980340 0.922000
7.984624 0.922400
7.988909 0.922400
7.993193 0.922800
7.997478 0.922800
8.001762 0.922800
8.006047 0.922800
8.010331 0.922800
8.014616 0.922800
8.018900 0.922800
8.023185 0.923200
8.027469 0.923200
8.031754 0.923600
8.036038 0.923600
8.040323 0.923600
8.044607 0.923600
8.048892 0.924000
8.053176 0.924000
8.057461 0.924000
8.061745 0.924400
8.066030 0.924400
8.070314 0.924400
8.074598 0.924400
8.078883 0.924400
8.083167 0.924400
8.087452 0.924400
8.091736 0.924400
8.096021 0.924400
8.100305 0.924800
8.104590 0.924800
8.108874 0.924800
8.113159 0.925200
8.117443 0.925200
8.121728 0.925600
8.126012 0.926000
8.130297 0.926000
8.134581 0.926000
8.138866 0.926400
8.143150 0.926800
8.147435 0.927200
8.151719 0.927200
8.156004 0.927600
8.160288 0.928000
8.164573 0.928000
8.168857 0.928000
8.173142 0.928000
8.177426 0.928000
8.181711 0.928000
8.185995 0.928000
8.190280 0.928000
8.194564 0.928000
8.198848 0.928000
8.203133 0.928400
8.207417 0.928800
8.211702 0.928800
8.215986 0.928800
8.220271 0.928800
8.224555 0.929200
8.228840 0.929600
8.233124 0.930000
8.237409 0.930000
8.241693 0.930000
8.245978 0.930000
8.250262 0.930400
8.254547 0.930800
8.258831 0.930800
8.263116 0.930800
8.267400 0.930800
8.271685 0.930800
8.275969 0.930800
8.280254 0.930800
8.284538 0.930800
8.288823 0.930800
8.293107 0.930800
8.297392 0.931200
8.301676 0.931200
8.305961 0.931200
8.310245 0.931200
8.314530 0.931200
8.318814 0.931200
8.323098 0.931600
8.327383 0.931600
8.331667 0.931600
8.335952 0.931600
8.340236 0.932000
8.344521 0.932000
8.348805 0.932000
8.353090 0.932400
8.357374 0.932800
8.361659 0.932800
8.365943 0.933200
8.370228 0.933200
8.374512 0.933600
8.378797 0.934000
8.383081 0.934400
8.387366 0.934400
8.391650 0.935200
8.395935 0.936000
8.400219 0.936000
8.404504 0.936000
8.408788 0.936000
8.413073 0.936000
8.417357 0.936000
8.421642 0.936000
8.425926 0.936400
8.430211 0.936800
8.434495 0.936800
8.438780 0.936800
8.443064 0.936800
8.447348 0.936800
8.451633 0.936800
8.455917 0.936800
8.460202 0.936800
8.464486 0.936800
8.468771 0.936800
8.473055 0.937600
8.477340 0.937600
8.481624 0.937600
8.485909 0.937600
8.490193 0.937600
8.494478 0.938000
8.498762 0.938400
8.503047 0.938400
8.507331 0.938400
8.511616 0.938400
8.515900 0.938400
8.520185 0.938400
8.524469 0.938800
8.528754 0.939200
8.533038 0.939200
8.537323 0.939600
8.541607 0.939600
8.545892 0.940000
8.550176 0.940400
8.554461 0.940800
8.558745 0.941200
8.563030 0.941200
8.567314 0.941200
8.571599 0.941200
8.575883 0.941200
8.580167 0.941200
8.584452 0.941600
8.588736 0.941600
8.593021 0.941600
8.597305 0.941600
8.601590 0.941600
8.605874 0.941600
8.610159 0.941600
8.614443 0.941600
8.618728 0.941600
8.623012 0.941600
8.627297 0.941600
8.631581 0.941600
8.635866 0.941600
8.640150 0.941600
8.644435 0.941600
8.648719 0.941600
8.653004 0.941600
8.657288 0.941600
8.661573 0.941600
8.665857 0.941600
8.670142 0.941600
8.674426 0.941600
8.678711 0.941600
8.682995 0.941600
8.687280 0.941600
8.691564 0.941600
8.695849 0.941600
8.700133 0.941600
8.704417 0.941600
8.708702 0.941600
8.712986 0.942400
8.717271 0.942400
8.721555 0.942400
8.725840 0.942400
8.730124 0.942400
8.734409 0.942400
8.738693 0.942400
8.742978 0.942400
8.747262 0.942400
8.751547 0.942800
8.755831 0.943200
8.760116 0.943200
8.764400 0.943600
8.768685 0.943600
8.772969 0.943600
8.777254 0.943600
8.781538 0.943600
8.785823 0.943600
8.790107 0.943600
8.794392 0.943600
8.798676 0.943600
8.802961 0.943600
8.807245 0.943600
8.811530 0.943600
8.815814 0.943600
8.820099 0.943600
8.824383 0.943600
8.828667 0.943600
8.832952 0.943600
8.837236 0.943600
8.841521 0.943600
8.845805 0.943600
8.850090 0.943600
8.854374 0.943600
8.858659 0.943600
8.862943 0.943600
8.867228 0.943600
8.871512 0.944000
8.875797 0.944000
8.880081 0.944000
8.884366 0.944000
8.888650 0.944000
8.892935 0.944400
8.897219 0.944400
8.901504 0.944400
8.905788 0.944400
8.910073 0.944800
8.914357 0.944800
8.918642 0.944800
8.922926 0.944800
8.927211 0.944800
8.931495 0.945200
8.935780 0.945200
8.940064 0.945200
8.944349 0.945200
8.948633 0.945200
8.952917 0.945200
8.957202 0.945600
8.961486 0.945600
8.965771 0.945600
8.970055 0.945600
8.974340 0.946000
8.978624 0.946000
8.982909 0.946000
8.987193 0.946000
8.991478 0.946400
8.995762 0.946800
9.000047 0.946800
9.004331 0.946800
9.008616 0.946800
9.012900 0.947200
9.017185 0.947200
9.021469 0.947200
9.025754 0.947200
9.030038 0.947200
9.034323 0.947200
9.038607 0.947600
9.042892 0.947600
9.047176 0.947600
9.051461 0.947600
9.055745 0.947600
9.060030 0.947600
9.064314 0.947600
9.068599 0.947600
9.072883 0.947600
9.077167 0.947600
9.081452 0.947600
9.085736 0.948000
9.090021 0.948000
9.094305 0.948400
9.098590 0.948400
9.102874 0.948800
9.107159 0.949600
9.111443 0.949600
9.115728 0.950000
9.120012 0.950000
9.124297 0.950000
9.128581 0.950800
9.132866 0.950800
9.137150 0.951200
9.141435 0.951200
9.145719 0.951200
9.150004 0.951200
9.154288 0.952000
9.158573 0.952000
9.162857 0.952000
9.167142 0.952000
9.171426 0.952000
9.175711 0.952000
9.179995 0.952000
9.184280 0.952000
9.188564 0.952000
9.192849 0.952000
9.197133 0.952400
9.201417 0.952800
9.205702 0.952800
9.209986 0.953200
9.214271 0.953200
9.218555 0.953200
9.222840 0.953200
9.227124 0.953200
9.231409 0.953200
9.235693 0.953200
9.239978 0.953600
9.244262 0.953600
9.248547 0.953600
9.252831 0.953600
9.257116 0.954000
9.261400 0.954000
9.265685 0.954000
9.269969 0.954000
9.274254 0.954000
9.278538 0.954000
9.282823 0.954000
9.287107 0.954000
9.291392 0.954000
9.295676 0.954000
9.299961 0.954000
9.304245 0.954000
9.308530 0.954400
9.312814 0.954400
9.317099 0.954400
9.321383 0.954400
9.325667 0.954400
9.329952 0.954400
9.334236 0.954400
9.338521 0.954400
9.342805 0.954400
9.347090 0.954400
9.351374 0.954400
9.355659 0.954400
9.359943 0.954400
9.364228 0.954400
9.368512 0.954800
9.372797 0.954800
9.377081 0.955200
9.381366 0.955200
9.385650 0.955200
9.389935 0.955200
9.394219 0.955200
9.398504 0.955200
9.402788 0.955200
9.407073 0.955200
9.411357 0.955200
9.415642 0.955200
9.419926 0.955200
9.424211 0.955200
9.428495 0.955200
9.432780 0.955600
9.437064 0.955600
9.441349 0.955600
9.445633 0.955600
9.449917 0.955600
9.454202 0.955600
9.458486 0.955600
9.462771 0.955600
9.467055 0.955600
9.471340 0.955600
9.475624 0.955600
9.479909 0.955600
9.484193 0.956000
9.488478 0.956000
9.492762 0.956000
9.497047 0.956000
9.501331 0.956400
9.505616 0.956400
9.509900 0.956400
9.514185 0.956400
9.518469 0.956400
9.522754 0.956400
9.527038 0.956400
9.531323 0.956400
9.535607 0.956800
9.539892 0.956800
9.544176 0.956800
9.548461 0.956800
9.552745 0.957200
9.557030 0.957200
9.561314 0.957600
9.565599 0.957600
9.569883 0.957600
9.574167 0.957600
9.578452 0.957600
9.582736 0.957600
9.587021 0.957600
9.591305 0.958400
9.595590 0.958400
9.599874 0.958400
9.604159 0.958800
9.608443 0.958800
9.612728 0.958800
9.617012 0.958800
9.621297 0.958800
9.625581 0.958800
9.629866 0.958800
9.634150 0.958800
9.638435 0.958800
9.642719 0.958800
9.647004 0.958800
9.651288 0.958800
9.655573 0.958800
9.659857 0.958800
9.664142 0.958800
9.668426 0.958800
9.672711 0.958800
9.676995 0.958800
9.681280 0.958800
9.685564 0.958800
9.689849 0.959200
9.694133 0.959200
9.698417 0.959200
9.702702 0.959200
9.706986 0.959200
9.711271 0.959200
9.715555 0.960000
9.719840 0.960000
9.724124 0.960000
9.728409 0.960000
9.732693 0.960000
9.736978 0.960000
9.741262 0.960000
9.745547 0.960000
9.749831 0.960000
9.754116 0.960000
9.758400 0.960000
9.762685 0.960000
9.766969 0.960000
9.771254 0.960000
9.775538 0.960000
9.779823 0.960400
9.784107 0.960400
9.788392 0.960400
9.792676 0.961200
9.796961 0.961200
9.801245 0.961200
9.805530 0.961600
9.809814 0.961600
9.814099 0.961600
9.818383 0.962000
9.822668 0.962000
9.826952 0.962000
9.831236 0.962000
9.835521 0.962000
9.839805 0.962000
9.844090 0.962000
9.848374 0.962400
9.852659 0.962400
9.856943 0.962400
9.861228 0.962400
9.865512 0.962400
9.869797 0.962400
9.874081 0.962400
9.878366 0.962400
9.882650 0.962400
9.886935 0.962400
9.891219 0.962400
9.895504 0.962800
9.899788 0.962800
9.904073 0.963200
9.908357 0.963600
9.912642 0.963600
9.916926 0.963600
9.921211 0.963600
9.925495 0.964000
9.929780 0.964000
9.934064 0.964000
9.938349 0.964000
9.942633 0.964000
9.946918 0.964000
9.951202 0.964000
9.955486 0.964000
9.959771 0.964000
9.964055 0.964000
9.968340 0.964000
9.972624 0.964000
9.976909 0.964000
9.981193 0.964000
9.985478 0.964000
9.989762 0.964000
9.994047 0.964000
9.998331 0.964400
