1.126861 0.000400
1.131381 0.000400
1.135901 0.000400
1.140422 0.000400
1.144942 0.000400
1.149462 0.000400
1.153982 0.000400
1.158502 0.000400
1.163023 0.000400
1.167543 0.000400
1.172063 0.000400
1.176583 0.000400
1.181103 0.000400
1.185624 0.000800
1.190144 0.000800
1.194664 0.000800
1.199184 0.000800
1.203704 0.000800
1.208224 0.000800
1.212745 0.000800
1.217265 0.000800
1.221785 0.000800
1.226305 0.000800
1.230825 0.000800
1.235346 0.000800
1.239866 0.000800
1.244386 0.000800
1.248906 0.000800
1.253426 0.000800
1.257947 0.000800
1.262467 0.000800
1.266987 0.001200
1.271507 0.001200
1.276027 0.001200
1.280548 0.001600
1.285068 0.001600
1.289588 0.001600
1.294108 0.001600
1.298628 0.001600
1.303149 0.001600
1.307669 0.001600
1.312189 0.002000
1.316709 0.002000
1.321229 0.002400
1.325750 0.002400
1.330270 0.002400
1.334790 0.002400
1.339310 0.002400
1.343830 0.002400
1.348351 0.002400
1.352871 0.002400
1.357391 0.002400
1.361911 0.002400
1.366431 0.002400
1.370951 0.002800
1.375472 0.002800
1.379992 0.003600
1.384512 0.003600
1.389032 0.003600
1.393552 0.003600
1.398073 0.003600
1.402593 0.004000
1.407113 0.004400
1.411633 0.004400
1.416153 0.004800
1.420674 0.004800
1.425194 0.004800
1.429714 0.004800
1.434234 0.005200
1.438754 0.005200
1.443275 0.005200
1.447795 0.005600
1.452315 0.005600
1.456835 0.005600
1.461355 0.005600
1.465876 0.005600
1.470396 0.005600
1.474916 0.006400
1.479436 0.006400
1.483956 0.006400
1.488477 0.007200
1.492997 0.007600
1.497517 0.008000
1.502037 0.008000
1.506557 0.008000
1.511078 0.008000
1.515598 0.008400
1.520118 0.008400
1.524638 0.008400
1.529158 0.008400
1.533678 0.008400
1.538199 0.008400
1.542719 0.008400
1.547239 0.008800
1.551759 0.009200
1.556279 0.009200
1.560800 0.009600
1.565320 0.010000
1.569840 0.010400
1.574360 0.010400
1.578880 0.010800
1.583401 0.010800
1.587921 0.012000
1.592441 0.012000
1.596961 0.012000
1.601481 0.012000
1.606002 0.012800
1.610522 0.013200
1.615042 0.013200
1.619562 0.013200
1.624082 0.013200
1.628603 0.014000
1.633123 0.014800
1.637643 0.014800
1.642163 0.014800
1.646683 0.015200
1.651204 0.015600
1.655724 0.016000
1.660244 0.016400
1.664764 0.017200
1.669284 0.018400
1.673805 0.019200
1.678325 0.019600
1.682845 0.020400
1.687365 0.020400
1.691885 0.020800
1.696406 0.021200
1.700926 0.022000
1.705446 0.022800
1.709966 0.022800
1.714486 0.023200
1.719006 0.024400
1.723527 0.024800
1.728047 0.025200
1.732567 0.025200
1.737087 0.025200
1.741607 0.026000
1.746128 0.026400
1.750648 0.027200
1.755168 0.027600
1.759688 0.028000
1.764208 0.028400
1.768729 0.028400
1.773249 0.028800
1.777769 0.029200
1.782289 0.030000
1.786809 0.030000
1.791330 0.030400
1.795850 0.031200
1.800370 0.032400
1.804890 0.033600
1.809410 0.034400
1.813931 0.034800
1.818451 0.034800
1.822971 0.035200
1.827491 0.036800
1.832011 0.038000
1.836532 0.038800
1.841052 0.039600
1.845572 0.040000
1.850092 0.041200
1.854612 0.041600
1.859133 0.042000
1.863653 0.042800
1.868173 0.043600
1.872693 0.043600
1.877213 0.044800
1.881733 0.045200
1.886254 0.046400
1.890774 0.047200
1.895294 0.047600
1.899814 0.049200
1.904334 0.049200
1.908855 0.050400
1.913375 0.050800
1.917895 0.052000
1.922415 0.052400
1.926935 0.052400
1.931456 0.052800
1.935976 0.053200
1.940496 0.054000
1.945016 0.054800
1.949536 0.055200
1.954057 0.057200
1.958577 0.057200
1.963097 0.057600
1.967617 0.058800
1.972137 0.058800
1.976658 0.059600
1.981178 0.060800
1.985698 0.061600
1.990218 0.064000
1.994738 0.066000
1.999259 0.066800
2.003779 0.067200
2.008299 0.067200
2.012819 0.068000
2.017339 0.068800
2.021860 0.069200
2.026380 0.070000
2.030900 0.070400
2.035420 0.071600
2.039940 0.072400
2.044460 0.074000
2.048981 0.074800
2.053501 0.075600
2.058021 0.077600
2.062541 0.077600
2.067061 0.078000
2.071582 0.079200
2.076102 0.080800
2.080622 0.081200
2.085142 0.081600
2.089662 0.082000
2.094183 0.082000
2.098703 0.085200
2.103223 0.087600
2.107743 0.088000
2.112263 0.089200
2.116784 0.089200
2.121304 0.090800
2.125824 0.092400
2.130344 0.093200
2.134864 0.095200
2.139385 0.097200
2.143905 0.098000
2.148425 0.099600
2.152945 0.099600
2.157465 0.100400
2.161986 0.101600
2.166506 0.102400
2.171026 0.102800
2.175546 0.104800
2.180066 0.106000
2.184587 0.107200
2.189107 0.108000
2.193627 0.108800
2.198147 0.110800
2.202667 0.112800
2.207187 0.114800
2.211708 0.116800
2.216228 0.118000
2.220748 0.119600
2.225268 0.120400
2.229788 0.121200
2.234309 0.121200
2.238829 0.122000
2.243349 0.124400
2.247869 0.124800
2.252389 0.125600
2.256910 0.126000
2.261430 0.126800
2.265950 0.129200
2.270470 0.130000
2.274990 0.130800
2.279511 0.132000
2.284031 0.133600
2.288551 0.134000
2.293071 0.135600
2.297591 0.136400
2.302112 0.139200
2.306632 0.141200
2.311152 0.141200
2.315672 0.141600
2.320192 0.141600
2.324713 0.141600
2.329233 0.142800
2.333753 0.143200
2.338273 0.144000
2.342793 0.146000
2.347314 0.146400
2.351834 0.148000
2.356354 0.150400
2.360874 0.151600
2.365394 0.152400
2.369914 0.153600
2.374435 0.154800
2.378955 0.155600
2.383475 0.158400
2.387995 0.159200
2.392515 0.160000
2.397036 0.162800
2.401556 0.164800
2.406076 0.165600
2.410596 0.166000
2.415116 0.167200
2.419637 0.168800
2.424157 0.169600
2.428677 0.169600
2.433197 0.171200
2.437717 0.171200
2.442238 0.172400
2.446758 0.172400
2.451278 0.172800
2.455798 0.176000
2.460318 0.176400
2.464839 0.176800
2.469359 0.177200
2.473879 0.177200
2.478399 0.178000
2.482919 0.180800
2.487440 0.181600
2.491960 0.182800
2.496480 0.183600
2.501000 0.185200
2.505520 0.186800
2.510041 0.188000
2.514561 0.188400
2.519081 0.190000
2.523601 0.191200
2.528121 0.194000
2.532641 0.195200
2.537162 0.196800
2.541682 0.199200
2.546202 0.200400
2.550722 0.201600
2.555242 0.202400
2.559763 0.203600
2.564283 0.206800
2.568803 0.207200
2.573323 0.208400
2.577843 0.208800
2.582364 0.209600
2.586884 0.210800
2.591404 0.212400
2.595924 0.213600
2.600444 0.214800
2.604965 0.215600
2.609485 0.216800
2.614005 0.218000
2.618525 0.218800
2.623045 0.220400
2.627566 0.222000
2.632086 0.224000
2.636606 0.224000
2.641126 0.224800
2.645646 0.226000
2.650167 0.226400
2.654687 0.226800
2.659207 0.228000
2.663727 0.228800
2.668247 0.229200
2.672768 0.230400
2.677288 0.231200
2.681808 0.233200
2.686328 0.234000
2.690848 0.235200
2.695368 0.235200
2.699889 0.237200
2.704409 0.237600
2.708929 0.238800
2.713449 0.241200
2.717969 0.242000
2.722490 0.243600
2.727010 0.245200
2.731530 0.247600
2.736050 0.248000
2.740570 0.249200
2.745091 0.250000
2.749611 0.252000
2.754131 0.253600
2.758651 0.254800
2.763171 0.255600
2.767692 0.256000
2.772212 0.257200
2.776732 0.257600
2.781252 0.258800
2.785772 0.259600
2.790293 0.260400
2.794813 0.261600
2.799333 0.262800
2.803853 0.264800
2.808373 0.267200
2.812894 0.268400
2.817414 0.269200
2.821934 0.271600
2.826454 0.272400
2.830974 0.273200
2.835495 0.273600
2.840015 0.273600
2.844535 0.274800
2.849055 0.275600
2.853575 0.276800
2.858095 0.278000
2.862616 0.279600
2.867136 0.280400
2.871656 0.282000
2.876176 0.282400
2.880696 0.284400
2.885217 0.285600
2.889737 0.286400
2.894257 0.287600
2.898777 0.288400
2.903297 0.289600
2.907818 0.290400
2.912338 0.290800
2.916858 0.291600
2.921378 0.291600
2.925898 0.293200
2.930419 0.294400
2.934939 0.294400
2.939459 0.295200
2.943979 0.296400
2.948499 0.298000
2.953020 0.299600
2.957540 0.300000
2.962060 0.301200
2.966580 0.302000
2.971100 0.302400
2.975621 0.303600
2.980141 0.304400
2.984661 0.304800
2.989181 0.305600
2.993701 0.306400
2.998222 0.307200
3.002742 0.308000
3.007262 0.309600
3.011782 0.311200
3.016302 0.312000
3.020822 0.312800
3.025343 0.314000
3.029863 0.315200
3.034383 0.316000
3.038903 0.316800
3.043423 0.318000
3.047944 0.318400
3.052464 0.319600
3.056984 0.320800
3.061504 0.322800
3.066024 0.324800
3.070545 0.327200
3.075065 0.329600
3.079585 0.330400
3.084105 0.331600
3.088625 0.332000
3.093146 0.333600
3.097666 0.334400
3.102186 0.334800
3.106706 0.335600
3.111226 0.336000
3.115747 0.336800
3.120267 0.337200
3.124787 0.338000
3.129307 0.339200
3.133827 0.340800
3.138348 0.341600
3.142868 0.342000
3.147388 0.343600
3.151908 0.345600
3.156428 0.346000
3.160949 0.346800
3.165469 0.347200
3.169989 0.348800
3.174509 0.350000
3.179029 0.351200
3.183549 0.352400
3.188070 0.353200
3.192590 0.354000
3.197110 0.356400
3.201630 0.357600
3.206150 0.358400
3.210671 0.360400
3.215191 0.362000
3.219711 0.362400
3.224231 0.363200
3.228751 0.364800
3.233272 0.366000
3.237792 0.367600
3.242312 0.370000
3.246832 0.371200
3.251352 0.373200
3.255873 0.375200
3.260393 0.375600
3.264913 0.376000
3.269433 0.376400
3.273953 0.376800
3.278474 0.378000
3.282994 0.378400
3.287514 0.379600
3.292034 0.380400
3.296554 0.380800
3.301075 0.383200
3.305595 0.384800
3.310115 0.386400
3.314635 0.386800
3.319155 0.388400
3.323676 0.389600
3.328196 0.389600
3.332716 0.390000
3.337236 0.390800
3.341756 0.392000
3.346276 0.393200
3.350797 0.395200
3.355317 0.396000
3.359837 0.397600
3.364357 0.398000
3.368877 0.399200
3.373398 0.400000
3.377918 0.400800
3.382438 0.401600
3.386958 0.402800
3.391478 0.405600
3.395999 0.406400
3.400519 0.407600
3.405039 0.408800
3.409559 0.410000
3.414079 0.410800
3.418600 0.412400
3.423120 0.413200
3.427640 0.415200
3.432160 0.416400
3.436680 0.418000
3.441201 0.418400
3.445721 0.419600
3.450241 0.420400
3.454761 0.421600
3.459281 0.423200
3.463802 0.424000
3.468322 0.426000
3.472842 0.428400
3.477362 0.431600
3.481882 0.434000
3.486403 0.435200
3.490923 0.436400
3.495443 0.436800
3.499963 0.438400
3.504483 0.439600
3.509003 0.440000
3.513524 0.441200
3.518044 0.442800
3.522564 0.444400
3.527084 0.445200
3.531604 0.446000
3.536125 0.447600
3.540645 0.448800
3.545165 0.450800
3.549685 0.451600
3.554205 0.452400
3.558726 0.453200
3.563246 0.454400
3.567766 0.454800
3.572286 0.455600
3.576806 0.456000
3.581327 0.458000
3.585847 0.458400
3.590367 0.458400
3.594887 0.458800
3.599407 0.459600
3.603928 0.460400
3.608448 0.461200
3.612968 0.461600
3.617488 0.463600
3.622008 0.464800
3.626529 0.465600
3.631049 0.465600
3.635569 0.466400
3.640089 0.467200
3.644609 0.468400
3.649130 0.469200
3.653650 0.469600
3.658170 0.470000
3.662690 0.472000
3.667210 0.472800
3.671730 0.473200
3.676251 0.475200
3.680771 0.475600
3.685291 0.476800
3.689811 0.477600
3.694331 0.479600
3.698852 0.480400
3.703372 0.482800
3.707892 0.483200
3.712412 0.484400
3.716932 0.486400
3.721453 0.488000
3.725973 0.488000
3.730493 0.488800
3.735013 0.489600
3.739533 0.490400
3.744054 0.491200
3.748574 0.492400
3.753094 0.492800
3.757614 0.492800
3.762134 0.492800
3.766655 0.493200
3.771175 0.493200
3.775695 0.493200
3.780215 0.494400
3.784735 0.496000
3.789256 0.496800
3.793776 0.498800
3.798296 0.501200
3.802816 0.502000
3.807336 0.502800
3.811857 0.505200
3.816377 0.505600
3.820897 0.506400
3.825417 0.508400
3.829937 0.510400
3.834457 0.510400
3.838978 0.511600
3.843498 0.512400
3.848018 0.513600
3.852538 0.515600
3.857058 0.516400
3.861579 0.516800
3.866099 0.517600
3.870619 0.518400
3.875139 0.520000
3.879659 0.520400
3.884180 0.521200
3.888700 0.522000
3.893220 0.522800
3.897740 0.523600
3.902260 0.524400
3.906781 0.524800
3.911301 0.525200
3.915821 0.526000
3.920341 0.526400
3.924861 0.527600
3.929382 0.528800
3.933902 0.528800
3.938422 0.529200
3.942942 0.530400
3.947462 0.530800
3.951983 0.532400
3.956503 0.532800
3.961023 0.533600
3.965543 0.534400
3.970063 0.534800
3.974584 0.536400
3.979104 0.536400
3.983624 0.537600
3.988144 0.537600
3.992664 0.538800
3.997184 0.539200
4.001705 0.540000
4.006225 0.540400
4.010745 0.541600
4.015265 0.542400
4.019785 0.542800
4.024306 0.543600
4.028826 0.544800
4.033346 0.546800
4.037866 0.547200
4.042386 0.548400
4.046907 0.549200
4.051427 0.550400
4.055947 0.550800
4.060467 0.551600
4.064987 0.551600
4.069508 0.552400
4.074028 0.553200
4.078548 0.554000
4.083068 0.554800
4.087588 0.556800
4.092109 0.558400
4.096629 0.559200
4.101149 0.559600
4.105669 0.560400
4.110189 0.560400
4.114710 0.561200
4.119230 0.562000
4.123750 0.562000
4.128270 0.563200
4.132790 0.565200
4.137311 0.565600
4.141831 0.567200
4.146351 0.567600
4.150871 0.569200
4.155391 0.569600
4.159911 0.570800
4.164432 0.575200
4.168952 0.575600
4.173472 0.576400
4.177992 0.576800
4.182512 0.577600
4.187033 0.578400
4.191553 0.578400
4.196073 0.579200
4.200593 0.579200
4.205113 0.580800
4.209634 0.580800
4.214154 0.583200
4.218674 0.584400
4.223194 0.584800
4.227714 0.585200
4.232235 0.585200
4.236755 0.585200
4.241275 0.586800
4.245795 0.588000
4.250315 0.589200
4.254836 0.589600
4.259356 0.590800
4.263876 0.591600
4.268396 0.592800
4.272916 0.593600
4.277437 0.594000
4.281957 0.594800
4.286477 0.595600
4.290997 0.596000
4.295517 0.597200
4.300038 0.598800
4.304558 0.600800
4.309078 0.601200
4.313598 0.601600
4.318118 0.602800
4.322638 0.604000
4.327159 0.604800
4.331679 0.605200
4.336199 0.605600
4.340719 0.606000
4.345239 0.606800
4.349760 0.606800
4.354280 0.606800
4.358800 0.608000
4.363320 0.608400
4.367840 0.608400
4.372361 0.609200
4.376881 0.610000
4.381401 0.610400
4.385921 0.610800
4.390441 0.611200
4.394962 0.612000
4.399482 0.612800
4.404002 0.612800
4.408522 0.613600
4.413042 0.614400
4.417563 0.614400
4.422083 0.615600
4.426603 0.616000
4.431123 0.616800
4.435643 0.617600
4.440164 0.617600
4.444684 0.618000
4.449204 0.618400
4.453724 0.618800
4.458244 0.619200
4.462765 0.619200
4.467285 0.620000
4.471805 0.620400
4.476325 0.621200
4.480845 0.621200
4.485365 0.622400
4.489886 0.623200
4.494406 0.624400
4.498926 0.624400
4.503446 0.625600
4.507966 0.628400
4.512487 0.630000
4.517007 0.630400
4.521527 0.631600
4.526047 0.632400
4.530567 0.632800
4.535088 0.634000
4.539608 0.634400
4.544128 0.635200
4.548648 0.635200
4.553168 0.636000
4.557689 0.637600
4.562209 0.638000
4.566729 0.639200
4.571249 0.639600
4.575769 0.640400
4.580290 0.641200
4.584810 0.642000
4.589330 0.642400
4.593850 0.643600
4.598370 0.644000
4.602891 0.644400
4.607411 0.644400
4.611931 0.644400
4.616451 0.644800
4.620971 0.646000
4.625492 0.647600
4.630012 0.647600
4.634532 0.649200
4.639052 0.650800
4.643572 0.650800
4.648092 0.651200
4.652613 0.652000
4.657133 0.652800
4.661653 0.652800
4.666173 0.654000
4.670693 0.654000
4.675214 0.654400
4.679734 0.655200
4.684254 0.656000
4.688774 0.656000
4.693294 0.656000
4.697815 0.657600
4.702335 0.657600
4.706855 0.658800
4.711375 0.659200
4.715895 0.659600
4.720416 0.660800
4.724936 0.661600
4.729456 0.662400
4.733976 0.662400
4.738496 0.663600
4.743017 0.664800
4.747537 0.665200
4.752057 0.666000
4.756577 0.667200
4.761097 0.667200
4.765618 0.667600
4.770138 0.668000
4.774658 0.668400
4.779178 0.668400
4.783698 0.669200
4.788219 0.669600
4.792739 0.670000
4.797259 0.670400
4.801779 0.670800
4.806299 0.670800
4.810819 0.671600
4.815340 0.672000
4.819860 0.672800
4.824380 0.673600
4.828900 0.674000
4.833420 0.674400
4.837941 0.674800
4.842461 0.676000
4.846981 0.676400
4.851501 0.677200
4.856021 0.678400
4.860542 0.678800
4.865062 0.679200
4.869582 0.680400
4.874102 0.680400
4.878622 0.680800
4.883143 0.682400
4.887663 0.682400
4.892183 0.682800
4.896703 0.683200
4.901223 0.683600
4.905744 0.684800
4.910264 0.685600
4.914784 0.686800
4.919304 0.687600
4.923824 0.688000
4.928345 0.688800
4.932865 0.689200
4.937385 0.689600
4.941905 0.690000
4.946425 0.690800
4.950946 0.691600
4.955466 0.692000
4.959986 0.692000
4.964506 0.692400
4.969026 0.693200
4.973546 0.693600
4.978067 0.694000
4.982587 0.694800
4.987107 0.694800
4.991627 0.695600
4.996147 0.696800
5.000668 0.697200
5.005188 0.697600
5.009708 0.697600
5.014228 0.698400
5.018748 0.698400
5.023269 0.700400
5.027789 0.700800
5.032309 0.700800
5.036829 0.702000
5.041349 0.703600
5.045870 0.703600
5.050390 0.704000
5.054910 0.704800
5.059430 0.705200
5.063950 0.705200
5.068471 0.705200
5.072991 0.705600
5.077511 0.706800
5.082031 0.706800
5.086551 0.707600
5.091072 0.708000
5.095592 0.708800
5.100112 0.709600
5.104632 0.710400
5.109152 0.710400
5.113673 0.710400
5.118193 0.710800
5.122713 0.710800
5.127233 0.711200
5.131753 0.712800
5.136273 0.712800
5.140794 0.713600
5.145314 0.713600
5.149834 0.714000
5.154354 0.714400
5.158874 0.714800
5.163395 0.714800
5.167915 0.714800
5.172435 0.715200
5.176955 0.715200
5.181475 0.715600
5.185996 0.715600
5.190516 0.716400
5.195036 0.717200
5.199556 0.717200
5.204076 0.717600
5.208597 0.718000
5.213117 0.718000
5.217637 0.718000
5.222157 0.718400
5.226677 0.719200
5.231198 0.719600
5.235718 0.720000
5.240238 0.720000
5.244758 0.721200
5.249278 0.721600
5.253799 0.721600
5.258319 0.721600
5.262839 0.721600
5.267359 0.722000
5.271879 0.722000
5.276400 0.722400
5.280920 0.722800
5.285440 0.722800
5.289960 0.722800
5.294480 0.722800
5.299000 0.724400
5.303521 0.724400
5.308041 0.725600
5.312561 0.726000
5.317081 0.726400
5.321601 0.727200
5.326122 0.728000
5.330642 0.730400
5.335162 0.730400
5.339682 0.731200
5.344202 0.731600
5.348723 0.731600
5.353243 0.732000
5.357763 0.732000
5.362283 0.732800
5.366803 0.732800
5.371324 0.732800
5.375844 0.734000
5.380364 0.734000
5.384884 0.734800
5.389404 0.735600
5.393925 0.735600
5.398445 0.736400
5.402965 0.736800
5.407485 0.737200
5.412005 0.737200
5.416526 0.737600
5.421046 0.739200
5.425566 0.739200
5.430086 0.739200
5.434606 0.740000
5.439127 0.740000
5.443647 0.740400
5.448167 0.741200
5.452687 0.741200
5.457207 0.742000
5.461727 0.742800
5.466248 0.743600
5.470768 0.745600
5.475288 0.745600
5.479808 0.746400
5.484328 0.746400
5.488849 0.746400
5.493369 0.746800
5.497889 0.748000
5.502409 0.748400
5.506929 0.748800
5.511450 0.750000
5.515970 0.750000
5.520490 0.750400
5.525010 0.750400
5.529530 0.750800
5.534051 0.750800
5.538571 0.751600
5.543091 0.751600
5.547611 0.751600
5.552131 0.752400
5.556652 0.752400
5.561172 0.752800
5.565692 0.752800
5.570212 0.753600
5.574732 0.753600
5.579253 0.754000
5.583773 0.754400
5.588293 0.754800
5.592813 0.755200
5.597333 0.755200
5.601854 0.755200
5.606374 0.756400
5.610894 0.756800
5.615414 0.757200
5.619934 0.757600
5.624454 0.758000
5.628975 0.758400
5.633495 0.758400
5.638015 0.758400
5.642535 0.758800
5.647055 0.760400
5.651576 0.760400
5.656096 0.760400
5.660616 0.760400
5.665136 0.760800
5.669656 0.762400
5.674177 0.762400
5.678697 0.762800
5.683217 0.763200
5.687737 0.763200
5.692257 0.763200
5.696778 0.763600
5.701298 0.764400
5.705818 0.764800
5.710338 0.765200
5.714858 0.766400
5.719379 0.766800
5.723899 0.766800
5.728419 0.767600
5.732939 0.767600
5.737459 0.767600
5.741980 0.768000
5.746500 0.768000
5.751020 0.768400
5.755540 0.768400
5.760060 0.768800
5.764581 0.770000
5.769101 0.770400
5.773621 0.770800
5.778141 0.771200
5.782661 0.771200
5.787181 0.771600
5.791702 0.772400
5.796222 0.773200
5.800742 0.774000
5.805262 0.774000
5.809782 0.774800
5.814303 0.775600
5.818823 0.776000
5.823343 0.776400
5.827863 0.776400
5.832383 0.777200
5.836904 0.778000
5.841424 0.778400
5.845944 0.778800
5.850464 0.779200
5.854984 0.779600
5.859505 0.780800
5.864025 0.780800
5.868545 0.781200
5.873065 0.781200
5.877585 0.781200
5.882106 0.781200
5.886626 0.782400
5.891146 0.782800
5.895666 0.782800
5.900186 0.782800
5.904707 0.783600
5.909227 0.783600
5.913747 0.784000
5.918267 0.784000
5.922787 0.784000
5.927308 0.784400
5.931828 0.784800
5.936348 0.785200
5.940868 0.785600
5.945388 0.786000
5.949908 0.786000
5.954429 0.786800
5.958949 0.786800
5.963469 0.786800
5.967989 0.787600
5.972509 0.787600
5.977030 0.787600
5.981550 0.787600
5.986070 0.788400
5.990590 0.788800
5.995110 0.788800
5.999631 0.788800
6.004151 0.788800
6.008671 0.789200
6.013191 0.789600
6.017711 0.789600
6.022232 0.790000
6.026752 0.790400
6.031272 0.790400
6.035792 0.790400
6.040312 0.791200
6.044833 0.792000
6.049353 0.792800
6.053873 0.793200
6.058393 0.794000
6.062913 0.794400
6.067434 0.794400
6.071954 0.794400
6.076474 0.794400
6.080994 0.794800
6.085514 0.795600
6.090035 0.796400
6.094555 0.796800
6.099075 0.797200
6.103595 0.797200
6.108115 0.797200
6.112635 0.798000
6.117156 0.798000
6.121676 0.798800
6.126196 0.799200
6.130716 0.799200
6.135236 0.799200
6.139757 0.799200
6.144277 0.799600
6.148797 0.799600
6.153317 0.800400
6.157837 0.800800
6.162358 0.801200
6.166878 0.801600
6.171398 0.802000
6.175918 0.802800
6.180438 0.803200
6.184959 0.803200
6.189479 0.803200
6.193999 0.803200
6.198519 0.803200
6.203039 0.803200
6.207560 0.803600
6.212080 0.803600
6.216600 0.803600
6.221120 0.803600
6.225640 0.804400
6.230161 0.804400
6.234681 0.804400
6.239201 0.804400
6.243721 0.805600
6.248241 0.806000
6.252762 0.806400
6.257282 0.807200
6.261802 0.808000
6.266322 0.808000
6.270842 0.808000
6.275363 0.808000
6.279883 0.808000
6.284403 0.808400
6.288923 0.808800
6.293443 0.809200
6.297963 0.810000
6.302484 0.810400
6.307004 0.810400
6.311524 0.810800
6.316044 0.810800
6.320564 0.810800
6.325085 0.810800
6.329605 0.810800
6.334125 0.810800
6.338645 0.810800
6.343165 0.810800
6.347686 0.811200
6.352206 0.812000
6.356726 0.812400
6.361246 0.812800
6.365766 0.813200
6.370287 0.813600
6.374807 0.814000
6.379327 0.814000
6.383847 0.814400
6.388367 0.814400
6.392888 0.814400
6.397408 0.814400
6.401928 0.815200
6.406448 0.815200
6.410968 0.815600
6.415489 0.815600
6.420009 0.816000
6.424529 0.816400
6.429049 0.816800
6.433569 0.816800
6.438090 0.816800
6.442610 0.816800
6.447130 0.816800
6.451650 0.816800
6.456170 0.816800
6.460690 0.818000
6.465211 0.818000
6.469731 0.818400
6.474251 0.818800
6.478771 0.818800
6.483291 0.819200
6.487812 0.819200
6.492332 0.819600
6.496852 0.820000
6.501372 0.820400
6.505892 0.820400
6.510413 0.820800
6.514933 0.820800
6.519453 0.821200
6.523973 0.821200
6.528493 0.822400
6.533014 0.822800
6.537534 0.822800
6.542054 0.822800
6.546574 0.823200
6.551094 0.823600
6.555615 0.824400
6.560135 0.824400
6.564655 0.825200
6.569175 0.825200
6.573695 0.825600
6.578216 0.825600
6.582736 0.826000
6.587256 0.826800
6.591776 0.826800
6.596296 0.827200
6.600817 0.827600
6.605337 0.827600
6.609857 0.827600
6.614377 0.827600
6.618897 0.828000
6.623417 0.828400
6.627938 0.828400
6.632458 0.828400
6.636978 0.828800
6.641498 0.829600
6.646018 0.830400
6.650539 0.830400
6.655059 0.830400
6.659579 0.830400
6.664099 0.830800
6.668619 0.831200
6.673140 0.831200
6.677660 0.831200
6.682180 0.831200
6.686700 0.831200
6.691220 0.832000
6.695741 0.832800
6.700261 0.833200
6.704781 0.833200
6.709301 0.833200
6.713821 0.833200
6.718342 0.833600
6.722862 0.834000
6.727382 0.834000
6.731902 0.835200
6.736422 0.835600
6.740943 0.836000
6.745463 0.836400
6.749983 0.836400
6.754503 0.836800
6.759023 0.836800
6.763544 0.836800
6.768064 0.838000
6.772584 0.838400
6.777104 0.839200
6.781624 0.839200
6.786144 0.839600
6.790665 0.839600
6.795185 0.839600
6.799705 0.840000
6.804225 0.840400
6.808745 0.840800
6.813266 0.841200
6.817786 0.841200
6.822306 0.841200
6.826826 0.841200
6.831346 0.841200
6.835867 0.841200
6.840387 0.841600
6.844907 0.841600
6.849427 0.842800
6.853947 0.842800
6.858468 0.842800
6.862988 0.843600
6.867508 0.844000
6.872028 0.844400
6.876548 0.844400
6.881069 0.844400
6.885589 0.844400
6.890109 0.844800
6.894629 0.844800
6.899149 0.844800
6.903670 0.845600
6.908190 0.845600
6.912710 0.846000
6.917230 0.846000
6.921750 0.846000
6.926271 0.846800
6.930791 0.847200
6.935311 0.847600
6.939831 0.847600
6.944351 0.848000
6.948871 0.848400
6.953392 0.848800
6.957912 0.849200
6.962432 0.849200
6.966952 0.849200
6.971472 0.849600
6.975993 0.849600
6.980513 0.850000
6.985033 0.850400
6.989553 0.850400
6.994073 0.850800
6.998594 0.850800
7.003114 0.850800
7.007634 0.850800
7.012154 0.850800
7.016674 0.851200
7.021195 0.851200
7.025715 0.852000
7.030235 0.852000
7.034755 0.852400
7.039275 0.852800
7.043796 0.852800
7.048316 0.852800
7.052836 0.852800
7.057356 0.852800
7.061876 0.852800
7.066397 0.852800
7.070917 0.853200
7.075437 0.853200
7.079957 0.853600
7.084477 0.854000
7.088998 0.854000
7.093518 0.854400
7.098038 0.854800
7.102558 0.854800
7.107078 0.854800
7.111598 0.854800
7.116119 0.854800
7.120639 0.855600
7.125159 0.855600
7.129679 0.855600
7.134199 0.856400
7.138720 0.856400
7.143240 0.856800
7.147760 0.856800
7.152280 0.857200
7.156800 0.858000
7.161321 0.858400
7.165841 0.858400
7.170361 0.858400
7.174881 0.858400
7.179401 0.858400
7.183922 0.858800
7.188442 0.859200
7.192962 0.859200
7.197482 0.859600
7.202002 0.859600
7.206523 0.859600
7.211043 0.860000
7.215563 0.860800
7.220083 0.860800
7.224603 0.860800
7.229124 0.861200
7.233644 0.861200
7.238164 0.861600
7.242684 0.862000
7.247204 0.862400
7.251725 0.862400
7.256245 0.862800
7.260765 0.862800
7.265285 0.862800
7.269805 0.862800
7.274325 0.863200
7.278846 0.863200
7.283366 0.864400
7.287886 0.864800
7.292406 0.865200
7.296926 0.865200
7.301447 0.865200
7.305967 0.865200
7.310487 0.865200
7.315007 0.865200
7.319527 0.865200
7.324048 0.865600
7.328568 0.865600
7.333088 0.865600
7.337608 0.865600
7.342128 0.865600
7.346649 0.866000
7.351169 0.866000
7.355689 0.866000
7.360209 0.866400
7.364729 0.866800
7.369250 0.866800
7.373770 0.867600
7.378290 0.868000
7.382810 0.868400
7.387330 0.868400
7.391851 0.868400
7.396371 0.868800
7.400891 0.869200
7.405411 0.869200
7.409931 0.869200
7.414452 0.869600
7.418972 0.870000
7.423492 0.870000
7.428012 0.870000
7.432532 0.870000
7.437052 0.870400
7.441573 0.870400
7.446093 0.870400
7.450613 0.870400
7.455133 0.870400
7.459653 0.870400
7.464174 0.870400
7.468694 0.870400
7.473214 0.871200
7.477734 0.872000
7.482254 0.872000
7.486775 0.872000
7.491295 0.872400
7.495815 0.872800
7.500335 0.872800
7.504855 0.872800
7.509376 0.873200
7.513896 0.873200
7.518416 0.873200
7.522936 0.873200
7.527456 0.873600
7.531977 0.873600
7.536497 0.873600
7.541017 0.873600
7.545537 0.873600
7.550057 0.874400
7.554578 0.874400
7.559098 0.874800
7.563618 0.874800
7.568138 0.875200
7.572658 0.875200
7.577179 0.876000
7.581699 0.876000
7.586219 0.876800
7.590739 0.877200
7.595259 0.877600
7.599779 0.878000
7.604300 0.878000
7.608820 0.878000
7.613340 0.878000
7.617860 0.878000
7.622380 0.878800
7.626901 0.879200
7.631421 0.879200
7.635941 0.879600
7.640461 0.879600
7.644981 0.879600
7.649502 0.879600
7.654022 0.880000
7.658542 0.880000
7.663062 0.880400
7.667582 0.880400
7.672103 0.880400
7.676623 0.880800
7.681143 0.880800
7.685663 0.880800
7.690183 0.880800
7.694704 0.880800
7.699224 0.880800
7.703744 0.880800
7.708264 0.881200
7.712784 0.881200
7.717305 0.881600
7.721825 0.882400
7.726345 0.882800
7.730865 0.882800
7.735385 0.882800
7.739906 0.882800
7.744426 0.882800
7.748946 0.883600
7.753466 0.884000
7.757986 0.884400
7.762506 0.885200
7.767027 0.886000
7.771547 0.886000
7.776067 0.886400
7.780587 0.886400
7.785107 0.887600
7.789628 0.887600
7.794148 0.888000
7.798668 0.888000
7.803188 0.888000
7.807708 0.888000
7.812229 0.888000
7.816749 0.888000
7.821269 0.888400
7.825789 0.888400
7.830309 0.888400
7.834830 0.888400
7.839350 0.889200
7.843870 0.890000
7.848390 0.890000
7.852910 0.890400
7.857431 0.890800
7.861951 0.890800
7.866471 0.891200
7.870991 0.891200
7.875511 0.891200
7.880032 0.892000
7.884552 0.892000
7.889072 0.892400
7.893592 0.892800
7.898112 0.892800
7.902633 0.892800
7.907153 0.892800
7.911673 0.894000
7.916193 0.894000
7.920713 0.894000
7.925233 0.894000
7.929754 0.894000
7.934274 0.894000
7.938794 0.894000
7.943314 0.894000
7.947834 0.894000
7.952355 0.894800
7.956875 0.894800
7.961395 0.894800
7.965915 0.894800
7.970435 0.894800
7.974956 0.895200
7.979476 0.896000
7.983996 0.896000
7.988516 0.896000
7.993036 0.896000
7.997557 0.896000
8.002077 0.896000
8.006597 0.896000
8.011117 0.896000
8.015637 0.896400
8.020158 0.896800
8.024678 0.896800
8.029198 0.896800
8.033718 0.896800
8.038238 0.896800
8.042759 0.897200
8.047279 0.898000
8.051799 0.898000
8.056319 0.898000
8.060839 0.898000
8.065360 0.898400
8.069880 0.898800
8.074400 0.899200
8.078920 0.899200
8.083440 0.899200
8.087960 0.899200
8.092481 0.899200
8.097001 0.899600
8.101521 0.899600
8.106041 0.899600
8.110561 0.899600
8.115082 0.899600
8.119602 0.900000
8.124122 0.900400
8.128642 0.900800
8.133162 0.900800
8.137683 0.900800
8.142203 0.901600
8.146723 0.902000
8.151243 0.902000
8.155763 0.902400
8.160284 0.902800
8.164804 0.903200
8.169324 0.903200
8.173844 0.903200
8.178364 0.903200
8.182885 0.904000
8.187405 0.904000
8.191925 0.904000
8.196445 0.904000
8.200965 0.904800
8.205486 0.904800
8.210006 0.904800
8.214526 0.904800
8.219046 0.905200
8.223566 0.905200
8.228087 0.905600
8.232607 0.905600
8.237127 0.905600
8.241647 0.905600
8.246167 0.906000
8.250687 0.906000
8.255208 0.906000
8.259728 0.906400
8.264248 0.906400
8.268768 0.906800
8.273288 0.906800
8.277809 0.906800
8.282329 0.906800
8.286849 0.906800
8.291369 0.907200
8.295889 0.907600
8.300410 0.907600
8.304930 0.907600
8.309450 0.907600
8.313970 0.907600
8.318490 0.907600
8.323011 0.907600
8.327531 0.907600
8.332051 0.907600
8.336571 0.908000
8.341091 0.908400
8.345612 0.908400
8.350132 0.908800
8.354652 0.908800
8.359172 0.908800
8.363692 0.909200
8.368213 0.909200
8.372733 0.909200
8.377253 0.909200
8.381773 0.909200
8.386293 0.909200
8.390814 0.909600
8.395334 0.909600
8.399854 0.909600
8.404374 0.909600
8.408894 0.910000
8.413414 0.910000
8.417935 0.910000
8.422455 0.910000
8.426975 0.910000
8.431495 0.910000
8.436015 0.910000
8.440536 0.910000
8.445056 0.910400
8.449576 0.910800
8.454096 0.910800
8.458616 0.911200
8.463137 0.911200
8.467657 0.912000
8.472177 0.912000
8.476697 0.912000
8.481217 0.912000
8.485738 0.912000
8.490258 0.912400
8.494778 0.912400
8.499298 0.912400
8.503818 0.912400
8.508339 0.912400
8.512859 0.912800
8.517379 0.912800
8.521899 0.912800
8.526419 0.913200
8.530940 0.913200
8.535460 0.913200
8.539980 0.913600
8.544500 0.914400
8.549020 0.914800
8.553541 0.914800
8.558061 0.914800
8.562581 0.915200
8.567101 0.915600
8.571621 0.915600
8.576141 0.916000
8.580662 0.916000
8.585182 0.916000
8.589702 0.916000
8.594222 0.916000
8.598742 0.916400
8.603263 0.916400
8.607783 0.916400
8.612303 0.916400
8.616823 0.916800
8.621343 0.917200
8.625864 0.917200
8.630384 0.917200
8.634904 0.917200
8.639424 0.917200
8.643944 0.917200
8.648465 0.917200
8.652985 0.917200
8.657505 0.917200
8.662025 0.917200
8.666545 0.917200
8.671066 0.917200
8.675586 0.917200
8.680106 0.917200
8.684626 0.917200
8.689146 0.917200
8.693667 0.918000
8.698187 0.918400
8.702707 0.918400
8.707227 0.918800
8.711747 0.918800
8.716268 0.919200
8.720788 0.919200
8.725308 0.919200
8.729828 0.919200
8.734348 0.919600
8.738868 0.919600
8.743389 0.919600
8.747909 0.919600
8.752429 0.919600
8.756949 0.920000
8.761469 0.920000
8.765990 0.920400
8.770510 0.920400
8.775030 0.920400
8.779550 0.920400
8.784070 0.920400
8.788591 0.920800
8.793111 0.920800
8.797631 0.920800
8.802151 0.920800
8.806671 0.920800
8.811192 0.921200
8.815712 0.921600
8.820232 0.922000
8.824752 0.922000
8.829272 0.922000
8.833793 0.922400
8.838313 0.922400
8.842833 0.922800
8.847353 0.922800
8.851873 0.922800
8.856394 0.923200
8.860914 0.923200
8.865434 0.923200
8.869954 0.923200
8.874474 0.923200
8.878995 0.923200
8.883515 0.923200
8.888035 0.923200
8.892555 0.923200
8.897075 0.923200
8.901595 0.923200
8.906116 0.923200
8.910636 0.923200
8.915156 0.923200
8.919676 0.923600
8.924196 0.923600
8.928717 0.924000
8.933237 0.924000
8.937757 0.924800
8.942277 0.924800
8.946797 0.924800
8.951318 0.924800
8.955838 0.924800
8.960358 0.924800
8.964878 0.924800
8.969398 0.925200
8.973919 0.925200
8.978439 0.925200
8.982959 0.925200
8.987479 0.925200
8.991999 0.925200
8.996520 0.925200
9.001040 0.925200
9.005560 0.925600
9.010080 0.925600
9.014600 0.926800
9.019121 0.926800
9.023641 0.927200
9.028161 0.927200
9.032681 0.927600
9.037201 0.927600
9.041722 0.927600
9.046242 0.927600
9.050762 0.927600
9.055282 0.927600
9.059802 0.927600
9.064322 0.927600
9.068843 0.927600
9.073363 0.927600
9.077883 0.927600
9.082403 0.927600
9.086923 0.927600
9.091444 0.927600
9.095964 0.927600
9.100484 0.927600
9.105004 0.927600
9.109524 0.927600
9.114045 0.927600
9.118565 0.928000
9.123085 0.928800
9.127605 0.928800
9.132125 0.928800
9.136646 0.928800
9.141166 0.929200
9.145686 0.929200
9.150206 0.929200
9.154726 0.929600
9.159247 0.929600
9.163767 0.929600
9.168287 0.929600
9.172807 0.929600
9.177327 0.929600
9.181848 0.930000
9.186368 0.930000
9.190888 0.930000
9.195408 0.930000
9.199928 0.930400
9.204449 0.930400
9.208969 0.930400
9.213489 0.930400
9.218009 0.930800
9.222529 0.930800
9.227049 0.930800
9.231570 0.930800
9.236090 0.930800
9.240610 0.930800
9.245130 0.931200
9.249650 0.931600
9.254171 0.931600
9.258691 0.931600
9.263211 0.931600
9.267731 0.931600
9.272251 0.931600
9.276772 0.932000
9.281292 0.932000
9.285812 0.932800
9.290332 0.932800
9.294852 0.932800
9.299373 0.932800
9.303893 0.932800
9.308413 0.932800
9.312933 0.932800
9.317453 0.933200
9.321974 0.933200
9.326494 0.933200
9.331014 0.933200
9.335534 0.933200
9.340054 0.933200
9.344575 0.933200
9.349095 0.933200
9.353615 0.933200
9.358135 0.933200
9.362655 0.933200
9.367176 0.933200
9.371696 0.933600
9.376216 0.933600
9.380736 0.933600
9.385256 0.933600
9.389776 0.933600
9.394297 0.933600
9.398817 0.933600
9.403337 0.933600
9.407857 0.933600
9.412377 0.933600
9.416898 0.933600
9.421418 0.933600
9.425938 0.933600
9.430458 0.933600
9.434978 0.934000
9.439499 0.934000
9.444019 0.934000
9.448539 0.934000
9.453059 0.934400
9.457579 0.934400
9.462100 0.934400
9.466620 0.934400
9.471140 0.934400
9.475660 0.934400
9.480180 0.934800
9.484701 0.934800
9.489221 0.934800
9.493741 0.934800
9.498261 0.934800
9.502781 0.934800
9.507302 0.935200
9.511822 0.935600
9.516342 0.936400
9.520862 0.936400
9.525382 0.936400
9.529903 0.936400
9.534423 0.936400
9.538943 0.936400
9.543463 0.936800
9.547983 0.937200
9.552503 0.937600
9.557024 0.937600
9.561544 0.937600
9.566064 0.937600
9.570584 0.937600
9.575104 0.937600
9.579625 0.937600
9.584145 0.938000
9.588665 0.938000
9.593185 0.938400
9.597705 0.938800
9.602226 0.938800
9.606746 0.938800
9.611266 0.939600
9.615786 0.939600
9.620306 0.940000
9.624827 0.940000
9.629347 0.940400
9.633867 0.940400
9.638387 0.940400
9.642907 0.941200
9.647428 0.941200
9.651948 0.941200
9.656468 0.941200
9.660988 0.941200
9.665508 0.941200
9.670029 0.941200
9.674549 0.941600
9.679069 0.941600
9.683589 0.941600
9.688109 0.942400
9.692630 0.942400
9.697150 0.942400
9.701670 0.943200
9.706190 0.943200
9.710710 0.943200
9.715230 0.943200
9.719751 0.943200
9.724271 0.943600
9.728791 0.944000
9.733311 0.944400
9.737831 0.944400
9.742352 0.944400
9.746872 0.944800
9.751392 0.944800
9.755912 0.944800
9.760432 0.944800
9.764953 0.944800
9.769473 0.944800
9.773993 0.944800
9.778513 0.944800
9.783033 0.944800
9.787554 0.944800
9.792074 0.944800
9.796594 0.944800
9.801114 0.944800
9.805634 0.944800
9.810155 0.944800
9.814675 0.945200
9.819195 0.945200
9.823715 0.945200
9.828235 0.945200
9.832756 0.945200
9.837276 0.945200
9.841796 0.945200
9.846316 0.945600
9.850836 0.945600
9.855357 0.946000
9.859877 0.946000
9.864397 0.946000
9.868917 0.946000
9.873437 0.946000
9.877957 0.946800
9.882478 0.946800
9.886998 0.947200
9.891518 0.947200
9.896038 0.947600
9.900558 0.948800
9.905079 0.948800
9.909599 0.949600
9.914119 0.949600
9.918639 0.949600
9.923159 0.949600
9.927680 0.949600
9.932200 0.949600
9.936720 0.949600
9.941240 0.949600
9.945760 0.949600
9.950281 0.949600
9.954801 0.949600
9.959321 0.949600
9.963841 0.949600
9.968361 0.949600
9.972882 0.949600
9.977402 0.949600
9.981922 0.949600
9.986442 0.949600
9.990962 0.949600
9.995483 0.949600
