0.952167 0.000400
0.960307 0.000400
0.968448 0.000400
0.976588 0.000400
0.984729 0.000400
0.992869 0.000400
1.001010 0.000400
1.009150 0.000400
1.017291 0.000400
1.025431 0.000400
1.033572 0.000400
1.041712 0.000400
1.049853 0.000400
1.057993 0.000400
1.066134 0.000400
1.074274 0.000800
1.082415 0.000800
1.090555 0.000800
1.098696 0.000800
1.106836 0.000800
1.114977 0.001200
1.123117 0.001200
1.131258 0.001200
1.139398 0.001600
1.147539 0.001600
1.155679 0.001600
1.163820 0.001600
1.171961 0.001600
1.180101 0.001600
1.188242 0.001600
1.196382 0.001600
1.204523 0.001600
1.212663 0.001600
1.220804 0.002000
1.228944 0.002000
1.237085 0.002000
1.245225 0.002000
1.253366 0.002000
1.261506 0.002000
1.269647 0.002000
1.277787 0.002400
1.285928 0.003600
1.294068 0.003600
1.302209 0.003600
1.310349 0.003600
1.318490 0.003600
1.326630 0.003600
1.334771 0.004000
1.342911 0.004400
1.351052 0.004800
1.359192 0.004800
1.367333 0.004800
1.375473 0.005200
1.383614 0.005600
1.391754 0.005600
1.399895 0.005600
1.408035 0.005600
1.416176 0.005600
1.424316 0.006000
1.432457 0.006400
1.440597 0.006400
1.448738 0.006800
1.456878 0.007200
1.465019 0.008000
1.473159 0.008800
1.481300 0.008800
1.489440 0.010000
1.497581 0.010800
1.505721 0.011600
1.513862 0.011600
1.522002 0.012400
1.530143 0.012400
1.538283 0.013600
1.546424 0.014400
1.554564 0.014800
1.562705 0.014800
1.570845 0.016800
1.578986 0.018000
1.587126 0.019200
1.595267 0.019200
1.603407 0.020000
1.611548 0.021600
1.619689 0.022800
1.627829 0.023600
1.635970 0.025200
1.644110 0.025200
1.652251 0.025600
1.660391 0.026800
1.668532 0.027200
1.676672 0.028800
1.684813 0.030800
1.692953 0.032000
1.701094 0.033200
1.709234 0.034000
1.717375 0.035600
1.725515 0.036800
1.733656 0.037200
1.741796 0.038000
1.749937 0.042000
1.758077 0.044000
1.766218 0.045200
1.774358 0.046800
1.782499 0.048400
1.790639 0.049600
1.798780 0.051200
1.806920 0.052800
1.815061 0.055200
1.823201 0.057200
1.831342 0.058800
1.839482 0.059200
1.847623 0.060000
1.855763 0.062000
1.863904 0.065600
1.872044 0.067200
1.880185 0.067200
1.888325 0.067200
1.896466 0.069200
1.904606 0.071200
1.912747 0.073600
1.920887 0.074400
1.929028 0.076400
1.937168 0.077600
1.945309 0.079200
1.953449 0.080000
1.961590 0.083200
1.969730 0.085200
1.977871 0.086800
1.986011 0.089200
1.994152 0.091200
2.002292 0.092400
2.010433 0.093600
2.018573 0.094000
2.026714 0.096800
2.034854 0.098400
2.042995 0.098800
2.051135 0.101200
2.059276 0.102400
2.067416 0.104000
2.075557 0.106400
2.083698 0.107200
2.091838 0.109600
2.099979 0.112400
2.108119 0.116000
2.116260 0.116800
2.124400 0.118400
2.132541 0.120800
2.140681 0.123600
2.148822 0.125600
2.156962 0.128400
2.165103 0.130000
2.173243 0.132400
2.181384 0.134000
2.189524 0.136000
2.197665 0.137200
2.205805 0.138400
2.213946 0.140800
2.222086 0.142000
2.230227 0.143200
2.238367 0.146800
2.246508 0.150000
2.254648 0.153200
2.262789 0.154400
2.270929 0.157200
2.279070 0.158400
2.287210 0.160400
2.295351 0.161600
2.303491 0.164400
2.311632 0.166400
2.319772 0.168000
2.327913 0.170800
2.336053 0.173200
2.344194 0.176000
2.352334 0.178800
2.360475 0.181200
2.368615 0.184000
2.376756 0.185200
2.384896 0.185600
2.393037 0.188800
2.401177 0.190400
2.409318 0.192800
2.417458 0.193600
2.425599 0.197200
2.433739 0.199200
2.441880 0.202400
2.450020 0.204400
2.458161 0.206400
2.466301 0.208400
2.474442 0.209600
2.482582 0.212000
2.490723 0.214000
2.498863 0.216000
2.507004 0.218400
2.515144 0.221200
2.523285 0.224400
2.531426 0.226400
2.539566 0.228800
2.547707 0.230000
2.555847 0.232400
2.563988 0.235200
2.572128 0.237200
2.580269 0.237600
2.588409 0.240800
2.596550 0.241600
2.604690 0.244400
2.612831 0.246000
2.620971 0.248400
2.629112 0.250000
2.637252 0.253600
2.645393 0.255600
2.653533 0.256800
2.661674 0.257200
2.669814 0.260400
2.677955 0.262800
2.686095 0.264800
2.694236 0.268000
2.702376 0.269200
2.710517 0.270000
2.718657 0.270000
2.726798 0.271600
2.734938 0.273200
2.743079 0.274400
2.751219 0.276400
2.759360 0.278800
2.767500 0.280000
2.775641 0.281200
2.783781 0.283200
2.791922 0.285200
2.800062 0.285600
2.808203 0.287600
2.816343 0.291200
2.824484 0.292000
2.832624 0.293600
2.840765 0.296000
2.848905 0.296800
2.857046 0.298000
2.865186 0.300800
2.873327 0.303600
2.881467 0.305200
2.889608 0.307200
2.897748 0.308400
2.905889 0.312400
2.914029 0.316400
2.922170 0.317200
2.930310 0.319600
2.938451 0.322000
2.946591 0.326000
2.954732 0.328400
2.962872 0.331200
2.971013 0.334000
2.979153 0.336000
2.987294 0.339600
2.995435 0.342000
3.003575 0.343600
3.011716 0.346800
3.019856 0.348000
3.027997 0.349600
3.036137 0.350000
3.044278 0.352800
3.052418 0.354000
3.060559 0.355200
3.068699 0.359600
3.076840 0.362400
3.084980 0.364000
3.093121 0.364400
3.101261 0.366000
3.109402 0.368000
3.117542 0.369600
3.125683 0.371200
3.133823 0.375200
3.141964 0.377600
3.150104 0.378800
3.158245 0.381600
3.166385 0.383200
3.174526 0.385600
3.182666 0.386400
3.190807 0.388800
3.198947 0.390800
3.207088 0.391200
3.215228 0.395200
3.223369 0.395600
3.231509 0.397200
3.239650 0.399600
3.247790 0.401600
3.255931 0.403600
3.264071 0.404800
3.272212 0.406800
3.280352 0.407600
3.288493 0.408800
3.296633 0.411600
3.304774 0.412800
3.312914 0.414000
3.321055 0.414800
3.329195 0.417200
3.337336 0.419600
3.345476 0.420400
3.353617 0.422000
3.361757 0.424800
3.369898 0.425600
3.378038 0.426800
3.386179 0.430800
3.394319 0.432800
3.402460 0.434000
3.410600 0.437200
3.418741 0.439200
3.426881 0.442000
3.435022 0.443600
3.443163 0.444800
3.451303 0.446000
3.459444 0.448400
3.467584 0.450000
3.475725 0.452400
3.483865 0.454000
3.492006 0.455600
3.500146 0.458400
3.508287 0.459200
3.516427 0.461200
3.524568 0.463600
3.532708 0.465600
3.540849 0.468800
3.548989 0.470800
3.557130 0.472800
3.565270 0.474800
3.573411 0.476800
3.581551 0.478400
3.589692 0.482400
3.597832 0.483200
3.605973 0.484000
3.614113 0.484000
3.622254 0.485200
3.630394 0.486400
3.638535 0.487600
3.646675 0.489200
3.654816 0.490800
3.662956 0.492800
3.671097 0.493600
3.679237 0.496400
3.687378 0.499200
3.695518 0.500400
3.703659 0.501200
3.711799 0.504000
3.719940 0.506400
3.728080 0.507600
3.736221 0.508800
3.744361 0.512400
3.752502 0.513600
3.760642 0.514800
3.768783 0.515600
3.776923 0.517200
3.785064 0.519600
3.793204 0.520800
3.801345 0.521600
3.809485 0.522800
3.817626 0.524800
3.825766 0.528800
3.833907 0.530800
3.842047 0.532000
3.850188 0.532400
3.858328 0.533200
3.866469 0.534800
3.874609 0.536400
3.882750 0.538400
3.890891 0.540000
3.899031 0.541600
3.907172 0.543200
3.915312 0.546400
3.923453 0.548800
3.931593 0.551600
3.939734 0.552400
3.947874 0.553600
3.956015 0.555600
3.964155 0.556400
3.972296 0.557200
3.980436 0.558800
3.988577 0.558800
3.996717 0.560800
4.004858 0.561600
4.012998 0.564400
4.021139 0.566000
4.029279 0.566400
4.037420 0.567600
4.045560 0.570000
4.053701 0.572000
4.061841 0.573200
4.069982 0.575200
4.078122 0.575600
4.086263 0.576400
4.094403 0.578400
4.102544 0.578800
4.110684 0.580400
4.118825 0.581200
4.126965 0.582400
4.135106 0.582800
4.143246 0.583200
4.151387 0.584800
4.159527 0.585600
4.167668 0.586800
4.175808 0.587200
4.183949 0.587600
4.192089 0.588800
4.200230 0.589600
4.208370 0.589600
4.216511 0.590400
4.224651 0.592000
4.232792 0.592800
4.240932 0.594000
4.249073 0.594400
4.257213 0.596800
4.265354 0.599200
4.273494 0.600400
4.281635 0.601200
4.289775 0.602000
4.297916 0.602800
4.306056 0.604400
4.314197 0.605200
4.322337 0.607600
4.330478 0.609200
4.338618 0.611200
4.346759 0.614000
4.354900 0.615200
4.363040 0.617200
4.371181 0.619200
4.379321 0.619600
4.387462 0.620800
4.395602 0.622000
4.403743 0.623200
4.411883 0.624800
4.420024 0.625600
4.428164 0.626000
4.436305 0.626400
4.444445 0.626800
4.452586 0.629200
4.460726 0.630400
4.468867 0.631600
4.477007 0.632400
4.485148 0.633600
4.493288 0.634800
4.501429 0.635600
4.509569 0.636400
4.517710 0.637200
4.525850 0.638400
4.533991 0.640000
4.542131 0.641600
4.550272 0.642400
4.558412 0.645600
4.566553 0.648000
4.574693 0.650000
4.582834 0.651600
4.590974 0.654000
4.599115 0.655600
4.607255 0.656400
4.615396 0.657600
4.623536 0.659600
4.631677 0.660400
4.639817 0.661600
4.647958 0.662400
4.656098 0.663600
4.664239 0.666000
4.672379 0.667200
4.680520 0.667200
4.688660 0.668000
4.696801 0.668400
4.704941 0.668800
4.713082 0.670000
4.721222 0.671600
4.729363 0.673600
4.737503 0.676000
4.745644 0.677200
4.753784 0.680400
4.761925 0.682000
4.770065 0.683600
4.778206 0.684000
4.786346 0.684000
4.794487 0.685200
4.802628 0.686800
4.810768 0.687200
4.818909 0.688000
4.827049 0.689200
4.835190 0.689600
4.843330 0.689600
4.851471 0.690400
4.859611 0.691200
4.867752 0.692400
4.875892 0.693200
4.884033 0.693600
4.892173 0.694800
4.900314 0.695600
4.908454 0.696800
4.916595 0.699200
4.924735 0.700000
4.932876 0.700400
4.941016 0.702400
4.949157 0.702800
4.957297 0.703600
4.965438 0.704400
4.973578 0.705600
4.981719 0.707600
4.989859 0.708000
4.998000 0.708400
5.006140 0.710000
5.014281 0.710400
5.022421 0.712000
5.030562 0.712800
5.038702 0.713600
5.046843 0.714000
5.054983 0.714400
5.063124 0.715200
5.071264 0.716000
5.079405 0.716400
5.087545 0.717200
5.095686 0.717600
5.103826 0.718400
5.111967 0.718800
5.120107 0.719600
5.128248 0.721200
5.136388 0.722400
5.144529 0.723200
5.152669 0.723600
5.160810 0.724000
5.168950 0.724800
5.177091 0.726800
5.185231 0.728400
5.193372 0.728800
5.201512 0.728800
5.209653 0.728800
5.217793 0.730000
5.225934 0.731200
5.234074 0.732400
5.242215 0.732800
5.250356 0.732800
5.258496 0.734400
5.266637 0.736800
5.274777 0.736800
5.282918 0.737600
5.291058 0.738400
5.299199 0.739600
5.307339 0.740400
5.315480 0.741200
5.323620 0.741200
5.331761 0.741200
5.339901 0.742000
5.348042 0.743200
5.356182 0.743200
5.364323 0.745200
5.372463 0.747200
5.380604 0.747600
5.388744 0.748800
5.396885 0.749600
5.405025 0.749600
5.413166 0.751200
5.421306 0.752000
5.429447 0.754800
5.437587 0.754800
5.445728 0.756000
5.453868 0.757600
5.462009 0.757600
5.470149 0.758000
5.478290 0.758800
5.486430 0.759200
5.494571 0.760000
5.502711 0.760800
5.510852 0.761200
5.518992 0.762000
5.527133 0.762400
5.535273 0.763600
5.543414 0.764000
5.551554 0.765600
5.559695 0.766000
5.567835 0.766800
5.575976 0.767200
5.584116 0.767600
5.592257 0.768000
5.600397 0.768800
5.608538 0.768800
5.616678 0.770000
5.624819 0.770800
5.632959 0.772000
5.641100 0.773600
5.649240 0.774400
5.657381 0.774800
5.665521 0.774800
5.673662 0.775600
5.681802 0.776000
5.689943 0.776400
5.698083 0.776400
5.706224 0.777200
5.714365 0.777200
5.722505 0.777200
5.730646 0.778000
5.738786 0.779200
5.746927 0.779200
5.755067 0.779600
5.763208 0.781200
5.771348 0.781600
5.779489 0.781600
5.787629 0.782400
5.795770 0.782800
5.803910 0.784000
5.812051 0.784400
5.820191 0.784400
5.828332 0.784800
5.836472 0.785600
5.844613 0.786400
5.852753 0.787200
5.860894 0.787200
5.869034 0.788400
5.877175 0.788400
5.885315 0.789200
5.893456 0.789600
5.901596 0.790400
5.909737 0.790400
5.917877 0.790400
5.926018 0.790400
5.934158 0.790400
5.942299 0.792000
5.950439 0.792800
5.958580 0.793200
5.966720 0.793600
5.974861 0.793600
5.983001 0.794800
5.991142 0.796000
5.999282 0.796400
6.007423 0.796400
6.015563 0.796400
6.023704 0.798000
6.031844 0.798000
6.039985 0.799200
6.048125 0.800000
6.056266 0.800000
6.064406 0.801600
6.072547 0.802000
6.080687 0.802000
6.088828 0.802800
6.096968 0.803200
6.105109 0.803200
6.113249 0.804400
6.121390 0.804800
6.129530 0.804800
6.137671 0.805200
6.145811 0.806000
6.153952 0.806000
6.162093 0.807600
6.170233 0.809600
6.178374 0.810400
6.186514 0.810800
6.194655 0.811600
6.202795 0.812400
6.210936 0.813600
6.219076 0.814000
6.227217 0.814000
6.235357 0.814800
6.243498 0.815200
6.251638 0.816000
6.259779 0.818000
6.267919 0.818800
6.276060 0.820800
6.284200 0.822000
6.292341 0.823200
6.300481 0.824400
6.308622 0.824400
6.316762 0.824400
6.324903 0.824400
6.333043 0.824800
6.341184 0.825200
6.349324 0.826000
6.357465 0.826000
6.365605 0.826400
6.373746 0.826800
6.381886 0.827200
6.390027 0.827600
6.398167 0.827600
6.406308 0.827600
6.414448 0.828000
6.422589 0.828400
6.430729 0.829200
6.438870 0.829600
6.447010 0.829600
6.455151 0.830400
6.463291 0.830400
6.471432 0.830800
6.479572 0.831200
6.487713 0.831600
6.495853 0.832000
6.503994 0.833200
6.512134 0.834800
6.520275 0.835200
6.528415 0.836400
6.536556 0.837600
6.544696 0.838000
6.552837 0.838800
6.560977 0.839200
6.569118 0.839200
6.577258 0.839600
6.585399 0.841200
6.593539 0.842400
6.601680 0.843600
6.609820 0.843600
6.617961 0.844400
6.626102 0.844800
6.634242 0.846000
6.642383 0.846400
6.650523 0.846800
6.658664 0.847600
6.666804 0.848000
6.674945 0.849600
6.683085 0.850000
6.691226 0.850000
6.699366 0.850000
6.707507 0.850000
6.715647 0.850400
6.723788 0.850800
6.731928 0.852000
6.740069 0.852400
6.748209 0.852400
6.756350 0.852400
6.764490 0.852400
6.772631 0.852800
6.780771 0.853600
6.788912 0.853600
6.797052 0.853600
6.805193 0.853600
6.813333 0.854400
6.821474 0.854800
6.829614 0.855600
6.837755 0.856000
6.845895 0.856400
6.854036 0.857200
6.862176 0.857600
6.870317 0.857600
6.878457 0.858400
6.886598 0.858800
6.894738 0.858800
6.902879 0.859200
6.911019 0.860000
6.919160 0.861600
6.927300 0.862400
6.935441 0.862400
6.943581 0.862400
6.951722 0.862400
6.959862 0.862800
6.968003 0.862800
6.976143 0.862800
6.984284 0.863600
6.992424 0.865200
7.000565 0.865600
7.008705 0.866000
7.016846 0.866000
7.024986 0.866000
7.033127 0.866800
7.041267 0.866800
7.049408 0.867200
7.057548 0.867600
7.065689 0.868800
7.073830 0.868800
7.081970 0.869600
7.090111 0.870000
7.098251 0.870000
7.106392 0.870000
7.114532 0.870000
7.122673 0.870000
7.130813 0.870000
7.138954 0.870800
7.147094 0.870800
7.155235 0.871600
7.163375 0.871600
7.171516 0.872000
7.179656 0.872800
7.187797 0.872800
7.195937 0.873200
7.204078 0.873200
7.212218 0.874000
7.220359 0.874400
7.228499 0.874800
7.236640 0.875200
7.244780 0.875200
7.252921 0.875600
7.261061 0.876400
7.269202 0.878000
7.277342 0.878000
7.285483 0.878400
7.293623 0.879200
7.301764 0.879600
7.309904 0.880400
7.318045 0.881200
7.326185 0.882000
7.334326 0.882400
7.342466 0.882800
7.350607 0.882800
7.358747 0.882800
7.366888 0.882800
7.375028 0.882800
7.383169 0.882800
7.391309 0.882800
7.399450 0.882800
7.407590 0.883200
7.415731 0.883200
7.423871 0.883200
7.432012 0.883600
7.440152 0.883600
7.448293 0.884000
7.456433 0.884800
7.464574 0.886000
7.472714 0.886000
7.480855 0.886400
7.488995 0.886800
7.497136 0.886800
7.505276 0.887200
7.513417 0.888000
7.521558 0.888000
7.529698 0.888000
7.537839 0.888000
7.545979 0.888000
7.554120 0.888400
7.562260 0.889200
7.570401 0.889200
7.578541 0.889200
7.586682 0.890000
7.594822 0.890000
7.602963 0.890400
7.611103 0.890400
7.619244 0.890400
7.627384 0.890400
7.635525 0.890800
7.643665 0.890800
7.651806 0.890800
7.659946 0.891200
7.668087 0.891600
7.676227 0.891600
7.684368 0.891600
7.692508 0.891600
7.700649 0.891600
7.708789 0.892400
7.716930 0.892400
7.725070 0.892800
7.733211 0.893200
7.741351 0.893600
7.749492 0.893600
7.757632 0.894000
7.765773 0.894000
7.773913 0.894800
7.782054 0.895200
7.790194 0.895200
7.798335 0.896000
7.806475 0.896800
7.814616 0.897200
7.822756 0.897200
7.830897 0.898000
7.839037 0.898000
7.847178 0.898000
7.855318 0.898400
7.863459 0.898400
7.871599 0.898400
7.879740 0.898400
7.887880 0.898800
7.896021 0.899600
7.904161 0.900800
7.912302 0.901200
7.920442 0.901200
7.928583 0.902000
7.936723 0.902000
7.944864 0.902000
7.953004 0.902400
7.961145 0.902400
7.969285 0.902400
7.977426 0.902800
7.985567 0.902800
7.993707 0.903600
8.001848 0.904000
8.009988 0.904800
8.018129 0.904800
8.026269 0.904800
8.034410 0.904800
8.042550 0.905200
8.050691 0.905200
8.058831 0.905600
8.066972 0.906000
8.075112 0.906000
8.083253 0.906000
8.091393 0.906400
8.099534 0.906800
8.107674 0.906800
8.115815 0.907200
8.123955 0.907200
8.132096 0.907200
8.140236 0.907200
8.148377 0.907200
8.156517 0.907200
8.164658 0.907600
8.172798 0.908400
8.180939 0.908800
8.189079 0.909200
8.197220 0.911200
8.205360 0.911200
8.213501 0.912000
8.221641 0.912000
8.229782 0.912800
8.237922 0.913200
8.246063 0.913200
8.254203 0.913600
8.262344 0.913600
8.270484 0.913600
8.278625 0.913600
8.286765 0.913600
8.294906 0.913600
8.303046 0.913600
8.311187 0.913600
8.319327 0.913600
8.327468 0.914400
8.335608 0.914400
8.343749 0.915200
8.351889 0.915200
8.360030 0.915600
8.368170 0.916000
8.376311 0.916000
8.384451 0.916400
8.392592 0.916400
8.400732 0.916800
8.408873 0.916800
8.417013 0.917600
8.425154 0.917600
8.433295 0.917600
8.441435 0.918000
8.449576 0.918000
8.457716 0.918800
8.465857 0.918800
8.473997 0.918800
8.482138 0.918800
8.490278 0.919600
8.498419 0.919600
8.506559 0.920000
8.514700 0.920000
8.522840 0.920000
8.530981 0.920400
8.539121 0.920400
8.547262 0.920400
8.555402 0.921200
8.563543 0.921600
8.571683 0.921600
8.579824 0.921600
8.587964 0.922400
8.596105 0.922400
8.604245 0.922400
8.612386 0.922400
8.620526 0.922800
8.628667 0.922800
8.636807 0.923200
8.644948 0.923600
8.653088 0.923600
8.661229 0.924000
8.669369 0.924800
8.677510 0.925200
8.685650 0.926000
8.693791 0.926400
8.701931 0.926800
8.710072 0.926800
8.718212 0.926800
8.726353 0.926800
8.734493 0.926800
8.742634 0.926800
8.750774 0.926800
8.758915 0.927200
8.767055 0.927600
8.775196 0.927600
8.783336 0.928000
8.791477 0.928400
8.799617 0.928400
8.807758 0.928400
8.815898 0.928800
8.824039 0.928800
8.832179 0.928800
8.840320 0.929200
8.848460 0.929200
8.856601 0.929200
8.864741 0.929200
8.872882 0.929600
8.881023 0.930000
8.889163 0.930800
8.897304 0.932000
8.905444 0.932000
8.913585 0.932000
8.921725 0.932000
8.929866 0.932000
8.938006 0.932000
8.946147 0.933600
8.954287 0.933600
8.962428 0.933600
8.970568 0.933600
8.978709 0.934000
8.986849 0.934000
8.994990 0.934000
9.003130 0.934000
9.011271 0.934400
9.019411 0.934800
9.027552 0.935200
9.035692 0.935200
9.043833 0.936000
9.051973 0.936000
9.060114 0.936000
9.068254 0.936000
9.076395 0.936800
9.084535 0.937200
9.092676 0.937200
9.100816 0.937200
9.108957 0.937600
9.117097 0.938000
9.125238 0.938000
9.133378 0.938000
9.141519 0.938000
9.149659 0.938400
9.157800 0.938400
9.165940 0.938800
9.174081 0.938800
9.182221 0.938800
9.190362 0.938800
9.198502 0.938800
9.206643 0.939200
9.214783 0.939200
9.222924 0.939200
9.231064 0.939200
9.239205 0.939200
9.247345 0.939200
9.255486 0.939600
9.263626 0.939600
9.271767 0.940000
9.279907 0.940000
9.288048 0.940000
9.296188 0.940000
9.304329 0.940400
9.312469 0.940800
9.320610 0.940800
9.328750 0.941600
9.336891 0.942000
9.345032 0.942000
9.353172 0.942000
9.361313 0.942000
9.369453 0.942000
9.377594 0.942400
9.385734 0.942400
9.393875 0.942800
9.402015 0.942800
9.410156 0.943200
9.418296 0.943200
9.426437 0.943200
9.434577 0.943200
9.442718 0.943600
9.450858 0.943600
9.458999 0.944000
9.467139 0.944000
9.475280 0.944800
9.483420 0.945200
9.491561 0.945200
9.499701 0.945600
9.507842 0.945600
9.515982 0.946400
9.524123 0.946800
9.532263 0.946800
9.540404 0.947200
9.548544 0.947200
9.556685 0.947200
9.564825 0.947200
9.572966 0.947200
9.581106 0.947600
9.589247 0.947600
9.597387 0.947600
9.605528 0.947600
9.613668 0.947600
9.621809 0.947600
9.629949 0.947600
9.638090 0.947600
9.646230 0.947600
9.654371 0.947600
9.662511 0.947600
9.670652 0.947600
9.678792 0.947600
9.686933 0.947600
9.695073 0.947600
9.703214 0.947600
9.711354 0.948000
9.719495 0.948800
9.727635 0.949200
9.735776 0.949600
9.743916 0.949600
9.752057 0.949600
9.760197 0.949600
9.768338 0.949600
9.776478 0.949600
9.784619 0.949600
9.792760 0.949600
9.800900 0.949600
9.809041 0.950000
9.817181 0.950400
9.825322 0.950400
9.833462 0.950400
9.841603 0.950400
9.849743 0.950400
9.857884 0.950800
9.866024 0.950800
9.874165 0.951200
9.882305 0.951200
9.890446 0.951200
9.898586 0.951200
9.906727 0.951200
9.914867 0.951200
9.923008 0.951200
9.931148 0.951200
9.939289 0.951200
9.947429 0.951200
9.955570 0.951200
9.963710 0.951200
9.971851 0.951200
9.979991 0.951200
9.988132 0.951600
9.996272 0.951600
