1.161382 0.000400
1.169333 0.000400
1.177284 0.000400
1.185236 0.000400
1.193187 0.000800
1.201138 0.000800
1.209090 0.000800
1.217041 0.000800
1.224992 0.000800
1.232943 0.001200
1.240895 0.001200
1.248846 0.001200
1.256797 0.001200
1.264749 0.001200
1.272700 0.001200
1.280651 0.001200
1.288603 0.001200
1.296554 0.001200
1.304505 0.001200
1.312457 0.001200
1.320408 0.001600
1.328359 0.001600
1.336310 0.002000
1.344262 0.002000
1.352213 0.002400
1.360164 0.002400
1.368116 0.002400
1.376067 0.002400
1.384018 0.002400
1.391970 0.002400
1.399921 0.002400
1.407872 0.002800
1.415823 0.002800
1.423775 0.002800
1.431726 0.002800
1.439677 0.002800
1.447629 0.002800
1.455580 0.003200
1.463531 0.003600
1.471483 0.003600
1.479434 0.003600
1.487385 0.004000
1.495337 0.004000
1.503288 0.004400
1.511239 0.004800
1.519190 0.006400
1.527142 0.006400
1.535093 0.007200
1.543044 0.007200
1.550996 0.007600
1.558947 0.008400
1.566898 0.008400
1.574850 0.009200
1.582801 0.009600
1.590752 0.010800
1.598704 0.011600
1.606655 0.011600
1.614606 0.012000
1.622557 0.012000
1.630509 0.013200
1.638460 0.013600
1.646411 0.014800
1.654363 0.015200
1.662314 0.016400
1.670265 0.017200
1.678217 0.018000
1.686168 0.018000
1.694119 0.018000
1.702071 0.019200
1.710022 0.019600
1.717973 0.020400
1.725924 0.022000
1.733876 0.023200
1.741827 0.023600
1.749778 0.025200
1.757730 0.025600
1.765681 0.026800
1.773632 0.027600
1.781584 0.028000
1.789535 0.029200
1.797486 0.029200
1.805437 0.030400
1.813389 0.032000
1.821340 0.032400
1.829291 0.032800
1.837243 0.034400
1.845194 0.035600
1.853145 0.036400
1.861097 0.037200
1.869048 0.038400
1.876999 0.040000
1.884951 0.041200
1.892902 0.042000
1.900853 0.044400
1.908804 0.045600
1.916756 0.046000
1.924707 0.046800
1.932658 0.047600
1.940610 0.048000
1.948561 0.049600
1.956512 0.050800
1.964464 0.051600
1.972415 0.052800
1.980366 0.053600
1.988318 0.054800
1.996269 0.055200
2.004220 0.056000
2.012171 0.057600
2.020123 0.058000
2.028074 0.060800
2.036025 0.062400
2.043977 0.064800
2.051928 0.065200
2.059879 0.066800
2.067831 0.068800
2.075782 0.069600
2.083733 0.072400
2.091685 0.073600
2.099636 0.076000
2.107587 0.077600
2.115538 0.079200
2.123490 0.081200
2.131441 0.083200
2.139392 0.086000
2.147344 0.088400
2.155295 0.089200
2.163246 0.091200
2.171198 0.091600
2.179149 0.094000
2.187100 0.095200
2.195052 0.096800
2.203003 0.098400
2.210954 0.099200
2.218905 0.102000
2.226857 0.104000
2.234808 0.105200
2.242759 0.106800
2.250711 0.107600
2.258662 0.108800
2.266613 0.110800
2.274565 0.111600
2.282516 0.112800
2.290467 0.114800
2.298418 0.115600
2.306370 0.116800
2.314321 0.118800
2.322272 0.119600
2.330224 0.123200
2.338175 0.125200
2.346126 0.127600
2.354078 0.130000
2.362029 0.131600
2.369980 0.133600
2.377932 0.135200
2.385883 0.136800
2.393834 0.138000
2.401785 0.139200
2.409737 0.141200
2.417688 0.142400
2.425639 0.144800
2.433591 0.146800
2.441542 0.149600
2.449493 0.151200
2.457445 0.152800
2.465396 0.154800
2.473347 0.156000
2.481299 0.157200
2.489250 0.159600
2.497201 0.160800
2.505152 0.161200
2.513104 0.163200
2.521055 0.164400
2.529006 0.166000
2.536958 0.167600
2.544909 0.170800
2.552860 0.172800
2.560812 0.174800
2.568763 0.175200
2.576714 0.176800
2.584666 0.178400
2.592617 0.180000
2.600568 0.180000
2.608519 0.183200
2.616471 0.185600
2.624422 0.188000
2.632373 0.188800
2.640325 0.192000
2.648276 0.194800
2.656227 0.196000
2.664179 0.197600
2.672130 0.199600
2.680081 0.201200
2.688032 0.202800
2.695984 0.203200
2.703935 0.205200
2.711886 0.208400
2.719838 0.211200
2.727789 0.214000
2.735740 0.216000
2.743692 0.218400
2.751643 0.218800
2.759594 0.220800
2.767546 0.222400
2.775497 0.224800
2.783448 0.226800
2.791399 0.230000
2.799351 0.231200
2.807302 0.232000
2.815253 0.233200
2.823205 0.235200
2.831156 0.239200
2.839107 0.240400
2.847059 0.241200
2.855010 0.241600
2.862961 0.243600
2.870913 0.245200
2.878864 0.247600
2.886815 0.249600
2.894766 0.250800
2.902718 0.253200
2.910669 0.254800
2.918620 0.257600
2.926572 0.259600
2.934523 0.261200
2.942474 0.263200
2.950426 0.265600
2.958377 0.266800
2.966328 0.268800
2.974280 0.271600
2.982231 0.274800
2.990182 0.276400
2.998133 0.279200
3.006085 0.280800
3.014036 0.282800
3.021987 0.284000
3.029939 0.286000
3.037890 0.288400
3.045841 0.290000
3.053793 0.290800
3.061744 0.292800
3.069695 0.294400
3.077647 0.295200
3.085598 0.297600
3.093549 0.300400
3.101500 0.302800
3.109452 0.304000
3.117403 0.306000
3.125354 0.308000
3.133306 0.310000
3.141257 0.311600
3.149208 0.314000
3.157160 0.315600
3.165111 0.317200
3.173062 0.319200
3.181013 0.320800
3.188965 0.321600
3.196916 0.322800
3.204867 0.323600
3.212819 0.325200
3.220770 0.327600
3.228721 0.331600
3.236673 0.332800
3.244624 0.335200
3.252575 0.338800
3.260527 0.342000
3.268478 0.344800
3.276429 0.346000
3.284380 0.347200
3.292332 0.350000
3.300283 0.352000
3.308234 0.353200
3.316186 0.356000
3.324137 0.357200
3.332088 0.358000
3.340040 0.358400
3.347991 0.359200
3.355942 0.362400
3.363894 0.364400
3.371845 0.366000
3.379796 0.369200
3.387747 0.370000
3.395699 0.371600
3.403650 0.372400
3.411601 0.374800
3.419553 0.376400
3.427504 0.377600
3.435455 0.379600
3.443407 0.381200
3.451358 0.384800
3.459309 0.386400
3.467261 0.388000
3.475212 0.390400
3.483163 0.392000
3.491114 0.394400
3.499066 0.397200
3.507017 0.399600
3.514968 0.400800
3.522920 0.401600
3.530871 0.403200
3.538822 0.404000
3.546774 0.406000
3.554725 0.406400
3.562676 0.408000
3.570627 0.408400
3.578579 0.410000
3.586530 0.412400
3.594481 0.414800
3.602433 0.416400
3.610384 0.418000
3.618335 0.420400
3.626287 0.422800
3.634238 0.424000
3.642189 0.425200
3.650141 0.426000
3.658092 0.428000
3.666043 0.430000
3.673994 0.432000
3.681946 0.433200
3.689897 0.436000
3.697848 0.437600
3.705800 0.440000
3.713751 0.441200
3.721702 0.444000
3.729654 0.445200
3.737605 0.447600
3.745556 0.449600
3.753508 0.452000
3.761459 0.454800
3.769410 0.456000
3.777361 0.457600
3.785313 0.459600
3.793264 0.460400
3.801215 0.462800
3.809167 0.465600
3.817118 0.467200
3.825069 0.468800
3.833021 0.472000
3.840972 0.472800
3.848923 0.475200
3.856875 0.476400
3.864826 0.477600
3.872777 0.479600
3.880728 0.482800
3.888680 0.484000
3.896631 0.485200
3.904582 0.487200
3.912534 0.490000
3.920485 0.490400
3.928436 0.491600
3.936388 0.493200
3.944339 0.494800
3.952290 0.496400
3.960242 0.496800
3.968193 0.498800
3.976144 0.500800
3.984095 0.501600
3.992047 0.502800
3.999998 0.503600
4.007949 0.504800
4.015901 0.506800
4.023852 0.507600
4.031803 0.508400
4.039755 0.508800
4.047706 0.510000
4.055657 0.511600
4.063608 0.511600
4.071560 0.513600
4.079511 0.514800
4.087462 0.515600
4.095414 0.516400
4.103365 0.518400
4.111316 0.521600
4.119268 0.524000
4.127219 0.527200
4.135170 0.528400
4.143122 0.528800
4.151073 0.530800
4.159024 0.530800
4.166975 0.531200
4.174927 0.533600
4.182878 0.535600
4.190829 0.536400
4.198781 0.537200
4.206732 0.538400
4.214683 0.540000
4.222635 0.541200
4.230586 0.542000
4.238537 0.543600
4.246489 0.546000
4.254440 0.548400
4.262391 0.551600
4.270342 0.554400
4.278294 0.555600
4.286245 0.556800
4.294196 0.559200
4.302148 0.559600
4.310099 0.560000
4.318050 0.560800
4.326002 0.562000
4.333953 0.563600
4.341904 0.564000
4.349856 0.566000
4.357807 0.567200
4.365758 0.567600
4.373709 0.568400
4.381661 0.570400
4.389612 0.571200
4.397563 0.572400
4.405515 0.574000
4.413466 0.575600
4.421417 0.577200
4.429369 0.578400
4.437320 0.580400
4.445271 0.581200
4.453222 0.582000
4.461174 0.582800
4.469125 0.584400
4.477076 0.585200
4.485028 0.586400
4.492979 0.588000
4.500930 0.589200
4.508882 0.591600
4.516833 0.593200
4.524784 0.594000
4.532736 0.594800
4.540687 0.595600
4.548638 0.596800
4.556589 0.597200
4.564541 0.598400
4.572492 0.599600
4.580443 0.600000
4.588395 0.601600
4.596346 0.602400
4.604297 0.604000
4.612249 0.605600
4.620200 0.606800
4.628151 0.607600
4.636103 0.608800
4.644054 0.609200
4.652005 0.609600
4.659956 0.610800
4.667908 0.611200
4.675859 0.612800
4.683810 0.614000
4.691762 0.615600
4.699713 0.616800
4.707664 0.617200
4.715616 0.617200
4.723567 0.619200
4.731518 0.620000
4.739470 0.621600
4.747421 0.623200
4.755372 0.624400
4.763323 0.626000
4.771275 0.626400
4.779226 0.626800
4.787177 0.628000
4.795129 0.629200
4.803080 0.630400
4.811031 0.632000
4.818983 0.634400
4.826934 0.634400
4.834885 0.636000
4.842837 0.637600
4.850788 0.638800
4.858739 0.639200
4.866690 0.640400
4.874642 0.641600
4.882593 0.642400
4.890544 0.643200
4.898496 0.644400
4.906447 0.644400
4.914398 0.646000
4.922350 0.646800
4.930301 0.648000
4.938252 0.649200
4.946203 0.650400
4.954155 0.650800
4.962106 0.651200
4.970057 0.652800
4.978009 0.653600
4.985960 0.655200
4.993911 0.656000
5.001863 0.657200
5.009814 0.658400
5.017765 0.660400
5.025717 0.661200
5.033668 0.661600
5.041619 0.662400
5.049570 0.664000
5.057522 0.664800
5.065473 0.666000
5.073424 0.666000
5.081376 0.667200
5.089327 0.667600
5.097278 0.669200
5.105230 0.671600
5.113181 0.672800
5.121132 0.673200
5.129084 0.674000
5.137035 0.675600
5.144986 0.678400
5.152937 0.679200
5.160889 0.680400
5.168840 0.683200
5.176791 0.683200
5.184743 0.684000
5.192694 0.684800
5.200645 0.685200
5.208597 0.686000
5.216548 0.686400
5.224499 0.686800
5.232451 0.688000
5.240402 0.690400
5.248353 0.693200
5.256304 0.694000
5.264256 0.695200
5.272207 0.696000
5.280158 0.696800
5.288110 0.697200
5.296061 0.698800
5.304012 0.699600
5.311964 0.700000
5.319915 0.700400
5.327866 0.700800
5.335817 0.701600
5.343769 0.702400
5.351720 0.703600
5.359671 0.703600
5.367623 0.704000
5.375574 0.705200
5.383525 0.705200
5.391477 0.705600
5.399428 0.706800
5.407379 0.707200
5.415331 0.708000
5.423282 0.708400
5.431233 0.710000
5.439184 0.711200
5.447136 0.711600
5.455087 0.712400
5.463038 0.713600
5.470990 0.715600
5.478941 0.716400
5.486892 0.717600
5.494844 0.720000
5.502795 0.720800
5.510746 0.721600
5.518698 0.721600
5.526649 0.724000
5.534600 0.725600
5.542551 0.726400
5.550503 0.726400
5.558454 0.727600
5.566405 0.728000
5.574357 0.728400
5.582308 0.728800
5.590259 0.729200
5.598211 0.729200
5.606162 0.730400
5.614113 0.730800
5.622065 0.731200
5.630016 0.732400
5.637967 0.733200
5.645918 0.734400
5.653870 0.735200
5.661821 0.736000
5.669772 0.737200
5.677724 0.738000
5.685675 0.740000
5.693626 0.741200
5.701578 0.741200
5.709529 0.741200
5.717480 0.741200
5.725432 0.741600
5.733383 0.742000
5.741334 0.743200
5.749285 0.743600
5.757237 0.743600
5.765188 0.743600
5.773139 0.744400
5.781091 0.745600
5.789042 0.746000
5.796993 0.748000
5.804945 0.748400
5.812896 0.750000
5.820847 0.750800
5.828798 0.751600
5.836750 0.752000
5.844701 0.752000
5.852652 0.752000
5.860604 0.752000
5.868555 0.752400
5.876506 0.752400
5.884458 0.752400
5.892409 0.753200
5.900360 0.754000
5.908312 0.754800
5.916263 0.754800
5.924214 0.755200
5.932165 0.755600
5.940117 0.756000
5.948068 0.756400
5.956019 0.757200
5.963971 0.758000
5.971922 0.758000
5.979873 0.759200
5.987825 0.761200
5.995776 0.762400
6.003727 0.762800
6.011679 0.764000
6.019630 0.764400
6.027581 0.764400
6.035532 0.764800
6.043484 0.765200
6.051435 0.765600
6.059386 0.766000
6.067338 0.766800
6.075289 0.768000
6.083240 0.768400
6.091192 0.769200
6.099143 0.770000
6.107094 0.770800
6.115046 0.772400
6.122997 0.772800
6.130948 0.773600
6.138899 0.774000
6.146851 0.774400
6.154802 0.774800
6.162753 0.775200
6.170705 0.776400
6.178656 0.776800
6.186607 0.777600
6.194559 0.777600
6.202510 0.777600
6.210461 0.778000
6.218413 0.778800
6.226364 0.780000
6.234315 0.780800
6.242266 0.781600
6.250218 0.781600
6.258169 0.782000
6.266120 0.782000
6.274072 0.782800
6.282023 0.784000
6.289974 0.785200
6.297926 0.786000
6.305877 0.786800
6.313828 0.787200
6.321779 0.788000
6.329731 0.788000
6.337682 0.788800
6.345633 0.789600
6.353585 0.790000
6.361536 0.790400
6.369487 0.790400
6.377439 0.791200
6.385390 0.791200
6.393341 0.791600
6.401293 0.792800
6.409244 0.792800
6.417195 0.792800
6.425146 0.794000
6.433098 0.795200
6.441049 0.795600
6.449000 0.796000
6.456952 0.796800
6.464903 0.797600
6.472854 0.798000
6.480806 0.799600
6.488757 0.800400
6.496708 0.801200
6.504660 0.801200
6.512611 0.801600
6.520562 0.802000
6.528513 0.802000
6.536465 0.802400
6.544416 0.802800
6.552367 0.803600
6.560319 0.804400
6.568270 0.805600
6.576221 0.805600
6.584173 0.806400
6.592124 0.807200
6.600075 0.808400
6.608027 0.808800
6.615978 0.810000
6.623929 0.810400
6.631880 0.810400
6.639832 0.812000
6.647783 0.812400
6.655734 0.812400
6.663686 0.812400
6.671637 0.812400
6.679588 0.813200
6.687540 0.814400
6.695491 0.815200
6.703442 0.815600
6.711393 0.815600
6.719345 0.816800
6.727296 0.817600
6.735247 0.817600
6.743199 0.818000
6.751150 0.818800
6.759101 0.820000
6.767053 0.820000
6.775004 0.820000
6.782955 0.820000
6.790907 0.820400
6.798858 0.820400
6.806809 0.820800
6.814760 0.821200
6.822712 0.822400
6.830663 0.824000
6.838614 0.824000
6.846566 0.824400
6.854517 0.825200
6.862468 0.825200
6.870420 0.825600
6.878371 0.826000
6.886322 0.826000
6.894274 0.826400
6.902225 0.826800
6.910176 0.826800
6.918127 0.827200
6.926079 0.827600
6.934030 0.827600
6.941981 0.828000
6.949933 0.828400
6.957884 0.829200
6.965835 0.829200
6.973787 0.830000
6.981738 0.830000
6.989689 0.831200
6.997641 0.831200
7.005592 0.832000
7.013543 0.832800
7.021494 0.832800
7.029446 0.832800
7.037397 0.833200
7.045348 0.834000
7.053300 0.834400
7.061251 0.834400
7.069202 0.834800
7.077154 0.835200
7.085105 0.836000
7.093056 0.836000
7.101008 0.836400
7.108959 0.837200
7.116910 0.837200
7.124861 0.838400
7.132813 0.838400
7.140764 0.839200
7.148715 0.839200
7.156667 0.839600
7.164618 0.840800
7.172569 0.840800
7.180521 0.840800
7.188472 0.841200
7.196423 0.842400
7.204374 0.842800
7.212326 0.842800
7.220277 0.843600
7.228228 0.843600
7.236180 0.843600
7.244131 0.844000
7.252082 0.844000
7.260034 0.845600
7.267985 0.846000
7.275936 0.846400
7.283888 0.846800
7.291839 0.847200
7.299790 0.847200
7.307741 0.847200
7.315693 0.847200
7.323644 0.847200
7.331595 0.847600
7.339547 0.848000
7.347498 0.848400
7.355449 0.849600
7.363401 0.850000
7.371352 0.850000
7.379303 0.850000
7.387255 0.850000
7.395206 0.850000
7.403157 0.851200
7.411108 0.851600
7.419060 0.851600
7.427011 0.851600
7.434962 0.851600
7.442914 0.852000
7.450865 0.852800
7.458816 0.854800
7.466768 0.855200
7.474719 0.855600
7.482670 0.855600
7.490622 0.856000
7.498573 0.856000
7.506524 0.856800
7.514475 0.857200
7.522427 0.857200
7.530378 0.857200
7.538329 0.857600
7.546281 0.857600
7.554232 0.858000
7.562183 0.858800
7.570135 0.858800
7.578086 0.860000
7.586037 0.860000
7.593988 0.860000
7.601940 0.860400
7.609891 0.861200
7.617842 0.861600
7.625794 0.862000
7.633745 0.862400
7.641696 0.863600
7.649648 0.863600
7.657599 0.863600
7.665550 0.864800
7.673502 0.865200
7.681453 0.866000
7.689404 0.866400
7.697355 0.866400
7.705307 0.866400
7.713258 0.866400
7.721209 0.866400
7.729161 0.866400
7.737112 0.866400
7.745063 0.866800
7.753015 0.867600
7.760966 0.868000
7.768917 0.868400
7.776869 0.868800
7.784820 0.868800
7.792771 0.869200
7.800722 0.869600
7.808674 0.870000
7.816625 0.870000
7.824576 0.870000
7.832528 0.870000
7.840479 0.870400
7.848430 0.870400
7.856382 0.870400
7.864333 0.871200
7.872284 0.871600
7.880236 0.871600
7.888187 0.871600
7.896138 0.872000
7.904089 0.872000
7.912041 0.872000
7.919992 0.872400
7.927943 0.873200
7.935895 0.873200
7.943846 0.873200
7.951797 0.873200
7.959749 0.873200
7.967700 0.873200
7.975651 0.873200
7.983603 0.873200
7.991554 0.874000
7.999505 0.874000
8.007456 0.874000
8.015408 0.874000
8.023359 0.874000
8.031310 0.874000
8.039262 0.874000
8.047213 0.874400
8.055164 0.874800
8.063116 0.875600
8.071067 0.876000
8.079018 0.876400
8.086969 0.876400
8.094921 0.876800
8.102872 0.877200
8.110823 0.877200
8.118775 0.877200
8.126726 0.877200
8.134677 0.877200
8.142629 0.877200
8.150580 0.878000
8.158531 0.878000
8.166483 0.878000
8.174434 0.878400
8.182385 0.878400
8.190336 0.878400
8.198288 0.878400
8.206239 0.878800
8.214190 0.878800
8.222142 0.879600
8.230093 0.879600
8.238044 0.879600
8.245996 0.879600
8.253947 0.879600
8.261898 0.880000
8.269850 0.880400
8.277801 0.880400
8.285752 0.880400
8.293703 0.880400
8.301655 0.880400
8.309606 0.880400
8.317557 0.880400
8.325509 0.880400
8.333460 0.880400
8.341411 0.881200
8.349363 0.881600
8.357314 0.882000
8.365265 0.882000
8.373217 0.882000
8.381168 0.882000
8.389119 0.882400
8.397070 0.882400
8.405022 0.882400
8.412973 0.883200
8.420924 0.883200
8.428876 0.883600
8.436827 0.883600
8.444778 0.884000
8.452730 0.884400
8.460681 0.885600
8.468632 0.885600
8.476583 0.885600
8.484535 0.886400
8.492486 0.886400
8.500437 0.886400
8.508389 0.886800
8.516340 0.886800
8.524291 0.887200
8.532243 0.887600
8.540194 0.888400
8.548145 0.888400
8.556097 0.888800
8.564048 0.889200
8.571999 0.890000
8.579950 0.890400
8.587902 0.890400
8.595853 0.890400
8.603804 0.890400
8.611756 0.890400
8.619707 0.890800
8.627658 0.890800
8.635610 0.890800
8.643561 0.890800
8.651512 0.891600
8.659464 0.892000
8.667415 0.892000
8.675366 0.892400
8.683317 0.892400
8.691269 0.893600
8.699220 0.894400
8.707171 0.894400
8.715123 0.894400
8.723074 0.894800
8.731025 0.895200
8.738977 0.895600
8.746928 0.896000
8.754879 0.896000
8.762831 0.896000
8.770782 0.896800
8.778733 0.897200
8.786684 0.897200
8.794636 0.897200
8.802587 0.897200
8.810538 0.897600
8.818490 0.898000
8.826441 0.898000
8.834392 0.898400
8.842344 0.898400
8.850295 0.898800
8.858246 0.898800
8.866198 0.898800
8.874149 0.898800
8.882100 0.899200
8.890051 0.899200
8.898003 0.899600
8.905954 0.899600
8.913905 0.900000
8.921857 0.900000
8.929808 0.900400
8.937759 0.900400
8.945711 0.900800
8.953662 0.900800
8.961613 0.900800
8.969564 0.901200
8.977516 0.901200
8.985467 0.901200
8.993418 0.901200
9.001370 0.901600
9.009321 0.901600
9.017272 0.902400
9.025224 0.902800
9.033175 0.903200
9.041126 0.903200
9.049078 0.903600
9.057029 0.903600
9.064980 0.904000
9.072931 0.905200
9.080883 0.905600
9.088834 0.905600
9.096785 0.905600
9.104737 0.905600
9.112688 0.906000
9.120639 0.906400
9.128591 0.906800
9.136542 0.907200
9.144493 0.907200
9.152445 0.907200
9.160396 0.907200
9.168347 0.907200
9.176298 0.907200
9.184250 0.907200
9.192201 0.907200
9.200152 0.907200
9.208104 0.907600
9.216055 0.908000
9.224006 0.908400
9.231958 0.908800
9.239909 0.908800
9.247860 0.908800
9.255812 0.909600
9.263763 0.910000
9.271714 0.910000
9.279665 0.910400
9.287617 0.911200
9.295568 0.911200
9.303519 0.911600
9.311471 0.911600
9.319422 0.911600
9.327373 0.911600
9.335325 0.912000
9.343276 0.912400
9.351227 0.912400
9.359178 0.912400
9.367130 0.913200
9.375081 0.913200
9.383032 0.913600
9.390984 0.913600
9.398935 0.913600
9.406886 0.913600
9.414838 0.913600
9.422789 0.913600
9.430740 0.914000
9.438692 0.914400
9.446643 0.914400
9.454594 0.914400
9.462545 0.914800
9.470497 0.915600
9.478448 0.916000
9.486399 0.916000
9.494351 0.916400
9.502302 0.916800
9.510253 0.916800
9.518205 0.916800
9.526156 0.916800
9.534107 0.917200
9.542059 0.917200
9.550010 0.917200
9.557961 0.917200
9.565912 0.917600
9.573864 0.917600
9.581815 0.918000
9.589766 0.918400
9.597718 0.918400
9.605669 0.918400
9.613620 0.918400
9.621572 0.918400
9.629523 0.918400
9.637474 0.918400
9.645426 0.918400
9.653377 0.918400
9.661328 0.918400
9.669279 0.918800
9.677231 0.918800
9.685182 0.918800
9.693133 0.919600
9.701085 0.919600
9.709036 0.920400
9.716987 0.920400
9.724939 0.921200
9.732890 0.921200
9.740841 0.921200
9.748793 0.921200
9.756744 0.921200
9.764695 0.921600
9.772646 0.921600
9.780598 0.921600
9.788549 0.921600
9.796500 0.921600
9.804452 0.921600
9.812403 0.921600
9.820354 0.921600
9.828306 0.921600
9.836257 0.922400
9.844208 0.922400
9.852159 0.922400
9.860111 0.922400
9.868062 0.922400
9.876013 0.922800
9.883965 0.922800
9.891916 0.922800
9.899867 0.923200
9.907819 0.923200
9.915770 0.923600
9.923721 0.923600
9.931673 0.923600
9.939624 0.923600
9.947575 0.923600
9.955526 0.924000
9.963478 0.924000
9.971429 0.924000
9.979380 0.924000
9.987332 0.924400
9.995283 0.924400
