2.419492 0.001972
2.422484 0.001972
2.425476 0.001972
2.428469 0.001972
2.431461 0.001972
2.434453 0.001972
2.437445 0.001972
2.440438 0.001972
2.443430 0.001972
2.446422 0.001972
2.449414 0.001972
2.452407 0.001972
2.455399 0.001972
2.458391 0.001972
2.461383 0.001972
2.464376 0.001972
2.467368 0.001972
2.470360 0.001972
2.473352 0.001972
2.476345 0.001972
2.479337 0.001972
2.482329 0.001972
2.485321 0.001972
2.488314 0.001972
2.491306 0.001972
2.494298 0.001972
2.497290 0.001972
2.500283 0.001972
2.503275 0.001972
2.506267 0.001972
2.509259 0.001972
2.512252 0.001972
2.515244 0.001972
2.518236 0.001972
2.521229 0.001972
2.524221 0.001972
2.527213 0.001972
2.530205 0.001972
2.533198 0.001972
2.536190 0.001972
2.539182 0.001972
2.542174 0.001972
2.545167 0.001972
2.548159 0.001972
2.551151 0.001972
2.554143 0.001972
2.557136 0.001972
2.560128 0.001972
2.563120 0.001972
2.566112 0.001972
2.569105 0.001972
2.572097 0.001972
2.575089 0.001972
2.578081 0.001972
2.581074 0.001972
2.584066 0.001972
2.587058 0.001972
2.590050 0.001972
2.593043 0.001972
2.596035 0.001972
2.599027 0.001972
2.602020 0.001972
2.605012 0.001972
2.608004 0.001972
2.610996 0.001972
2.613989 0.001972
2.616981 0.001972
2.619973 0.001972
2.622965 0.001972
2.625958 0.001972
2.628950 0.001972
2.631942 0.001972
2.634934 0.001972
2.637927 0.001972
2.640919 0.001972
2.643911 0.001972
2.646903 0.001972
2.649896 0.001972
2.652888 0.001972
2.655880 0.001972
2.658872 0.001972
2.661865 0.001972
2.664857 0.001972
2.667849 0.001972
2.670841 0.001972
2.673834 0.001972
2.676826 0.001972
2.679818 0.001972
2.682811 0.001972
2.685803 0.001972
2.688795 0.001972
2.691787 0.001972
2.694780 0.001972
2.697772 0.001972
2.700764 0.001972
2.703756 0.001972
2.706749 0.001972
2.709741 0.001972
2.712733 0.001972
2.715725 0.001972
2.718718 0.001972
2.721710 0.001972
2.724702 0.001972
2.727694 0.001972
2.730687 0.001972
2.733679 0.001972
2.736671 0.001972
2.739663 0.001972
2.742656 0.001972
2.745648 0.001972
2.748640 0.001972
2.751632 0.001972
2.754625 0.001972
2.757617 0.003945
2.760609 0.003945
2.763601 0.003945
2.766594 0.003945
2.769586 0.003945
2.772578 0.003945
2.775571 0.003945
2.778563 0.003945
2.781555 0.003945
2.784547 0.003945
2.787540 0.003945
2.790532 0.003945
2.793524 0.003945
2.796516 0.003945
2.799509 0.003945
2.802501 0.003945
2.805493 0.003945
2.808485 0.003945
2.811478 0.003945
2.814470 0.003945
2.817462 0.003945
2.820454 0.003945
2.823447 0.003945
2.826439 0.003945
2.829431 0.003945
2.832423 0.003945
2.835416 0.003945
2.838408 0.003945
2.841400 0.003945
2.844392 0.003945
2.847385 0.003945
2.850377 0.003945
2.853369 0.003945
2.856362 0.003945
2.859354 0.003945
2.862346 0.003945
2.865338 0.003945
2.868331 0.003945
2.871323 0.003945
2.874315 0.003945
2.877307 0.003945
2.880300 0.003945
2.883292 0.003945
2.886284 0.003945
2.889276 0.003945
2.892269 0.003945
2.895261 0.003945
2.898253 0.003945
2.901245 0.003945
2.904238 0.003945
2.907230 0.003945
2.910222 0.003945
2.913214 0.003945
2.916207 0.003945
2.919199 0.003945
2.922191 0.003945
2.925183 0.003945
2.928176 0.003945
2.931168 0.003945
2.934160 0.003945
2.937153 0.003945
2.940145 0.003945
2.943137 0.003945
2.946129 0.003945
2.949122 0.003945
2.952114 0.003945
2.955106 0.003945
2.958098 0.003945
2.961091 0.003945
2.964083 0.003945
2.967075 0.003945
2.970067 0.003945
2.973060 0.003945
2.976052 0.003945
2.979044 0.003945
2.982036 0.003945
2.985029 0.003945
2.988021 0.003945
2.991013 0.003945
2.994005 0.005917
2.996998 0.005917
2.999990 0.005917
3.002982 0.007890
3.005974 0.007890
3.008967 0.007890
3.011959 0.007890
3.014951 0.007890
3.017943 0.007890
3.020936 0.007890
3.023928 0.007890
3.026920 0.007890
3.029913 0.007890
3.032905 0.007890
3.035897 0.007890
3.038889 0.007890
3.041882 0.007890
3.044874 0.007890
3.047866 0.007890
3.050858 0.007890
3.053851 0.007890
3.056843 0.007890
3.059835 0.009862
3.062827 0.009862
3.065820 0.009862
3.068812 0.009862
3.071804 0.009862
3.074796 0.009862
3.077789 0.009862
3.080781 0.009862
3.083773 0.009862
3.086765 0.009862
3.089758 0.009862
3.092750 0.009862
3.095742 0.009862
3.098734 0.009862
3.101727 0.009862
3.104719 0.009862
3.107711 0.009862
3.110704 0.009862
3.113696 0.011834
3.116688 0.011834
3.119680 0.011834
3.122673 0.011834
3.125665 0.011834
3.128657 0.011834
3.131649 0.011834
3.134642 0.011834
3.137634 0.011834
3.140626 0.011834
3.143618 0.011834
3.146611 0.011834
3.149603 0.011834
3.152595 0.011834
3.155587 0.011834
3.158580 0.011834
3.161572 0.011834
3.164564 0.011834
3.167556 0.011834
3.170549 0.011834
3.173541 0.011834
3.176533 0.011834
3.179525 0.013807
3.182518 0.013807
3.185510 0.013807
3.188502 0.013807
3.191495 0.013807
3.194487 0.013807
3.197479 0.015779
3.200471 0.015779
3.203464 0.015779
3.206456 0.015779
3.209448 0.015779
3.212440 0.017751
3.215433 0.017751
3.218425 0.017751
3.221417 0.017751
3.224409 0.017751
3.227402 0.017751
3.230394 0.017751
3.233386 0.017751
3.236378 0.017751
3.239371 0.017751
3.242363 0.017751
3.245355 0.017751
3.248347 0.017751
3.251340 0.019724
3.254332 0.019724
3.257324 0.019724
3.260316 0.019724
3.263309 0.019724
3.266301 0.019724
3.269293 0.019724
3.272285 0.019724
3.275278 0.019724
3.278270 0.021696
3.281262 0.021696
3.284255 0.021696
3.287247 0.021696
3.290239 0.021696
3.293231 0.021696
3.296224 0.023669
3.299216 0.023669
3.302208 0.023669
3.305200 0.023669
3.308193 0.023669
3.311185 0.023669
3.314177 0.023669
3.317169 0.023669
3.320162 0.023669
3.323154 0.023669
3.326146 0.023669
3.329138 0.023669
3.332131 0.023669
3.335123 0.023669
3.338115 0.023669
3.341107 0.023669
3.344100 0.023669
3.347092 0.023669
3.350084 0.023669
3.353076 0.023669
3.356069 0.023669
3.359061 0.025641
3.362053 0.025641
3.365046 0.025641
3.368038 0.025641
3.371030 0.025641
3.374022 0.025641
3.377015 0.025641
3.380007 0.025641
3.382999 0.027613
3.385991 0.027613
3.388984 0.027613
3.391976 0.029586
3.394968 0.029586
3.397960 0.029586
3.400953 0.029586
3.403945 0.029586
3.406937 0.029586
3.409929 0.029586
3.412922 0.029586
3.415914 0.029586
3.418906 0.029586
3.421898 0.031558
3.424891 0.031558
3.427883 0.031558
3.430875 0.031558
3.433867 0.031558
3.436860 0.031558
3.439852 0.031558
3.442844 0.031558
3.445837 0.031558
3.448829 0.031558
3.451821 0.031558
3.454813 0.031558
3.457806 0.031558
3.460798 0.033531
3.463790 0.033531
3.466782 0.033531
3.469775 0.033531
3.472767 0.033531
3.475759 0.033531
3.478751 0.033531
3.481744 0.033531
3.484736 0.033531
3.487728 0.035503
3.490720 0.035503
3.493713 0.035503
3.496705 0.035503
3.499697 0.035503
3.502689 0.037475
3.505682 0.037475
3.508674 0.039448
3.511666 0.039448
3.514658 0.039448
3.517651 0.039448
3.520643 0.039448
3.523635 0.039448
3.526628 0.039448
3.529620 0.039448
3.532612 0.039448
3.535604 0.039448
3.538597 0.039448
3.541589 0.041420
3.544581 0.043393
3.547573 0.043393
3.550566 0.043393
3.553558 0.043393
3.556550 0.043393
3.559542 0.045365
3.562535 0.045365
3.565527 0.045365
3.568519 0.045365
3.571511 0.047337
3.574504 0.047337
3.577496 0.047337
3.580488 0.047337
3.583480 0.047337
3.586473 0.047337
3.589465 0.047337
3.592457 0.047337
3.595449 0.047337
3.598442 0.047337
3.601434 0.047337
3.604426 0.047337
3.607418 0.047337
3.610411 0.047337
3.613403 0.047337
3.616395 0.047337
3.619388 0.049310
3.622380 0.049310
3.625372 0.049310
3.628364 0.049310
3.631357 0.049310
3.634349 0.049310
3.637341 0.049310
3.640333 0.049310
3.643326 0.049310
3.646318 0.051282
3.649310 0.051282
3.652302 0.051282
3.655295 0.051282
3.658287 0.051282
3.661279 0.051282
3.664271 0.053254
3.667264 0.053254
3.670256 0.053254
3.673248 0.055227
3.676240 0.057199
3.679233 0.057199
3.682225 0.057199
3.685217 0.059172
3.688209 0.059172
3.691202 0.059172
3.694194 0.059172
3.697186 0.059172
3.700179 0.059172
3.703171 0.059172
3.706163 0.059172
3.709155 0.059172
3.712148 0.059172
3.715140 0.061144
3.718132 0.061144
3.721124 0.061144
3.724117 0.061144
3.727109 0.063116
3.730101 0.063116
3.733093 0.065089
3.736086 0.065089
3.739078 0.065089
3.742070 0.065089
3.745062 0.065089
3.748055 0.065089
3.751047 0.065089
3.754039 0.065089
3.757031 0.065089
3.760024 0.067061
3.763016 0.067061
3.766008 0.071006
3.769000 0.071006
3.771993 0.071006
3.774985 0.071006
3.777977 0.071006
3.780970 0.071006
3.783962 0.074951
3.786954 0.076923
3.789946 0.076923
3.792939 0.078895
3.795931 0.078895
3.798923 0.078895
3.801915 0.078895
3.804908 0.078895
3.807900 0.078895
3.810892 0.078895
3.813884 0.078895
3.816877 0.080868
3.819869 0.080868
3.822861 0.080868
3.825853 0.080868
3.828846 0.080868
3.831838 0.082840
3.834830 0.084813
3.837822 0.084813
3.840815 0.086785
3.843807 0.086785
3.846799 0.088757
3.849791 0.088757
3.852784 0.088757
3.855776 0.088757
3.858768 0.088757
3.861760 0.088757
3.864753 0.088757
3.867745 0.088757
3.870737 0.090730
3.873730 0.090730
3.876722 0.090730
3.879714 0.092702
3.882706 0.092702
3.885699 0.092702
3.888691 0.094675
3.891683 0.094675
3.894675 0.094675
3.897668 0.096647
3.900660 0.096647
3.903652 0.096647
3.906644 0.098619
3.909637 0.098619
3.912629 0.100592
3.915621 0.102564
3.918613 0.102564
3.921606 0.104536
3.924598 0.108481
3.927590 0.108481
3.930582 0.108481
3.933575 0.108481
3.936567 0.110454
3.939559 0.110454
3.942551 0.112426
3.945544 0.112426
3.948536 0.112426
3.951528 0.112426
3.954521 0.112426
3.957513 0.112426
3.960505 0.114398
3.963497 0.114398
3.966490 0.114398
3.969482 0.114398
3.972474 0.114398
3.975466 0.114398
3.978459 0.114398
3.981451 0.116371
3.984443 0.116371
3.987435 0.116371
3.990428 0.116371
3.993420 0.116371
3.996412 0.116371
3.999404 0.116371
4.002397 0.118343
4.005389 0.120316
4.008381 0.120316
4.011373 0.120316
4.014366 0.120316
4.017358 0.120316
4.020350 0.120316
4.023342 0.120316
4.026335 0.120316
4.029327 0.120316
4.032319 0.120316
4.035312 0.120316
4.038304 0.122288
4.041296 0.124260
4.044288 0.124260
4.047281 0.124260
4.050273 0.124260
4.053265 0.126233
4.056257 0.126233
4.059250 0.126233
4.062242 0.126233
4.065234 0.126233
4.068226 0.126233
4.071219 0.126233
4.074211 0.126233
4.077203 0.128205
4.080195 0.128205
4.083188 0.130178
4.086180 0.130178
4.089172 0.130178
4.092164 0.132150
4.095157 0.132150
4.098149 0.132150
4.101141 0.136095
4.104133 0.136095
4.107126 0.138067
4.110118 0.138067
4.113110 0.142012
4.116102 0.143984
4.119095 0.143984
4.122087 0.145957
4.125079 0.145957
4.128072 0.149901
4.131064 0.149901
4.134056 0.151874
4.137048 0.151874
4.140041 0.153846
4.143033 0.157791
4.146025 0.157791
4.149017 0.161736
4.152010 0.161736
4.155002 0.163708
4.157994 0.163708
4.160986 0.165680
4.163979 0.167653
4.166971 0.169625
4.169963 0.169625
4.172955 0.169625
4.175948 0.169625
4.178940 0.169625
4.181932 0.169625
4.184924 0.169625
4.187917 0.169625
4.190909 0.169625
4.193901 0.169625
4.196893 0.169625
4.199886 0.169625
4.202878 0.169625
4.205870 0.169625
4.208863 0.169625
4.211855 0.169625
4.214847 0.169625
4.217839 0.169625
4.220832 0.169625
4.223824 0.169625
4.226816 0.169625
4.229808 0.169625
4.232801 0.169625
4.235793 0.171598
4.238785 0.171598
4.241777 0.173570
4.244770 0.173570
4.247762 0.173570
4.250754 0.173570
4.253746 0.175542
4.256739 0.175542
4.259731 0.175542
4.262723 0.175542
4.265715 0.175542
4.268708 0.175542
4.271700 0.175542
4.274692 0.175542
4.277684 0.175542
4.280677 0.177515
4.283669 0.179487
4.286661 0.181460
4.289654 0.185404
4.292646 0.185404
4.295638 0.185404
4.298630 0.185404
4.301623 0.185404
4.304615 0.185404
4.307607 0.185404
4.310599 0.185404
4.313592 0.185404
4.316584 0.185404
4.319576 0.185404
4.322568 0.185404
4.325561 0.187377
4.328553 0.187377
4.331545 0.187377
4.334537 0.189349
4.337530 0.189349
4.340522 0.189349
4.343514 0.189349
4.346506 0.189349
4.349499 0.189349
4.352491 0.189349
4.355483 0.191321
4.358475 0.191321
4.361468 0.193294
4.364460 0.193294
4.367452 0.193294
4.370445 0.195266
4.373437 0.199211
4.376429 0.201183
4.379421 0.201183
4.382414 0.201183
4.385406 0.201183
4.388398 0.201183
4.391390 0.201183
4.394383 0.201183
4.397375 0.201183
4.400367 0.203156
4.403359 0.205128
4.406352 0.205128
4.409344 0.205128
4.412336 0.209073
4.415328 0.209073
4.418321 0.209073
4.421313 0.209073
4.424305 0.209073
4.427297 0.213018
4.430290 0.213018
4.433282 0.213018
4.436274 0.213018
4.439266 0.213018
4.442259 0.213018
4.445251 0.216963
4.448243 0.216963
4.451235 0.216963
4.454228 0.216963
4.457220 0.216963
4.460212 0.220907
4.463205 0.222880
4.466197 0.222880
4.469189 0.222880
4.472181 0.222880
4.475174 0.222880
4.478166 0.222880
4.481158 0.224852
4.484150 0.226824
4.487143 0.226824
4.490135 0.226824
4.493127 0.228797
4.496119 0.228797
4.499112 0.228797
4.502104 0.228797
4.505096 0.232742
4.508088 0.232742
4.511081 0.232742
4.514073 0.234714
4.517065 0.234714
4.520057 0.234714
4.523050 0.234714
4.526042 0.236686
4.529034 0.236686
4.532026 0.238659
4.535019 0.240631
4.538011 0.240631
4.541003 0.240631
4.543996 0.242604
4.546988 0.242604
4.549980 0.242604
4.552972 0.242604
4.555965 0.242604
4.558957 0.244576
4.561949 0.244576
4.564941 0.244576
4.567934 0.246548
4.570926 0.246548
4.573918 0.246548
4.576910 0.246548
4.579903 0.246548
4.582895 0.246548
4.585887 0.246548
4.588879 0.246548
4.591872 0.248521
4.594864 0.248521
4.597856 0.250493
4.600848 0.250493
4.603841 0.252465
4.606833 0.252465
4.609825 0.252465
4.612817 0.256410
4.615810 0.256410
4.618802 0.256410
4.621794 0.256410
4.624787 0.256410
4.627779 0.258383
4.630771 0.258383
4.633763 0.258383
4.636756 0.260355
4.639748 0.260355
4.642740 0.260355
4.645732 0.262327
4.648725 0.264300
4.651717 0.264300
4.654709 0.264300
4.657701 0.264300
4.660694 0.268245
4.663686 0.268245
4.666678 0.268245
4.669670 0.268245
4.672663 0.268245
4.675655 0.270217
4.678647 0.274162
4.681639 0.274162
4.684632 0.276134
4.687624 0.276134
4.690616 0.280079
4.693608 0.280079
4.696601 0.280079
4.699593 0.280079
4.702585 0.280079
4.705577 0.280079
4.708570 0.282051
4.711562 0.282051
4.714554 0.284024
4.717547 0.284024
4.720539 0.284024
4.723531 0.284024
4.726523 0.284024
4.729516 0.285996
4.732508 0.285996
4.735500 0.287968
4.738492 0.287968
4.741485 0.287968
4.744477 0.291913
4.747469 0.293886
4.750461 0.293886
4.753454 0.293886
4.756446 0.293886
4.759438 0.293886
4.762430 0.293886
4.765423 0.293886
4.768415 0.295858
4.771407 0.295858
4.774399 0.295858
4.777392 0.295858
4.780384 0.295858
4.783376 0.297830
4.786368 0.297830
4.789361 0.297830
4.792353 0.297830
4.795345 0.297830
4.798338 0.297830
4.801330 0.299803
4.804322 0.301775
4.807314 0.301775
4.810307 0.301775
4.813299 0.303748
4.816291 0.303748
4.819283 0.303748
4.822276 0.305720
4.825268 0.307692
4.828260 0.309665
4.831252 0.311637
4.834245 0.313609
4.837237 0.313609
4.840229 0.315582
4.843221 0.315582
4.846214 0.319527
4.849206 0.319527
4.852198 0.321499
4.855190 0.323471
4.858183 0.323471
4.861175 0.323471
4.864167 0.323471
4.867159 0.323471
4.870152 0.323471
4.873144 0.325444
4.876136 0.325444
4.879129 0.325444
4.882121 0.325444
4.885113 0.325444
4.888105 0.325444
4.891098 0.327416
4.894090 0.329389
4.897082 0.331361
4.900074 0.331361
4.903067 0.333333
4.906059 0.333333
4.909051 0.333333
4.912043 0.335306
4.915036 0.335306
4.918028 0.335306
4.921020 0.335306
4.924012 0.335306
4.927005 0.335306
4.929997 0.335306
4.932989 0.339250
4.935981 0.341223
4.938974 0.343195
4.941966 0.343195
4.944958 0.349112
4.947950 0.353057
4.950943 0.353057
4.953935 0.353057
4.956927 0.353057
4.959919 0.353057
4.962912 0.353057
4.965904 0.355030
4.968896 0.355030
4.971889 0.355030
4.974881 0.355030
4.977873 0.357002
4.980865 0.357002
4.983858 0.357002
4.986850 0.358974
4.989842 0.362919
4.992834 0.362919
4.995827 0.364892
4.998819 0.364892
5.001811 0.366864
5.004803 0.366864
5.007796 0.366864
5.010788 0.366864
5.013780 0.366864
5.016772 0.366864
5.019765 0.368836
5.022757 0.368836
5.025749 0.368836
5.028741 0.368836
5.031734 0.370809
5.034726 0.370809
5.037718 0.370809
5.040710 0.370809
5.043703 0.372781
5.046695 0.374753
5.049687 0.374753
5.052680 0.374753
5.055672 0.376726
5.058664 0.378698
5.061656 0.380671
5.064649 0.386588
5.067641 0.386588
5.070633 0.390533
5.073625 0.390533
5.076618 0.390533
5.079610 0.392505
5.082602 0.392505
5.085594 0.394477
5.088587 0.394477
5.091579 0.394477
5.094571 0.394477
5.097563 0.394477
5.100556 0.394477
5.103548 0.394477
5.106540 0.396450
5.109532 0.396450
5.112525 0.396450
5.115517 0.398422
5.118509 0.400394
5.121501 0.400394
5.124494 0.400394
5.127486 0.402367
5.130478 0.402367
5.133471 0.404339
5.136463 0.404339
5.139455 0.404339
5.142447 0.404339
5.145440 0.406312
5.148432 0.406312
5.151424 0.408284
5.154416 0.408284
5.157409 0.408284
5.160401 0.410256
5.163393 0.410256
5.166385 0.412229
5.169378 0.412229
5.172370 0.414201
5.175362 0.416174
5.178354 0.420118
5.181347 0.420118
5.184339 0.420118
5.187331 0.420118
5.190323 0.422091
5.193316 0.426036
5.196308 0.426036
5.199300 0.426036
5.202292 0.426036
5.205285 0.429980
5.208277 0.429980
5.211269 0.429980
5.214262 0.431953
5.217254 0.433925
5.220246 0.435897
5.223238 0.437870
5.226231 0.437870
5.229223 0.437870
5.232215 0.437870
5.235207 0.437870
5.238200 0.437870
5.241192 0.439842
5.244184 0.441815
5.247176 0.441815
5.250169 0.441815
5.253161 0.443787
5.256153 0.443787
5.259145 0.443787
5.262138 0.445759
5.265130 0.445759
5.268122 0.447732
5.271114 0.447732
5.274107 0.447732
5.277099 0.447732
5.280091 0.447732
5.283083 0.447732
5.286076 0.447732
5.289068 0.449704
5.292060 0.449704
5.295052 0.449704
5.298045 0.451677
5.301037 0.453649
5.304029 0.457594
5.307022 0.459566
5.310014 0.459566
5.313006 0.461538
5.315998 0.461538
5.318991 0.461538
5.321983 0.461538
5.324975 0.465483
5.327967 0.467456
5.330960 0.467456
5.333952 0.467456
5.336944 0.467456
5.339936 0.467456
5.342929 0.469428
5.345921 0.469428
5.348913 0.471400
5.351905 0.473373
5.354898 0.473373
5.357890 0.473373
5.360882 0.475345
5.363874 0.475345
5.366867 0.477318
5.369859 0.477318
5.372851 0.477318
5.375843 0.477318
5.378836 0.477318
5.381828 0.479290
5.384820 0.479290
5.387813 0.481262
5.390805 0.483235
5.393797 0.483235
5.396789 0.483235
5.399782 0.485207
5.402774 0.487179
5.405766 0.487179
5.408758 0.487179
5.411751 0.487179
5.414743 0.487179
5.417735 0.487179
5.420727 0.487179
5.423720 0.487179
5.426712 0.487179
5.429704 0.487179
5.432696 0.487179
5.435689 0.487179
5.438681 0.487179
5.441673 0.487179
5.444665 0.491124
5.447658 0.493097
5.450650 0.493097
5.453642 0.493097
5.456634 0.493097
5.459627 0.493097
5.462619 0.497041
5.465611 0.497041
5.468604 0.499014
5.471596 0.499014
5.474588 0.499014
5.477580 0.500986
5.480573 0.502959
5.483565 0.504931
5.486557 0.506903
5.489549 0.506903
5.492542 0.506903
5.495534 0.506903
5.498526 0.506903
5.501518 0.508876
5.504511 0.508876
5.507503 0.508876
5.510495 0.510848
5.513487 0.514793
5.516480 0.514793
5.519472 0.514793
5.522464 0.514793
5.525456 0.514793
5.528449 0.514793
5.531441 0.514793
5.534433 0.514793
5.537425 0.514793
5.540418 0.514793
5.543410 0.514793
5.546402 0.514793
5.549394 0.514793
5.552387 0.514793
5.555379 0.514793
5.558371 0.514793
5.561364 0.514793
5.564356 0.516765
5.567348 0.516765
5.570340 0.516765
5.573333 0.518738
5.576325 0.518738
5.579317 0.524655
5.582309 0.526627
5.585302 0.526627
5.588294 0.526627
5.591286 0.526627
5.594278 0.526627
5.597271 0.528600
5.600263 0.528600
5.603255 0.528600
5.606247 0.528600
5.609240 0.532544
5.612232 0.532544
5.615224 0.532544
5.618216 0.532544
5.621209 0.532544
5.624201 0.536489
5.627193 0.536489
5.630185 0.536489
5.633178 0.538462
5.636170 0.538462
5.639162 0.538462
5.642155 0.540434
5.645147 0.542406
5.648139 0.542406
5.651131 0.542406
5.654124 0.542406
5.657116 0.546351
5.660108 0.546351
5.663100 0.546351
5.666093 0.546351
5.669085 0.546351
5.672077 0.548323
5.675069 0.548323
5.678062 0.548323
5.681054 0.550296
5.684046 0.550296
5.687038 0.550296
5.690031 0.552268
5.693023 0.552268
5.696015 0.552268
5.699007 0.552268
5.702000 0.552268
5.704992 0.552268
5.707984 0.552268
5.710976 0.554241
5.713969 0.556213
5.716961 0.556213
5.719953 0.556213
5.722946 0.556213
5.725938 0.556213
5.728930 0.556213
5.731922 0.558185
5.734915 0.558185
5.737907 0.560158
5.740899 0.560158
5.743891 0.562130
5.746884 0.562130
5.749876 0.566075
5.752868 0.566075
5.755860 0.566075
5.758853 0.566075
5.761845 0.566075
5.764837 0.566075
5.767829 0.568047
5.770822 0.570020
5.773814 0.571992
5.776806 0.571992
5.779798 0.573964
5.782791 0.573964
5.785783 0.573964
5.788775 0.573964
5.791767 0.573964
5.794760 0.573964
5.797752 0.573964
5.800744 0.573964
5.803736 0.573964
5.806729 0.573964
5.809721 0.575937
5.812713 0.577909
5.815706 0.577909
5.818698 0.577909
5.821690 0.577909
5.824682 0.577909
5.827675 0.577909
5.830667 0.577909
5.833659 0.577909
5.836651 0.577909
5.839644 0.579882
5.842636 0.579882
5.845628 0.579882
5.848620 0.579882
5.851613 0.581854
5.854605 0.583826
5.857597 0.583826
5.860589 0.583826
5.863582 0.583826
5.866574 0.583826
5.869566 0.583826
5.872558 0.585799
5.875551 0.585799
5.878543 0.585799
5.881535 0.585799
5.884527 0.585799
5.887520 0.589744
5.890512 0.589744
5.893504 0.589744
5.896497 0.589744
5.899489 0.589744
5.902481 0.591716
5.905473 0.591716
5.908466 0.593688
5.911458 0.593688
5.914450 0.595661
5.917442 0.597633
5.920435 0.599606
5.923427 0.599606
5.926419 0.599606
5.929411 0.599606
5.932404 0.599606
5.935396 0.603550
5.938388 0.603550
5.941380 0.603550
5.944373 0.605523
5.947365 0.607495
5.950357 0.607495
5.953349 0.609467
5.956342 0.609467
5.959334 0.611440
5.962326 0.611440
5.965318 0.611440
5.968311 0.611440
5.971303 0.613412
5.974295 0.613412
5.977288 0.613412
5.980280 0.613412
5.983272 0.613412
5.986264 0.615385
5.989257 0.615385
5.992249 0.615385
5.995241 0.615385
5.998233 0.617357
6.001226 0.617357
6.004218 0.619329
6.007210 0.621302
6.010202 0.621302
6.013195 0.623274
6.016187 0.625247
6.019179 0.625247
6.022171 0.627219
6.025164 0.629191
6.028156 0.629191
6.031148 0.629191
6.034140 0.631164
6.037133 0.633136
6.040125 0.633136
6.043117 0.633136
6.046109 0.633136
6.049102 0.633136
6.052094 0.633136
6.055086 0.633136
6.058079 0.633136
6.061071 0.633136
6.064063 0.633136
6.067055 0.633136
6.070048 0.635108
6.073040 0.637081
6.076032 0.637081
6.079024 0.637081
6.082017 0.637081
6.085009 0.641026
6.088001 0.641026
6.090993 0.641026
6.093986 0.641026
6.096978 0.641026
6.099970 0.644970
6.102962 0.646943
6.105955 0.646943
6.108947 0.646943
6.111939 0.646943
6.114931 0.646943
6.117924 0.646943
6.120916 0.646943
6.123908 0.646943
6.126900 0.646943
6.129893 0.648915
6.132885 0.648915
6.135877 0.648915
6.138869 0.648915
6.141862 0.648915
6.144854 0.650888
6.147846 0.650888
6.150839 0.650888
6.153831 0.650888
6.156823 0.650888
6.159815 0.650888
6.162808 0.650888
6.165800 0.650888
6.168792 0.652860
6.171784 0.654832
6.174777 0.656805
6.177769 0.656805
6.180761 0.656805
6.183753 0.656805
6.186746 0.656805
6.189738 0.656805
6.192730 0.656805
6.195722 0.656805
6.198715 0.656805
6.201707 0.658777
6.204699 0.658777
6.207691 0.660750
6.210684 0.662722
6.213676 0.662722
6.216668 0.662722
6.219660 0.664694
6.222653 0.666667
6.225645 0.668639
6.228637 0.668639
6.231630 0.668639
6.234622 0.668639
6.237614 0.668639
6.240606 0.670611
6.243599 0.670611
6.246591 0.670611
6.249583 0.670611
6.252575 0.670611
6.255568 0.670611
6.258560 0.676529
6.261552 0.676529
6.264544 0.678501
6.267537 0.678501
6.270529 0.678501
6.273521 0.678501
6.276513 0.678501
6.279506 0.678501
6.282498 0.680473
6.285490 0.680473
6.288482 0.680473
6.291475 0.680473
6.294467 0.680473
6.297459 0.684418
6.300451 0.684418
6.303444 0.684418
6.306436 0.684418
6.309428 0.684418
6.312421 0.684418
6.315413 0.684418
6.318405 0.686391
6.321397 0.688363
6.324390 0.690335
6.327382 0.690335
6.330374 0.690335
6.333366 0.690335
6.336359 0.690335
6.339351 0.692308
6.342343 0.692308
6.345335 0.692308
6.348328 0.694280
6.351320 0.694280
6.354312 0.694280
6.357304 0.694280
6.360297 0.698225
6.363289 0.700197
6.366281 0.700197
6.369273 0.700197
6.372266 0.700197
6.375258 0.702170
6.378250 0.702170
6.381242 0.702170
6.384235 0.702170
6.387227 0.702170
6.390219 0.702170
6.393211 0.702170
6.396204 0.702170
6.399196 0.702170
6.402188 0.702170
6.405181 0.704142
6.408173 0.704142
6.411165 0.704142
6.414157 0.704142
6.417150 0.704142
6.420142 0.706114
6.423134 0.708087
6.426126 0.708087
6.429119 0.708087
6.432111 0.708087
6.435103 0.708087
6.438095 0.708087
6.441088 0.708087
6.444080 0.708087
6.447072 0.708087
6.450064 0.708087
6.453057 0.708087
6.456049 0.708087
6.459041 0.710059
6.462033 0.710059
6.465026 0.710059
6.468018 0.710059
6.471010 0.710059
6.474002 0.710059
6.476995 0.710059
6.479987 0.712032
6.482979 0.712032
6.485972 0.712032
6.488964 0.712032
6.491956 0.712032
6.494948 0.712032
6.497941 0.712032
6.500933 0.714004
6.503925 0.714004
6.506917 0.714004
6.509910 0.714004
6.512902 0.714004
6.515894 0.714004
6.518886 0.714004
6.521879 0.714004
6.524871 0.717949
6.527863 0.717949
6.530855 0.717949
6.533848 0.719921
6.536840 0.719921
6.539832 0.719921
6.542824 0.719921
6.545817 0.719921
6.548809 0.721893
6.551801 0.721893
6.554793 0.721893
6.557786 0.721893
6.560778 0.721893
6.563770 0.723866
6.566763 0.723866
6.569755 0.725838
6.572747 0.725838
6.575739 0.727811
6.578732 0.729783
6.581724 0.729783
6.584716 0.729783
6.587708 0.729783
6.590701 0.729783
6.593693 0.729783
6.596685 0.729783
6.599677 0.729783
6.602670 0.729783
6.605662 0.729783
6.608654 0.729783
6.611646 0.729783
6.614639 0.729783
6.617631 0.729783
6.620623 0.729783
6.623615 0.731755
6.626608 0.731755
6.629600 0.731755
6.632592 0.731755
6.635584 0.731755
6.638577 0.731755
6.641569 0.731755
6.644561 0.731755
6.647553 0.731755
6.650546 0.731755
6.653538 0.731755
6.656530 0.731755
6.659523 0.733728
6.662515 0.733728
6.665507 0.733728
6.668499 0.733728
6.671492 0.733728
6.674484 0.733728
6.677476 0.735700
6.680468 0.735700
6.683461 0.735700
6.686453 0.735700
6.689445 0.735700
6.692437 0.735700
6.695430 0.735700
6.698422 0.735700
6.701414 0.735700
6.704406 0.735700
6.707399 0.737673
6.710391 0.737673
6.713383 0.737673
6.716375 0.737673
6.719368 0.737673
6.722360 0.737673
6.725352 0.737673
6.728344 0.737673
6.731337 0.737673
6.734329 0.737673
6.737321 0.737673
6.740314 0.737673
6.743306 0.737673
6.746298 0.737673
6.749290 0.737673
6.752283 0.737673
6.755275 0.737673
6.758267 0.737673
6.761259 0.737673
6.764252 0.737673
6.767244 0.737673
6.770236 0.737673
6.773228 0.737673
6.776221 0.739645
6.779213 0.739645
6.782205 0.739645
6.785197 0.739645
6.788190 0.739645
6.791182 0.739645
6.794174 0.739645
6.797166 0.743590
6.800159 0.743590
6.803151 0.743590
6.806143 0.743590
6.809135 0.743590
6.812128 0.743590
6.815120 0.743590
6.818112 0.743590
6.821105 0.745562
6.824097 0.747535
6.827089 0.747535
6.830081 0.747535
6.833074 0.747535
6.836066 0.747535
6.839058 0.747535
6.842050 0.747535
6.845043 0.747535
6.848035 0.747535
6.851027 0.747535
6.854019 0.747535
6.857012 0.747535
6.860004 0.751479
6.862996 0.751479
6.865988 0.751479
6.868981 0.751479
6.871973 0.751479
6.874965 0.751479
6.877957 0.751479
6.880950 0.753452
6.883942 0.755424
6.886934 0.755424
6.889926 0.755424
6.892919 0.757396
6.895911 0.757396
6.898903 0.759369
6.901895 0.759369
6.904888 0.759369
6.907880 0.759369
6.910872 0.759369
6.913865 0.759369
6.916857 0.759369
6.919849 0.759369
6.922841 0.759369
6.925834 0.761341
6.928826 0.761341
6.931818 0.761341
6.934810 0.763314
6.937803 0.765286
6.940795 0.765286
6.943787 0.767258
6.946779 0.767258
6.949772 0.767258
6.952764 0.767258
6.955756 0.767258
6.958748 0.767258
6.961741 0.767258
6.964733 0.767258
6.967725 0.767258
6.970717 0.769231
6.973710 0.769231
6.976702 0.769231
6.979694 0.771203
6.982686 0.771203
6.985679 0.771203
6.988671 0.771203
6.991663 0.771203
6.994656 0.771203
6.997648 0.771203
7.000640 0.771203
7.003632 0.771203
7.006625 0.771203
7.009617 0.771203
7.012609 0.773176
7.015601 0.773176
7.018594 0.773176
7.021586 0.773176
7.024578 0.773176
7.027570 0.773176
7.030563 0.773176
7.033555 0.775148
7.036547 0.777120
7.039539 0.777120
7.042532 0.777120
7.045524 0.779093
7.048516 0.779093
7.051508 0.779093
7.054501 0.779093
7.057493 0.781065
7.060485 0.783037
7.063477 0.785010
7.066470 0.785010
7.069462 0.786982
7.072454 0.786982
7.075447 0.786982
7.078439 0.786982
7.081431 0.786982
7.084423 0.786982
7.087416 0.786982
7.090408 0.786982
7.093400 0.786982
7.096392 0.786982
7.099385 0.786982
7.102377 0.786982
7.105369 0.786982
7.108361 0.788955
7.111354 0.790927
7.114346 0.790927
7.117338 0.792899
7.120330 0.792899
7.123323 0.794872
7.126315 0.796844
7.129307 0.796844
7.132299 0.796844
7.135292 0.796844
7.138284 0.796844
7.141276 0.796844
7.144268 0.796844
7.147261 0.796844
7.150253 0.796844
7.153245 0.796844
7.156238 0.796844
7.159230 0.796844
7.162222 0.796844
7.165214 0.798817
7.168207 0.798817
7.171199 0.798817
7.174191 0.800789
7.177183 0.800789
7.180176 0.800789
7.183168 0.800789
7.186160 0.800789
7.189152 0.800789
7.192145 0.800789
7.195137 0.800789
7.198129 0.800789
7.201121 0.800789
7.204114 0.800789
7.207106 0.800789
7.210098 0.802761
7.213090 0.802761
7.216083 0.802761
7.219075 0.802761
7.222067 0.802761
7.225059 0.802761
7.228052 0.804734
7.231044 0.804734
7.234036 0.804734
7.237028 0.804734
7.240021 0.804734
7.243013 0.804734
7.246005 0.806706
7.248998 0.808679
7.251990 0.810651
7.254982 0.810651
7.257974 0.810651
7.260967 0.810651
7.263959 0.810651
7.266951 0.812623
7.269943 0.812623
7.272936 0.812623
7.275928 0.812623
7.278920 0.812623
7.281912 0.812623
7.284905 0.814596
7.287897 0.814596
7.290889 0.814596
7.293881 0.816568
7.296874 0.818540
7.299866 0.818540
7.302858 0.820513
7.305850 0.820513
7.308843 0.820513
7.311835 0.820513
7.314827 0.820513
7.317819 0.820513
7.320812 0.820513
7.323804 0.820513
7.326796 0.820513
7.329789 0.820513
7.332781 0.820513
7.335773 0.822485
7.338765 0.822485
7.341758 0.822485
7.344750 0.824458
7.347742 0.824458
7.350734 0.824458
7.353727 0.824458
7.356719 0.824458
7.359711 0.824458
7.362703 0.824458
7.365696 0.824458
7.368688 0.824458
7.371680 0.824458
7.374672 0.824458
7.377665 0.824458
7.380657 0.824458
7.383649 0.824458
7.386641 0.824458
7.389634 0.824458
7.392626 0.824458
7.395618 0.824458
7.398610 0.824458
7.401603 0.824458
7.404595 0.824458
7.407587 0.824458
7.410580 0.826430
7.413572 0.826430
7.416564 0.826430
7.419556 0.826430
7.422549 0.826430
7.425541 0.826430
7.428533 0.826430
7.431525 0.826430
7.434518 0.826430
7.437510 0.826430
7.440502 0.826430
7.443494 0.826430
7.446487 0.826430
7.449479 0.826430
7.452471 0.826430
7.455463 0.826430
7.458456 0.826430
7.461448 0.826430
7.464440 0.826430
7.467432 0.826430
7.470425 0.826430
7.473417 0.826430
7.476409 0.828402
7.479401 0.828402
7.482394 0.828402
7.485386 0.828402
7.488378 0.828402
7.491370 0.828402
7.494363 0.828402
7.497355 0.828402
7.500347 0.828402
7.503340 0.830375
7.506332 0.830375
7.509324 0.830375
7.512316 0.830375
7.515309 0.830375
7.518301 0.830375
7.521293 0.830375
7.524285 0.830375
7.527278 0.832347
7.530270 0.832347
7.533262 0.832347
7.536254 0.832347
7.539247 0.832347
7.542239 0.832347
7.545231 0.832347
7.548223 0.832347
7.551216 0.832347
7.554208 0.834320
7.557200 0.834320
7.560192 0.834320
7.563185 0.834320
7.566177 0.834320
7.569169 0.834320
7.572161 0.834320
7.575154 0.834320
7.578146 0.834320
7.581138 0.836292
7.584131 0.836292
7.587123 0.838264
7.590115 0.840237
7.593107 0.840237
7.596100 0.840237
7.599092 0.840237
7.602084 0.840237
7.605076 0.840237
7.608069 0.842209
7.611061 0.842209
7.614053 0.842209
7.617045 0.842209
7.620038 0.842209
7.623030 0.842209
7.626022 0.842209
7.629014 0.842209
7.632007 0.842209
7.634999 0.842209
7.637991 0.842209
7.640983 0.842209
7.643976 0.842209
7.646968 0.842209
7.649960 0.842209
7.652952 0.842209
7.655945 0.842209
7.658937 0.842209
7.661929 0.842209
7.664922 0.842209
7.667914 0.842209
7.670906 0.842209
7.673898 0.842209
7.676891 0.842209
7.679883 0.842209
7.682875 0.842209
7.685867 0.844181
7.688860 0.844181
7.691852 0.844181
7.694844 0.844181
7.697836 0.844181
7.700829 0.844181
7.703821 0.844181
7.706813 0.844181
7.709805 0.844181
7.712798 0.844181
7.715790 0.846154
7.718782 0.846154
7.721774 0.846154
7.724767 0.846154
7.727759 0.846154
7.730751 0.846154
7.733743 0.846154
7.736736 0.846154
7.739728 0.846154
7.742720 0.846154
7.745712 0.846154
7.748705 0.846154
7.751697 0.846154
7.754689 0.846154
7.757682 0.846154
7.760674 0.846154
7.763666 0.846154
7.766658 0.846154
7.769651 0.846154
7.772643 0.846154
7.775635 0.846154
7.778627 0.846154
7.781620 0.846154
7.784612 0.846154
7.787604 0.846154
7.790596 0.846154
7.793589 0.846154
7.796581 0.846154
7.799573 0.846154
7.802565 0.848126
7.805558 0.848126
7.808550 0.850099
7.811542 0.850099
7.814534 0.850099
7.817527 0.850099
7.820519 0.850099
7.823511 0.850099
7.826503 0.852071
7.829496 0.852071
7.832488 0.852071
7.835480 0.852071
7.838473 0.852071
7.841465 0.852071
7.844457 0.852071
7.847449 0.852071
7.850442 0.852071
7.853434 0.852071
7.856426 0.852071
7.859418 0.854043
7.862411 0.854043
7.865403 0.854043
7.868395 0.854043
7.871387 0.854043
7.874380 0.854043
7.877372 0.854043
7.880364 0.854043
7.883356 0.854043
7.886349 0.854043
7.889341 0.854043
7.892333 0.854043
7.895325 0.857988
7.898318 0.857988
7.901310 0.857988
7.904302 0.857988
7.907294 0.857988
7.910287 0.859961
7.913279 0.859961
7.916271 0.859961
7.919264 0.859961
7.922256 0.859961
7.925248 0.859961
7.928240 0.859961
7.931233 0.859961
7.934225 0.859961
7.937217 0.859961
7.940209 0.859961
7.943202 0.859961
7.946194 0.859961
7.949186 0.859961
7.952178 0.859961
7.955171 0.859961
7.958163 0.859961
7.961155 0.859961
7.964147 0.859961
7.967140 0.859961
7.970132 0.859961
7.973124 0.859961
7.976116 0.859961
7.979109 0.859961
7.982101 0.859961
7.985093 0.861933
7.988085 0.861933
7.991078 0.861933
7.994070 0.863905
7.997062 0.863905
