2.822520 0.001972
2.828819 0.001972
2.835118 0.001972
2.841417 0.001972
2.847717 0.001972
2.854016 0.001972
2.860315 0.001972
2.866614 0.001972
2.872913 0.001972
2.879213 0.001972
2.885512 0.001972
2.891811 0.001972
2.898110 0.001972
2.904409 0.001972
2.910708 0.001972
2.917008 0.001972
2.923307 0.001972
2.929606 0.001972
2.935905 0.001972
2.942204 0.001972
2.948504 0.001972
2.954803 0.001972
2.961102 0.001972
2.967401 0.001972
2.973700 0.001972
2.980000 0.001972
2.986299 0.001972
2.992598 0.001972
2.998897 0.001972
3.005196 0.001972
3.011496 0.001972
3.017795 0.001972
3.024094 0.001972
3.030393 0.001972
3.036692 0.001972
3.042991 0.001972
3.049291 0.001972
3.055590 0.001972
3.061889 0.001972
3.068188 0.001972
3.074487 0.001972
3.080787 0.001972
3.087086 0.001972
3.093385 0.003945
3.099684 0.003945
3.105983 0.003945
3.112283 0.003945
3.118582 0.003945
3.124881 0.003945
3.131180 0.003945
3.137479 0.003945
3.143778 0.003945
3.150078 0.003945
3.156377 0.003945
3.162676 0.003945
3.168975 0.003945
3.175274 0.003945
3.181574 0.003945
3.187873 0.003945
3.194172 0.003945
3.200471 0.003945
3.206770 0.003945
3.213070 0.003945
3.219369 0.003945
3.225668 0.003945
3.231967 0.003945
3.238266 0.003945
3.244566 0.003945
3.250865 0.003945
3.257164 0.003945
3.263463 0.003945
3.269762 0.003945
3.276061 0.003945
3.282361 0.003945
3.288660 0.003945
3.294959 0.003945
3.301258 0.003945
3.307557 0.003945
3.313857 0.003945
3.320156 0.003945
3.326455 0.003945
3.332754 0.003945
3.339053 0.003945
3.345353 0.003945
3.351652 0.003945
3.357951 0.003945
3.364250 0.003945
3.370549 0.003945
3.376849 0.003945
3.383148 0.005917
3.389447 0.007890
3.395746 0.009862
3.402045 0.011834
3.408344 0.011834
3.414644 0.013807
3.420943 0.015779
3.427242 0.017751
3.433541 0.019724
3.439840 0.019724
3.446140 0.019724
3.452439 0.019724
3.458738 0.019724
3.465037 0.019724
3.471336 0.019724
3.477636 0.019724
3.483935 0.019724
3.490234 0.019724
3.496533 0.019724
3.502832 0.019724
3.509132 0.019724
3.515431 0.021696
3.521730 0.021696
3.528029 0.021696
3.534328 0.023669
3.540627 0.025641
3.546927 0.025641
3.553226 0.025641
3.559525 0.025641
3.565824 0.025641
3.572123 0.025641
3.578423 0.029586
3.584722 0.029586
3.591021 0.029586
3.597320 0.031558
3.603619 0.031558
3.609919 0.033531
3.616218 0.033531
3.622517 0.033531
3.628816 0.033531
3.635115 0.033531
3.641415 0.033531
3.647714 0.033531
3.654013 0.033531
3.660312 0.033531
3.666611 0.033531
3.672910 0.033531
3.679210 0.033531
3.685509 0.033531
3.691808 0.035503
3.698107 0.035503
3.704406 0.035503
3.710706 0.035503
3.717005 0.035503
3.723304 0.035503
3.729603 0.039448
3.735902 0.039448
3.742202 0.039448
3.748501 0.039448
3.754800 0.041420
3.761099 0.041420
3.767398 0.043393
3.773698 0.043393
3.779997 0.043393
3.786296 0.043393
3.792595 0.045365
3.798894 0.045365
3.805193 0.045365
3.811493 0.045365
3.817792 0.045365
3.824091 0.045365
3.830390 0.045365
3.836689 0.045365
3.842989 0.047337
3.849288 0.047337
3.855587 0.047337
3.861886 0.047337
3.868185 0.047337
3.874485 0.049310
3.880784 0.049310
3.887083 0.049310
3.893382 0.049310
3.899681 0.049310
3.905981 0.051282
3.912280 0.051282
3.918579 0.051282
3.924878 0.051282
3.931177 0.051282
3.937476 0.051282
3.943776 0.053254
3.950075 0.055227
3.956374 0.055227
3.962673 0.057199
3.968972 0.057199
3.975272 0.057199
3.981571 0.059172
3.987870 0.059172
3.994169 0.059172
4.000468 0.059172
4.006768 0.061144
4.013067 0.061144
4.019366 0.061144
4.025665 0.061144
4.031964 0.061144
4.038264 0.061144
4.044563 0.063116
4.050862 0.063116
4.057161 0.063116
4.063460 0.065089
4.069759 0.065089
4.076059 0.065089
4.082358 0.065089
4.088657 0.069034
4.094956 0.069034
4.101255 0.069034
4.107555 0.069034
4.113854 0.074951
4.120153 0.076923
4.126452 0.076923
4.132751 0.076923
4.139051 0.076923
4.145350 0.076923
4.151649 0.076923
4.157948 0.076923
4.164247 0.076923
4.170547 0.082840
4.176846 0.084813
4.183145 0.086785
4.189444 0.086785
4.195743 0.086785
4.202042 0.086785
4.208342 0.086785
4.214641 0.086785
4.220940 0.090730
4.227239 0.090730
4.233538 0.090730
4.239838 0.090730
4.246137 0.092702
4.252436 0.092702
4.258735 0.094675
4.265034 0.094675
4.271334 0.098619
4.277633 0.102564
4.283932 0.102564
4.290231 0.106509
4.296530 0.110454
4.302830 0.110454
4.309129 0.112426
4.315428 0.114398
4.321727 0.116371
4.328026 0.122288
4.334325 0.122288
4.340625 0.122288
4.346924 0.122288
4.353223 0.126233
4.359522 0.128205
4.365821 0.128205
4.372121 0.130178
4.378420 0.132150
4.384719 0.132150
4.391018 0.132150
4.397317 0.132150
4.403617 0.138067
4.409916 0.140039
4.416215 0.140039
4.422514 0.140039
4.428813 0.143984
4.435113 0.143984
4.441412 0.143984
4.447711 0.143984
4.454010 0.145957
4.460309 0.145957
4.466608 0.147929
4.472908 0.149901
4.479207 0.151874
4.485506 0.151874
4.491805 0.151874
4.498104 0.151874
4.504404 0.153846
4.510703 0.155819
4.517002 0.155819
4.523301 0.159763
4.529600 0.159763
4.535900 0.163708
4.542199 0.165680
4.548498 0.165680
4.554797 0.165680
4.561096 0.167653
4.567396 0.169625
4.573695 0.169625
4.579994 0.171598
4.586293 0.171598
4.592592 0.171598
4.598891 0.173570
4.605191 0.175542
4.611490 0.175542
4.617789 0.175542
4.624088 0.179487
4.630387 0.179487
4.636687 0.181460
4.642986 0.181460
4.649285 0.185404
4.655584 0.185404
4.661883 0.185404
4.668183 0.189349
4.674482 0.189349
4.680781 0.191321
4.687080 0.191321
4.693379 0.191321
4.699679 0.191321
4.705978 0.195266
4.712277 0.195266
4.718576 0.195266
4.724875 0.197239
4.731174 0.199211
4.737474 0.201183
4.743773 0.203156
4.750072 0.205128
4.756371 0.205128
4.762670 0.205128
4.768970 0.209073
4.775269 0.209073
4.781568 0.209073
4.787867 0.211045
4.794166 0.211045
4.800466 0.213018
4.806765 0.213018
4.813064 0.213018
4.819363 0.214990
4.825662 0.218935
4.831962 0.220907
4.838261 0.226824
4.844560 0.226824
4.850859 0.226824
4.857158 0.228797
4.863457 0.228797
4.869757 0.230769
4.876056 0.230769
4.882355 0.234714
4.888654 0.234714
4.894953 0.234714
4.901253 0.238659
4.907552 0.238659
4.913851 0.238659
4.920150 0.238659
4.926449 0.238659
4.932749 0.240631
4.939048 0.242604
4.945347 0.242604
4.951646 0.246548
4.957945 0.246548
4.964245 0.246548
4.970544 0.248521
4.976843 0.248521
4.983142 0.248521
4.989441 0.248521
4.995740 0.248521
5.002040 0.252465
5.008339 0.254438
5.014638 0.254438
5.020937 0.254438
5.027236 0.260355
5.033536 0.260355
5.039835 0.260355
5.046134 0.260355
5.052433 0.260355
5.058732 0.260355
5.065032 0.260355
5.071331 0.260355
5.077630 0.262327
5.083929 0.266272
5.090228 0.266272
5.096528 0.266272
5.102827 0.266272
5.109126 0.266272
5.115425 0.266272
5.121724 0.268245
5.128023 0.268245
5.134323 0.270217
5.140622 0.270217
5.146921 0.272189
5.153220 0.274162
5.159519 0.274162
5.165819 0.278107
5.172118 0.280079
5.178417 0.280079
5.184716 0.280079
5.191015 0.280079
5.197315 0.282051
5.203614 0.284024
5.209913 0.284024
5.216212 0.287968
5.222511 0.287968
5.228810 0.289941
5.235110 0.289941
5.241409 0.291913
5.247708 0.293886
5.254007 0.293886
5.260306 0.293886
5.266606 0.293886
5.272905 0.295858
5.279204 0.295858
5.285503 0.295858
5.291802 0.297830
5.298102 0.297830
5.304401 0.297830
5.310700 0.297830
5.316999 0.299803
5.323298 0.299803
5.329598 0.303748
5.335897 0.305720
5.342196 0.307692
5.348495 0.309665
5.354794 0.315582
5.361093 0.315582
5.367393 0.319527
5.373692 0.319527
5.379991 0.319527
5.386290 0.321499
5.392589 0.323471
5.398889 0.323471
5.405188 0.325444
5.411487 0.325444
5.417786 0.327416
5.424085 0.331361
5.430385 0.333333
5.436684 0.333333
5.442983 0.333333
5.449282 0.335306
5.455581 0.335306
5.461881 0.335306
5.468180 0.337278
5.474479 0.337278
5.480778 0.337278
5.487077 0.337278
5.493376 0.337278
5.499676 0.337278
5.505975 0.337278
5.512274 0.337278
5.518573 0.339250
5.524872 0.339250
5.531172 0.339250
5.537471 0.341223
5.543770 0.343195
5.550069 0.345168
5.556368 0.347140
5.562668 0.347140
5.568967 0.349112
5.575266 0.349112
5.581565 0.349112
5.587864 0.349112
5.594164 0.349112
5.600463 0.349112
5.606762 0.349112
5.613061 0.349112
5.619360 0.353057
5.625659 0.355030
5.631959 0.355030
5.638258 0.358974
5.644557 0.360947
5.650856 0.360947
5.657155 0.362919
5.663455 0.362919
5.669754 0.362919
5.676053 0.366864
5.682352 0.366864
5.688651 0.368836
5.694951 0.368836
5.701250 0.368836
5.707549 0.368836
5.713848 0.368836
5.720147 0.368836
5.726447 0.370809
5.732746 0.372781
5.739045 0.374753
5.745344 0.378698
5.751643 0.380671
5.757942 0.380671
5.764242 0.380671
5.770541 0.380671
5.776840 0.382643
5.783139 0.382643
5.789438 0.384615
5.795738 0.386588
5.802037 0.386588
5.808336 0.388560
5.814635 0.392505
5.820934 0.394477
5.827234 0.396450
5.833533 0.396450
5.839832 0.396450
5.846131 0.400394
5.852430 0.400394
5.858730 0.400394
5.865029 0.402367
5.871328 0.402367
5.877627 0.402367
5.883926 0.404339
5.890225 0.404339
5.896525 0.404339
5.902824 0.406312
5.909123 0.406312
5.915422 0.410256
5.921721 0.412229
5.928021 0.412229
5.934320 0.414201
5.940619 0.414201
5.946918 0.416174
5.953217 0.416174
5.959517 0.420118
5.965816 0.422091
5.972115 0.422091
5.978414 0.424063
5.984713 0.428008
5.991013 0.431953
5.997312 0.431953
6.003611 0.431953
6.009910 0.431953
6.016209 0.431953
6.022508 0.431953
6.028808 0.431953
6.035107 0.435897
6.041406 0.435897
6.047705 0.437870
6.054004 0.439842
6.060304 0.443787
6.066603 0.447732
6.072902 0.447732
6.079201 0.447732
6.085500 0.449704
6.091800 0.453649
6.098099 0.457594
6.104398 0.459566
6.110697 0.461538
6.116996 0.461538
6.123296 0.461538
6.129595 0.461538
6.135894 0.465483
6.142193 0.465483
6.148492 0.469428
6.154791 0.471400
6.161091 0.471400
6.167390 0.475345
6.173689 0.479290
6.179988 0.479290
6.186287 0.479290
6.192587 0.481262
6.198886 0.481262
6.205185 0.481262
6.211484 0.481262
6.217783 0.483235
6.224083 0.487179
6.230382 0.487179
6.236681 0.487179
6.242980 0.487179
6.249279 0.487179
6.255579 0.489152
6.261878 0.489152
6.268177 0.489152
6.274476 0.489152
6.280775 0.489152
6.287074 0.491124
6.293374 0.491124
6.299673 0.493097
6.305972 0.493097
6.312271 0.493097
6.318570 0.495069
6.324870 0.495069
6.331169 0.497041
6.337468 0.497041
6.343767 0.497041
6.350066 0.497041
6.356366 0.497041
6.362665 0.500986
6.368964 0.500986
6.375263 0.502959
6.381562 0.502959
6.387862 0.504931
6.394161 0.504931
6.400460 0.506903
6.406759 0.506903
6.413058 0.506903
6.419357 0.506903
6.425657 0.506903
6.431956 0.510848
6.438255 0.512821
6.444554 0.512821
6.450853 0.514793
6.457153 0.514793
6.463452 0.514793
6.469751 0.514793
6.476050 0.516765
6.482349 0.516765
6.488649 0.516765
6.494948 0.518738
6.501247 0.518738
6.507546 0.518738
6.513845 0.522682
6.520145 0.524655
6.526444 0.524655
6.532743 0.524655
6.539042 0.526627
6.545341 0.528600
6.551640 0.530572
6.557940 0.534517
6.564239 0.534517
6.570538 0.534517
6.576837 0.534517
6.583136 0.536489
6.589436 0.536489
6.595735 0.540434
6.602034 0.544379
6.608333 0.546351
6.614632 0.546351
6.620932 0.548323
6.627231 0.548323
6.633530 0.548323
6.639829 0.548323
6.646128 0.548323
6.652428 0.548323
6.658727 0.548323
6.665026 0.552268
6.671325 0.552268
6.677624 0.552268
6.683923 0.552268
6.690223 0.552268
6.696522 0.556213
6.702821 0.556213
6.709120 0.556213
6.715419 0.558185
6.721719 0.560158
6.728018 0.564103
6.734317 0.564103
6.740616 0.568047
6.746915 0.568047
6.753215 0.568047
6.759514 0.570020
6.765813 0.570020
6.772112 0.571992
6.778411 0.571992
6.784711 0.571992
6.791010 0.571992
6.797309 0.577909
6.803608 0.577909
6.809907 0.577909
6.816206 0.579882
6.822506 0.581854
6.828805 0.581854
6.835104 0.581854
6.841403 0.585799
6.847702 0.587771
6.854002 0.587771
6.860301 0.587771
6.866600 0.587771
6.872899 0.589744
6.879198 0.589744
6.885498 0.589744
6.891797 0.589744
6.898096 0.591716
6.904395 0.593688
6.910694 0.593688
6.916994 0.593688
6.923293 0.593688
6.929592 0.593688
6.935891 0.593688
6.942190 0.595661
6.948489 0.595661
6.954789 0.595661
6.961088 0.595661
6.967387 0.595661
6.973686 0.595661
6.979985 0.597633
6.986285 0.597633
6.992584 0.601578
6.998883 0.601578
7.005182 0.603550
7.011481 0.603550
7.017781 0.605523
7.024080 0.607495
7.030379 0.609467
7.036678 0.609467
7.042977 0.611440
7.049277 0.613412
7.055576 0.613412
7.061875 0.615385
7.068174 0.615385
7.074473 0.615385
7.080772 0.615385
7.087072 0.615385
7.093371 0.617357
7.099670 0.617357
7.105969 0.619329
7.112268 0.619329
7.118568 0.619329
7.124867 0.621302
7.131166 0.621302
7.137465 0.621302
7.143764 0.623274
7.150064 0.623274
7.156363 0.623274
7.162662 0.623274
7.168961 0.623274
7.175260 0.623274
7.181560 0.625247
7.187859 0.625247
7.194158 0.627219
7.200457 0.627219
7.206756 0.629191
7.213055 0.629191
7.219355 0.629191
7.225654 0.629191
7.231953 0.635108
7.238252 0.635108
7.244551 0.635108
7.250851 0.635108
7.257150 0.635108
7.263449 0.635108
7.269748 0.637081
7.276047 0.637081
7.282347 0.639053
7.288646 0.639053
7.294945 0.639053
7.301244 0.639053
7.307543 0.639053
7.313842 0.639053
7.320142 0.641026
7.326441 0.641026
7.332740 0.641026
7.339039 0.641026
7.345338 0.641026
7.351638 0.642998
7.357937 0.642998
7.364236 0.644970
7.370535 0.646943
7.376834 0.646943
7.383134 0.646943
7.389433 0.646943
7.395732 0.650888
7.402031 0.650888
7.408330 0.650888
7.414630 0.652860
7.420929 0.652860
7.427228 0.652860
7.433527 0.652860
7.439826 0.652860
7.446125 0.652860
7.452425 0.652860
7.458724 0.654832
7.465023 0.654832
7.471322 0.654832
7.477621 0.654832
7.483921 0.654832
7.490220 0.654832
7.496519 0.654832
7.502818 0.654832
7.509117 0.654832
7.515417 0.654832
7.521716 0.654832
7.528015 0.656805
7.534314 0.656805
7.540613 0.658777
7.546913 0.660750
7.553212 0.664694
7.559511 0.664694
7.565810 0.664694
7.572109 0.664694
7.578408 0.664694
7.584708 0.664694
7.591007 0.666667
7.597306 0.666667
7.603605 0.666667
7.609904 0.666667
7.616204 0.666667
7.622503 0.668639
7.628802 0.670611
7.635101 0.670611
7.641400 0.670611
7.647700 0.670611
7.653999 0.670611
7.660298 0.672584
7.666597 0.672584
7.672896 0.672584
7.679196 0.674556
7.685495 0.676529
7.691794 0.678501
7.698093 0.678501
7.704392 0.678501
7.710691 0.678501
7.716991 0.680473
7.723290 0.682446
7.729589 0.682446
7.735888 0.684418
7.742187 0.684418
7.748487 0.684418
7.754786 0.684418
7.761085 0.684418
7.767384 0.684418
7.773683 0.684418
7.779983 0.684418
7.786282 0.684418
7.792581 0.684418
7.798880 0.684418
7.805179 0.684418
7.811479 0.686391
7.817778 0.686391
7.824077 0.686391
7.830376 0.686391
7.836675 0.686391
7.842974 0.686391
7.849274 0.686391
7.855573 0.688363
7.861872 0.688363
7.868171 0.688363
7.874470 0.688363
7.880770 0.688363
7.887069 0.688363
7.893368 0.688363
7.899667 0.688363
7.905966 0.688363
7.912266 0.688363
7.918565 0.688363
7.924864 0.688363
7.931163 0.690335
7.937462 0.690335
7.943762 0.690335
7.950061 0.690335
7.956360 0.690335
7.962659 0.690335
7.968958 0.690335
7.975257 0.690335
7.981557 0.690335
7.987856 0.692308
7.994155 0.692308
