2.352931 0.001972
2.354990 0.001972
2.357049 0.001972
2.359107 0.001972
2.361166 0.001972
2.363225 0.001972
2.365284 0.001972
2.367343 0.001972
2.369402 0.001972
2.371460 0.001972
2.373519 0.001972
2.375578 0.001972
2.377637 0.001972
2.379696 0.001972
2.381755 0.001972
2.383814 0.001972
2.385872 0.001972
2.387931 0.001972
2.389990 0.001972
2.392049 0.001972
2.394108 0.001972
2.396167 0.001972
2.398225 0.001972
2.400284 0.001972
2.402343 0.001972
2.404402 0.001972
2.406461 0.003945
2.408520 0.003945
2.410579 0.003945
2.412637 0.003945
2.414696 0.003945
2.416755 0.003945
2.418814 0.003945
2.420873 0.003945
2.422932 0.003945
2.424990 0.003945
2.427049 0.003945
2.429108 0.003945
2.431167 0.003945
2.433226 0.003945
2.435285 0.003945
2.437344 0.003945
2.439402 0.003945
2.441461 0.003945
2.443520 0.003945
2.445579 0.003945
2.447638 0.003945
2.449697 0.003945
2.451755 0.003945
2.453814 0.003945
2.455873 0.003945
2.457932 0.003945
2.459991 0.003945
2.462050 0.003945
2.464109 0.003945
2.466167 0.003945
2.468226 0.003945
2.470285 0.003945
2.472344 0.003945
2.474403 0.003945
2.476462 0.003945
2.478520 0.003945
2.480579 0.003945
2.482638 0.003945
2.484697 0.003945
2.486756 0.003945
2.488815 0.003945
2.490874 0.003945
2.492932 0.003945
2.494991 0.003945
2.497050 0.003945
2.499109 0.003945
2.501168 0.003945
2.503227 0.003945
2.505286 0.003945
2.507344 0.003945
2.509403 0.003945
2.511462 0.005917
2.513521 0.005917
2.515580 0.005917
2.517639 0.005917
2.519697 0.005917
2.521756 0.005917
2.523815 0.005917
2.525874 0.005917
2.527933 0.005917
2.529992 0.005917
2.532051 0.005917
2.534109 0.005917
2.536168 0.005917
2.538227 0.005917
2.540286 0.005917
2.542345 0.007890
2.544404 0.007890
2.546462 0.007890
2.548521 0.007890
2.550580 0.007890
2.552639 0.007890
2.554698 0.007890
2.556757 0.007890
2.558816 0.007890
2.560874 0.007890
2.562933 0.007890
2.564992 0.007890
2.567051 0.007890
2.569110 0.007890
2.571169 0.007890
2.573227 0.007890
2.575286 0.007890
2.577345 0.007890
2.579404 0.007890
2.581463 0.007890
2.583522 0.007890
2.585581 0.007890
2.587639 0.007890
2.589698 0.007890
2.591757 0.007890
2.593816 0.007890
2.595875 0.007890
2.597934 0.007890
2.599992 0.007890
2.602051 0.009862
2.604110 0.009862
2.606169 0.009862
2.608228 0.009862
2.610287 0.011834
2.612346 0.011834
2.614404 0.011834
2.616463 0.011834
2.618522 0.011834
2.620581 0.011834
2.622640 0.011834
2.624699 0.011834
2.626757 0.011834
2.628816 0.011834
2.630875 0.011834
2.632934 0.011834
2.634993 0.011834
2.637052 0.011834
2.639111 0.011834
2.641169 0.011834
2.643228 0.011834
2.645287 0.011834
2.647346 0.011834
2.649405 0.011834
2.651464 0.013807
2.653522 0.013807
2.655581 0.013807
2.657640 0.013807
2.659699 0.013807
2.661758 0.015779
2.663817 0.015779
2.665876 0.015779
2.667934 0.015779
2.669993 0.015779
2.672052 0.015779
2.674111 0.015779
2.676170 0.015779
2.678229 0.015779
2.680287 0.015779
2.682346 0.015779
2.684405 0.015779
2.686464 0.015779
2.688523 0.015779
2.690582 0.015779
2.692641 0.015779
2.694699 0.015779
2.696758 0.015779
2.698817 0.015779
2.700876 0.015779
2.702935 0.015779
2.704994 0.015779
2.707053 0.015779
2.709111 0.015779
2.711170 0.015779
2.713229 0.015779
2.715288 0.015779
2.717347 0.017751
2.719406 0.017751
2.721464 0.017751
2.723523 0.019724
2.725582 0.019724
2.727641 0.019724
2.729700 0.019724
2.731759 0.019724
2.733818 0.019724
2.735876 0.019724
2.737935 0.021696
2.739994 0.021696
2.742053 0.021696
2.744112 0.023669
2.746171 0.023669
2.748229 0.023669
2.750288 0.023669
2.752347 0.023669
2.754406 0.023669
2.756465 0.023669
2.758524 0.023669
2.760583 0.023669
2.762641 0.023669
2.764700 0.023669
2.766759 0.023669
2.768818 0.023669
2.770877 0.023669
2.772936 0.023669
2.774994 0.023669
2.777053 0.023669
2.779112 0.023669
2.781171 0.023669
2.783230 0.023669
2.785289 0.025641
2.787348 0.025641
2.789406 0.025641
2.791465 0.027613
2.793524 0.027613
2.795583 0.027613
2.797642 0.027613
2.799701 0.027613
2.801759 0.027613
2.803818 0.027613
2.805877 0.027613
2.807936 0.027613
2.809995 0.027613
2.812054 0.029586
2.814113 0.029586
2.816171 0.029586
2.818230 0.029586
2.820289 0.029586
2.822348 0.029586
2.824407 0.029586
2.826466 0.029586
2.828524 0.029586
2.830583 0.029586
2.832642 0.029586
2.834701 0.031558
2.836760 0.031558
2.838819 0.033531
2.840878 0.033531
2.842936 0.033531
2.844995 0.035503
2.847054 0.035503
2.849113 0.035503
2.851172 0.035503
2.853231 0.035503
2.855289 0.035503
2.857348 0.035503
2.859407 0.035503
2.861466 0.035503
2.863525 0.035503
2.865584 0.035503
2.867643 0.035503
2.869701 0.035503
2.871760 0.035503
2.873819 0.035503
2.875878 0.035503
2.877937 0.035503
2.879996 0.035503
2.882055 0.035503
2.884113 0.035503
2.886172 0.035503
2.888231 0.035503
2.890290 0.035503
2.892349 0.037475
2.894408 0.039448
2.896466 0.039448
2.898525 0.039448
2.900584 0.039448
2.902643 0.039448
2.904702 0.039448
2.906761 0.039448
2.908820 0.039448
2.910878 0.039448
2.912937 0.039448
2.914996 0.039448
2.917055 0.039448
2.919114 0.039448
2.921173 0.039448
2.923231 0.039448
2.925290 0.039448
2.927349 0.039448
2.929408 0.039448
2.931467 0.039448
2.933526 0.039448
2.935585 0.039448
2.937643 0.039448
2.939702 0.039448
2.941761 0.039448
2.943820 0.041420
2.945879 0.045365
2.947938 0.045365
2.949996 0.045365
2.952055 0.045365
2.954114 0.045365
2.956173 0.045365
2.958232 0.045365
2.960291 0.045365
2.962350 0.047337
2.964408 0.047337
2.966467 0.047337
2.968526 0.047337
2.970585 0.047337
2.972644 0.047337
2.974703 0.047337
2.976761 0.047337
2.978820 0.047337
2.980879 0.047337
2.982938 0.047337
2.984997 0.049310
2.987056 0.049310
2.989115 0.053254
2.991173 0.053254
2.993232 0.053254
2.995291 0.053254
2.997350 0.053254
2.999409 0.053254
3.001468 0.055227
3.003526 0.059172
3.005585 0.059172
3.007644 0.061144
3.009703 0.061144
3.011762 0.061144
3.013821 0.061144
3.015880 0.061144
3.017938 0.063116
3.019997 0.063116
3.022056 0.063116
3.024115 0.063116
3.026174 0.063116
3.028233 0.063116
3.030291 0.063116
3.032350 0.063116
3.034409 0.063116
3.036468 0.063116
3.038527 0.065089
3.040586 0.065089
3.042645 0.065089
3.044703 0.065089
3.046762 0.065089
3.048821 0.069034
3.050880 0.069034
3.052939 0.069034
3.054998 0.072978
3.057056 0.072978
3.059115 0.072978
3.061174 0.072978
3.063233 0.072978
3.065292 0.072978
3.067351 0.072978
3.069410 0.072978
3.071468 0.072978
3.073527 0.074951
3.075586 0.074951
3.077645 0.074951
3.079704 0.074951
3.081763 0.074951
3.083822 0.076923
3.085880 0.076923
3.087939 0.078895
3.089998 0.080868
3.092057 0.080868
3.094116 0.080868
3.096175 0.082840
3.098233 0.082840
3.100292 0.082840
3.102351 0.082840
3.104410 0.084813
3.106469 0.084813
3.108528 0.084813
3.110587 0.084813
3.112645 0.084813
3.114704 0.084813
3.116763 0.084813
3.118822 0.084813
3.120881 0.084813
3.122940 0.084813
3.124998 0.084813
3.127057 0.084813
3.129116 0.084813
3.131175 0.084813
3.133234 0.084813
3.135293 0.084813
3.137352 0.084813
3.139410 0.086785
3.141469 0.086785
3.143528 0.086785
3.145587 0.086785
3.147646 0.086785
3.149705 0.086785
3.151763 0.086785
3.153822 0.086785
3.155881 0.086785
3.157940 0.088757
3.159999 0.088757
3.162058 0.088757
3.164117 0.088757
3.166175 0.088757
3.168234 0.088757
3.170293 0.088757
3.172352 0.088757
3.174411 0.088757
3.176470 0.088757
3.178528 0.088757
3.180587 0.088757
3.182646 0.088757
3.184705 0.088757
3.186764 0.088757
3.188823 0.090730
3.190882 0.090730
3.192940 0.090730
3.194999 0.090730
3.197058 0.090730
3.199117 0.090730
3.201176 0.090730
3.203235 0.090730
3.205293 0.090730
3.207352 0.090730
3.209411 0.090730
3.211470 0.090730
3.213529 0.090730
3.215588 0.090730
3.217647 0.090730
3.219705 0.090730
3.221764 0.090730
3.223823 0.090730
3.225882 0.090730
3.227941 0.090730
3.230000 0.090730
3.232058 0.090730
3.234117 0.090730
3.236176 0.090730
3.238235 0.090730
3.240294 0.090730
3.242353 0.090730
3.244412 0.092702
3.246470 0.092702
3.248529 0.092702
3.250588 0.094675
3.252647 0.096647
3.254706 0.096647
3.256765 0.096647
3.258824 0.096647
3.260882 0.096647
3.262941 0.096647
3.265000 0.098619
3.267059 0.098619
3.269118 0.098619
3.271177 0.098619
3.273235 0.098619
3.275294 0.098619
3.277353 0.100592
3.279412 0.100592
3.281471 0.100592
3.283530 0.100592
3.285589 0.100592
3.287647 0.100592
3.289706 0.100592
3.291765 0.100592
3.293824 0.100592
3.295883 0.100592
3.297942 0.100592
3.300000 0.100592
3.302059 0.102564
3.304118 0.102564
3.306177 0.102564
3.308236 0.102564
3.310295 0.102564
3.312354 0.102564
3.314412 0.102564
3.316471 0.102564
3.318530 0.102564
3.320589 0.104536
3.322648 0.104536
3.324707 0.104536
3.326765 0.104536
3.328824 0.104536
3.330883 0.104536
3.332942 0.104536
3.335001 0.104536
3.337060 0.106509
3.339119 0.106509
3.341177 0.106509
3.343236 0.106509
3.345295 0.106509
3.347354 0.108481
3.349413 0.108481
3.351472 0.108481
3.353530 0.108481
3.355589 0.108481
3.357648 0.108481
3.359707 0.108481
3.361766 0.108481
3.363825 0.108481
3.365884 0.108481
3.367942 0.108481
3.370001 0.108481
3.372060 0.108481
3.374119 0.110454
3.376178 0.110454
3.378237 0.110454
3.380295 0.110454
3.382354 0.112426
3.384413 0.112426
3.386472 0.112426
3.388531 0.112426
3.390590 0.112426
3.392649 0.112426
3.394707 0.112426
3.396766 0.112426
3.398825 0.112426
3.400884 0.114398
3.402943 0.114398
3.405002 0.114398
3.407060 0.114398
3.409119 0.114398
3.411178 0.114398
3.413237 0.114398
3.415296 0.116371
3.417355 0.118343
3.419414 0.118343
3.421472 0.118343
3.423531 0.118343
3.425590 0.122288
3.427649 0.122288
3.429708 0.122288
3.431767 0.122288
3.433825 0.122288
3.435884 0.122288
3.437943 0.122288
3.440002 0.122288
3.442061 0.122288
3.444120 0.122288
3.446179 0.122288
3.448237 0.124260
3.450296 0.124260
3.452355 0.126233
3.454414 0.126233
3.456473 0.126233
3.458532 0.126233
3.460591 0.126233
3.462649 0.128205
3.464708 0.128205
3.466767 0.132150
3.468826 0.132150
3.470885 0.132150
3.472944 0.132150
3.475002 0.132150
3.477061 0.132150
3.479120 0.134122
3.481179 0.134122
3.483238 0.134122
3.485297 0.134122
3.487356 0.136095
3.489414 0.136095
3.491473 0.136095
3.493532 0.136095
3.495591 0.138067
3.497650 0.140039
3.499709 0.142012
3.501767 0.142012
3.503826 0.142012
3.505885 0.142012
3.507944 0.143984
3.510003 0.143984
3.512062 0.143984
3.514121 0.143984
3.516179 0.143984
3.518238 0.143984
3.520297 0.145957
3.522356 0.145957
3.524415 0.145957
3.526474 0.145957
3.528532 0.145957
3.530591 0.145957
3.532650 0.145957
3.534709 0.147929
3.536768 0.149901
3.538827 0.153846
3.540886 0.153846
3.542944 0.155819
3.545003 0.155819
3.547062 0.157791
3.549121 0.157791
3.551180 0.157791
3.553239 0.159763
3.555297 0.159763
3.557356 0.159763
3.559415 0.159763
3.561474 0.159763
3.563533 0.159763
3.565592 0.159763
3.567651 0.159763
3.569709 0.159763
3.571768 0.159763
3.573827 0.159763
3.575886 0.159763
3.577945 0.159763
3.580004 0.159763
3.582062 0.159763
3.584121 0.159763
3.586180 0.159763
3.588239 0.159763
3.590298 0.159763
3.592357 0.159763
3.594416 0.159763
3.596474 0.159763
3.598533 0.159763
3.600592 0.159763
3.602651 0.159763
3.604710 0.161736
3.606769 0.161736
3.608827 0.161736
3.610886 0.161736
3.612945 0.161736
3.615004 0.161736
3.617063 0.163708
3.619122 0.165680
3.621181 0.169625
3.623239 0.169625
3.625298 0.169625
3.627357 0.169625
3.629416 0.169625
3.631475 0.169625
3.633534 0.169625
3.635592 0.171598
3.637651 0.173570
3.639710 0.173570
3.641769 0.175542
3.643828 0.175542
3.645887 0.175542
3.647946 0.177515
3.650004 0.177515
3.652063 0.179487
3.654122 0.179487
3.656181 0.179487
3.658240 0.179487
3.660299 0.181460
3.662358 0.181460
3.664416 0.183432
3.666475 0.183432
3.668534 0.183432
3.670593 0.183432
3.672652 0.183432
3.674711 0.183432
3.676769 0.185404
3.678828 0.187377
3.680887 0.187377
3.682946 0.187377
3.685005 0.187377
3.687064 0.187377
3.689123 0.189349
3.691181 0.189349
3.693240 0.189349
3.695299 0.189349
3.697358 0.189349
3.699417 0.191321
3.701476 0.191321
3.703534 0.191321
3.705593 0.191321
3.707652 0.191321
3.709711 0.193294
3.711770 0.193294
3.713829 0.193294
3.715888 0.193294
3.717946 0.195266
3.720005 0.195266
3.722064 0.195266
3.724123 0.195266
3.726182 0.195266
3.728241 0.195266
3.730299 0.195266
3.732358 0.199211
3.734417 0.201183
3.736476 0.201183
3.738535 0.201183
3.740594 0.203156
3.742653 0.203156
3.744711 0.203156
3.746770 0.203156
3.748829 0.203156
3.750888 0.203156
3.752947 0.205128
3.755006 0.207101
3.757064 0.207101
3.759123 0.209073
3.761182 0.209073
3.763241 0.209073
3.765300 0.214990
3.767359 0.214990
3.769418 0.216963
3.771476 0.216963
3.773535 0.216963
3.775594 0.216963
3.777653 0.216963
3.779712 0.216963
3.781771 0.216963
3.783829 0.216963
3.785888 0.216963
3.787947 0.218935
3.790006 0.218935
3.792065 0.218935
3.794124 0.218935
3.796183 0.218935
3.798241 0.218935
3.800300 0.220907
3.802359 0.222880
3.804418 0.222880
3.806477 0.222880
3.808536 0.222880
3.810594 0.222880
3.812653 0.224852
3.814712 0.224852
3.816771 0.224852
3.818830 0.224852
3.820889 0.226824
3.822948 0.226824
3.825006 0.226824
3.827065 0.226824
3.829124 0.228797
3.831183 0.230769
3.833242 0.230769
3.835301 0.232742
3.837360 0.232742
3.839418 0.232742
3.841477 0.232742
3.843536 0.232742
3.845595 0.234714
3.847654 0.234714
3.849713 0.234714
3.851771 0.236686
3.853830 0.236686
3.855889 0.238659
3.857948 0.238659
3.860007 0.238659
3.862066 0.238659
3.864125 0.238659
3.866183 0.238659
3.868242 0.240631
3.870301 0.244576
3.872360 0.244576
3.874419 0.244576
3.876478 0.244576
3.878536 0.244576
3.880595 0.248521
3.882654 0.250493
3.884713 0.250493
3.886772 0.252465
3.888831 0.254438
3.890890 0.256410
3.892948 0.256410
3.895007 0.258383
3.897066 0.258383
3.899125 0.260355
3.901184 0.260355
3.903243 0.262327
3.905301 0.262327
3.907360 0.266272
3.909419 0.266272
3.911478 0.266272
3.913537 0.266272
3.915596 0.266272
3.917655 0.266272
3.919713 0.268245
3.921772 0.268245
3.923831 0.268245
3.925890 0.270217
3.927949 0.272189
3.930008 0.274162
3.932066 0.274162
3.934125 0.274162
3.936184 0.276134
3.938243 0.276134
3.940302 0.278107
3.942361 0.280079
3.944420 0.282051
3.946478 0.282051
3.948537 0.282051
3.950596 0.282051
3.952655 0.282051
3.954714 0.285996
3.956773 0.285996
3.958831 0.285996
3.960890 0.285996
3.962949 0.287968
3.965008 0.287968
3.967067 0.287968
3.969126 0.287968
3.971185 0.289941
3.973243 0.291913
3.975302 0.293886
3.977361 0.293886
3.979420 0.293886
3.981479 0.295858
3.983538 0.295858
3.985596 0.295858
3.987655 0.295858
3.989714 0.297830
3.991773 0.297830
3.993832 0.297830
3.995891 0.297830
3.997950 0.297830
4.000008 0.297830
4.002067 0.299803
4.004126 0.299803
4.006185 0.301775
4.008244 0.303748
4.010303 0.303748
4.012361 0.303748
4.014420 0.305720
4.016479 0.305720
4.018538 0.305720
4.020597 0.305720
4.022656 0.305720
4.024715 0.307692
4.026773 0.307692
4.028832 0.309665
4.030891 0.309665
4.032950 0.311637
4.035009 0.311637
4.037068 0.313609
4.039127 0.315582
4.041185 0.315582
4.043244 0.315582
4.045303 0.315582
4.047362 0.317554
4.049421 0.317554
4.051480 0.317554
4.053538 0.319527
4.055597 0.319527
4.057656 0.319527
4.059715 0.321499
4.061774 0.321499
4.063833 0.321499
4.065892 0.321499
4.067950 0.321499
4.070009 0.321499
4.072068 0.321499
4.074127 0.321499
4.076186 0.323471
4.078245 0.325444
4.080303 0.327416
4.082362 0.329389
4.084421 0.329389
4.086480 0.329389
4.088539 0.333333
4.090598 0.333333
4.092657 0.335306
4.094715 0.335306
4.096774 0.335306
4.098833 0.337278
4.100892 0.337278
4.102951 0.337278
4.105010 0.339250
4.107068 0.341223
4.109127 0.343195
4.111186 0.345168
4.113245 0.345168
4.115304 0.345168
4.117363 0.345168
4.119422 0.345168
4.121480 0.345168
4.123539 0.345168
4.125598 0.345168
4.127657 0.345168
4.129716 0.345168
4.131775 0.345168
4.133833 0.345168
4.135892 0.347140
4.137951 0.349112
4.140010 0.349112
4.142069 0.349112
4.144128 0.351085
4.146187 0.351085
4.148245 0.351085
4.150304 0.351085
4.152363 0.351085
4.154422 0.351085
4.156481 0.351085
4.158540 0.351085
4.160598 0.355030
4.162657 0.355030
4.164716 0.357002
4.166775 0.357002
4.168834 0.358974
4.170893 0.358974
4.172952 0.358974
4.175010 0.360947
4.177069 0.360947
4.179128 0.362919
4.181187 0.364892
4.183246 0.366864
4.185305 0.366864
4.187363 0.368836
4.189422 0.370809
4.191481 0.370809
4.193540 0.370809
4.195599 0.370809
4.197658 0.372781
4.199717 0.374753
4.201775 0.376726
4.203834 0.376726
4.205893 0.376726
4.207952 0.376726
4.210011 0.376726
4.212070 0.376726
4.214129 0.376726
4.216187 0.376726
4.218246 0.376726
4.220305 0.376726
4.222364 0.376726
4.224423 0.376726
4.226482 0.376726
4.228540 0.376726
4.230599 0.376726
4.232658 0.376726
4.234717 0.384615
4.236776 0.384615
4.238835 0.384615
4.240894 0.384615
4.242952 0.384615
4.245011 0.388560
4.247070 0.388560
4.249129 0.390533
4.251188 0.392505
4.253247 0.392505
4.255305 0.394477
4.257364 0.394477
4.259423 0.396450
4.261482 0.398422
4.263541 0.398422
4.265600 0.398422
4.267659 0.398422
4.269717 0.398422
4.271776 0.404339
4.273835 0.406312
4.275894 0.408284
4.277953 0.410256
4.280012 0.412229
4.282070 0.412229
4.284129 0.412229
4.286188 0.412229
4.288247 0.416174
4.290306 0.416174
4.292365 0.416174
4.294424 0.418146
4.296482 0.418146
4.298541 0.422091
4.300600 0.422091
4.302659 0.422091
4.304718 0.424063
4.306777 0.424063
4.308835 0.424063
4.310894 0.424063
4.312953 0.426036
4.315012 0.426036
4.317071 0.426036
4.319130 0.426036
4.321189 0.426036
4.323247 0.426036
4.325306 0.426036
4.327365 0.428008
4.329424 0.429980
4.331483 0.429980
4.333542 0.429980
4.335600 0.429980
4.337659 0.429980
4.339718 0.429980
4.341777 0.429980
4.343836 0.431953
4.345895 0.431953
4.347954 0.431953
4.350012 0.431953
4.352071 0.431953
4.354130 0.431953
4.356189 0.431953
4.358248 0.431953
4.360307 0.431953
4.362365 0.431953
4.364424 0.431953
4.366483 0.433925
4.368542 0.433925
4.370601 0.433925
4.372660 0.433925
4.374719 0.433925
4.376777 0.433925
4.378836 0.433925
4.380895 0.435897
4.382954 0.435897
4.385013 0.435897
4.387072 0.435897
4.389130 0.435897
4.391189 0.435897
4.393248 0.439842
4.395307 0.439842
4.397366 0.439842
4.399425 0.439842
4.401484 0.439842
4.403542 0.439842
4.405601 0.439842
4.407660 0.439842
4.409719 0.441815
4.411778 0.441815
4.413837 0.441815
4.415896 0.441815
4.417954 0.441815
4.420013 0.443787
4.422072 0.443787
4.424131 0.443787
4.426190 0.443787
4.428249 0.443787
4.430307 0.447732
4.432366 0.447732
4.434425 0.447732
4.436484 0.447732
4.438543 0.447732
4.440602 0.449704
4.442661 0.449704
4.444719 0.451677
4.446778 0.451677
4.448837 0.453649
4.450896 0.453649
4.452955 0.453649
4.455014 0.453649
4.457072 0.457594
4.459131 0.457594
4.461190 0.457594
4.463249 0.457594
4.465308 0.457594
4.467367 0.457594
4.469426 0.457594
4.471484 0.457594
4.473543 0.459566
4.475602 0.459566
4.477661 0.459566
4.479720 0.459566
4.481779 0.461538
4.483837 0.461538
4.485896 0.465483
4.487955 0.467456
4.490014 0.469428
4.492073 0.469428
4.494132 0.469428
4.496191 0.469428
4.498249 0.471400
4.500308 0.471400
4.502367 0.471400
4.504426 0.471400
4.506485 0.471400
4.508544 0.471400
4.510602 0.473373
4.512661 0.473373
4.514720 0.473373
4.516779 0.473373
4.518838 0.475345
4.520897 0.475345
4.522956 0.477318
4.525014 0.477318
4.527073 0.477318
4.529132 0.477318
4.531191 0.481262
4.533250 0.481262
4.535309 0.481262
4.537367 0.481262
4.539426 0.481262
4.541485 0.483235
4.543544 0.487179
4.545603 0.487179
4.547662 0.489152
4.549721 0.493097
4.551779 0.495069
4.553838 0.495069
4.555897 0.495069
4.557956 0.495069
4.560015 0.497041
4.562074 0.497041
4.564132 0.497041
4.566191 0.497041
4.568250 0.499014
4.570309 0.499014
4.572368 0.499014
4.574427 0.499014
4.576486 0.499014
4.578544 0.499014
4.580603 0.499014
4.582662 0.499014
4.584721 0.499014
4.586780 0.499014
4.588839 0.499014
4.590898 0.499014
4.592956 0.500986
4.595015 0.500986
4.597074 0.500986
4.599133 0.500986
4.601192 0.500986
4.603251 0.500986
4.605309 0.502959
4.607368 0.502959
4.609427 0.504931
4.611486 0.506903
4.613545 0.506903
4.615604 0.506903
4.617663 0.506903
4.619721 0.506903
4.621780 0.508876
4.623839 0.508876
4.625898 0.508876
4.627957 0.508876
4.630016 0.508876
4.632074 0.508876
4.634133 0.508876
4.636192 0.508876
4.638251 0.508876
4.640310 0.508876
4.642369 0.508876
4.644428 0.508876
4.646486 0.508876
4.648545 0.512821
4.650604 0.512821
4.652663 0.512821
4.654722 0.512821
4.656781 0.512821
4.658839 0.512821
4.660898 0.512821
4.662957 0.514793
4.665016 0.514793
4.667075 0.518738
4.669134 0.518738
4.671193 0.518738
4.673251 0.518738
4.675310 0.518738
4.677369 0.520710
4.679428 0.520710
4.681487 0.520710
4.683546 0.520710
4.685604 0.520710
4.687663 0.522682
4.689722 0.522682
4.691781 0.522682
4.693840 0.522682
4.695899 0.522682
4.697958 0.522682
4.700016 0.522682
4.702075 0.524655
4.704134 0.524655
4.706193 0.524655
4.708252 0.524655
4.710311 0.528600
4.712369 0.528600
4.714428 0.528600
4.716487 0.528600
4.718546 0.528600
4.720605 0.528600
4.722664 0.528600
4.724723 0.530572
4.726781 0.530572
4.728840 0.530572
4.730899 0.530572
4.732958 0.530572
4.735017 0.530572
4.737076 0.530572
4.739134 0.530572
4.741193 0.532544
4.743252 0.532544
4.745311 0.532544
4.747370 0.534517
4.749429 0.536489
4.751488 0.536489
4.753546 0.538462
4.755605 0.538462
4.757664 0.538462
4.759723 0.538462
4.761782 0.538462
4.763841 0.538462
4.765899 0.538462
4.767958 0.540434
4.770017 0.540434
4.772076 0.542406
4.774135 0.542406
4.776194 0.542406
4.778253 0.544379
4.780311 0.544379
4.782370 0.548323
4.784429 0.548323
4.786488 0.548323
4.788547 0.548323
4.790606 0.550296
4.792665 0.552268
4.794723 0.552268
4.796782 0.552268
4.798841 0.552268
4.800900 0.552268
4.802959 0.552268
4.805018 0.554241
4.807076 0.554241
4.809135 0.554241
4.811194 0.554241
4.813253 0.556213
4.815312 0.556213
4.817371 0.556213
4.819430 0.556213
4.821488 0.556213
4.823547 0.556213
4.825606 0.556213
4.827665 0.558185
4.829724 0.562130
4.831783 0.562130
4.833841 0.562130
4.835900 0.562130
4.837959 0.562130
4.840018 0.562130
4.842077 0.562130
4.844136 0.562130
4.846195 0.562130
4.848253 0.562130
4.850312 0.562130
4.852371 0.564103
4.854430 0.566075
4.856489 0.566075
4.858548 0.566075
4.860606 0.566075
4.862665 0.568047
4.864724 0.568047
4.866783 0.568047
4.868842 0.568047
4.870901 0.570020
4.872960 0.571992
4.875018 0.573964
4.877077 0.575937
4.879136 0.575937
4.881195 0.575937
4.883254 0.575937
4.885313 0.575937
4.887371 0.575937
4.889430 0.575937
4.891489 0.575937
4.893548 0.575937
4.895607 0.575937
4.897666 0.575937
4.899725 0.575937
4.901783 0.577909
4.903842 0.579882
4.905901 0.579882
4.907960 0.583826
4.910019 0.585799
4.912078 0.587771
4.914136 0.587771
4.916195 0.587771
4.918254 0.587771
4.920313 0.587771
4.922372 0.587771
4.924431 0.587771
4.926490 0.589744
4.928548 0.591716
4.930607 0.591716
4.932666 0.591716
4.934725 0.591716
4.936784 0.591716
4.938843 0.591716
4.940901 0.591716
4.942960 0.591716
4.945019 0.591716
4.947078 0.591716
4.949137 0.591716
4.951196 0.591716
4.953255 0.591716
4.955313 0.591716
4.957372 0.591716
4.959431 0.593688
4.961490 0.595661
4.963549 0.595661
4.965608 0.595661
4.967667 0.597633
4.969725 0.597633
4.971784 0.599606
4.973843 0.599606
4.975902 0.599606
4.977961 0.601578
4.980020 0.601578
4.982078 0.601578
4.984137 0.601578
4.986196 0.601578
4.988255 0.601578
4.990314 0.601578
4.992373 0.603550
4.994432 0.603550
4.996490 0.605523
4.998549 0.605523
5.000608 0.605523
5.002667 0.605523
5.004726 0.605523
5.006785 0.605523
5.008843 0.605523
5.010902 0.607495
5.012961 0.607495
5.015020 0.607495
5.017079 0.607495
5.019138 0.607495
5.021197 0.607495
5.023255 0.609467
5.025314 0.609467
5.027373 0.609467
5.029432 0.611440
5.031491 0.611440
5.033550 0.611440
5.035608 0.615385
5.037667 0.615385
5.039726 0.615385
5.041785 0.617357
5.043844 0.617357
5.045903 0.617357
5.047962 0.617357
5.050020 0.617357
5.052079 0.617357
5.054138 0.619329
5.056197 0.619329
5.058256 0.619329
5.060315 0.621302
5.062373 0.623274
5.064432 0.623274
5.066491 0.623274
5.068550 0.623274
5.070609 0.623274
5.072668 0.625247
5.074727 0.627219
5.076785 0.627219
5.078844 0.627219
5.080903 0.629191
5.082962 0.629191
5.085021 0.629191
5.087080 0.631164
5.089138 0.631164
5.091197 0.631164
5.093256 0.631164
5.095315 0.631164
5.097374 0.633136
5.099433 0.633136
5.101492 0.633136
5.103550 0.633136
5.105609 0.635108
5.107668 0.639053
5.109727 0.639053
5.111786 0.641026
5.113845 0.642998
5.115903 0.642998
5.117962 0.642998
5.120021 0.642998
5.122080 0.644970
5.124139 0.644970
5.126198 0.644970
5.128257 0.644970
5.130315 0.646943
5.132374 0.646943
5.134433 0.646943
5.136492 0.646943
5.138551 0.646943
5.140610 0.648915
5.142668 0.648915
5.144727 0.648915
5.146786 0.648915
5.148845 0.648915
5.150904 0.648915
5.152963 0.648915
5.155022 0.648915
5.157080 0.648915
5.159139 0.648915
5.161198 0.648915
5.163257 0.648915
5.165316 0.648915
5.167375 0.648915
5.169434 0.648915
5.171492 0.648915
5.173551 0.648915
5.175610 0.648915
5.177669 0.648915
5.179728 0.648915
5.181787 0.648915
5.183845 0.648915
5.185904 0.648915
5.187963 0.648915
5.190022 0.648915
5.192081 0.648915
5.194140 0.648915
5.196199 0.648915
5.198257 0.648915
5.200316 0.648915
5.202375 0.648915
5.204434 0.648915
5.206493 0.648915
5.208552 0.648915
5.210610 0.650888
5.212669 0.650888
5.214728 0.650888
5.216787 0.650888
5.218846 0.650888
5.220905 0.650888
5.222964 0.650888
5.225022 0.650888
5.227081 0.650888
5.229140 0.650888
5.231199 0.650888
5.233258 0.652860
5.235317 0.652860
5.237375 0.652860
5.239434 0.652860
5.241493 0.652860
5.243552 0.652860
5.245611 0.654832
5.247670 0.654832
5.249729 0.654832
5.251787 0.654832
5.253846 0.654832
5.255905 0.656805
5.257964 0.656805
5.260023 0.658777
5.262082 0.658777
5.264140 0.658777
5.266199 0.658777
5.268258 0.660750
5.270317 0.660750
5.272376 0.660750
5.274435 0.660750
5.276494 0.660750
5.278552 0.664694
5.280611 0.664694
5.282670 0.664694
5.284729 0.666667
5.286788 0.666667
5.288847 0.666667
5.290905 0.666667
5.292964 0.666667
5.295023 0.666667
5.297082 0.666667
5.299141 0.666667
5.301200 0.666667
5.303259 0.666667
5.305317 0.666667
5.307376 0.666667
5.309435 0.666667
5.311494 0.666667
5.313553 0.668639
5.315612 0.668639
5.317670 0.670611
5.319729 0.670611
5.321788 0.672584
5.323847 0.672584
5.325906 0.672584
5.327965 0.674556
5.330024 0.674556
5.332082 0.674556
5.334141 0.674556
5.336200 0.674556
5.338259 0.674556
5.340318 0.674556
5.342377 0.676529
5.344435 0.676529
5.346494 0.676529
5.348553 0.676529
5.350612 0.678501
5.352671 0.678501
5.354730 0.680473
5.356789 0.680473
5.358847 0.680473
5.360906 0.680473
5.362965 0.680473
5.365024 0.680473
5.367083 0.680473
5.369142 0.682446
5.371201 0.682446
5.373259 0.682446
5.375318 0.682446
5.377377 0.682446
5.379436 0.682446
5.381495 0.682446
5.383554 0.682446
5.385612 0.682446
5.387671 0.682446
5.389730 0.682446
5.391789 0.682446
5.393848 0.682446
5.395907 0.684418
5.397966 0.686391
5.400024 0.686391
5.402083 0.686391
5.404142 0.686391
5.406201 0.688363
5.408260 0.688363
5.410319 0.688363
5.412377 0.688363
5.414436 0.688363
5.416495 0.688363
5.418554 0.690335
5.420613 0.690335
5.422672 0.690335
5.424731 0.690335
5.426789 0.690335
5.428848 0.690335
5.430907 0.690335
5.432966 0.690335
5.435025 0.690335
5.437084 0.692308
5.439142 0.692308
5.441201 0.694280
5.443260 0.694280
5.445319 0.694280
5.447378 0.696252
5.449437 0.696252
5.451496 0.698225
5.453554 0.698225
5.455613 0.698225
5.457672 0.698225
5.459731 0.698225
5.461790 0.698225
5.463849 0.698225
5.465907 0.698225
5.467966 0.698225
5.470025 0.698225
5.472084 0.700197
5.474143 0.702170
5.476202 0.702170
5.478261 0.704142
5.480319 0.704142
5.482378 0.704142
5.484437 0.704142
5.486496 0.704142
5.488555 0.704142
5.490614 0.704142
5.492672 0.704142
5.494731 0.706114
5.496790 0.706114
5.498849 0.706114
5.500908 0.706114
5.502967 0.706114
5.505026 0.708087
5.507084 0.708087
5.509143 0.708087
5.511202 0.708087
5.513261 0.710059
5.515320 0.710059
5.517379 0.710059
5.519437 0.710059
5.521496 0.710059
5.523555 0.710059
5.525614 0.712032
5.527673 0.712032
5.529732 0.712032
5.531791 0.712032
5.533849 0.714004
5.535908 0.714004
5.537967 0.714004
5.540026 0.714004
5.542085 0.715976
5.544144 0.717949
5.546203 0.717949
5.548261 0.717949
5.550320 0.721893
5.552379 0.723866
5.554438 0.723866
5.556497 0.727811
5.558556 0.727811
5.560614 0.727811
5.562673 0.727811
5.564732 0.727811
5.566791 0.729783
5.568850 0.729783
5.570909 0.729783
5.572968 0.729783
5.575026 0.729783
5.577085 0.731755
5.579144 0.731755
5.581203 0.733728
5.583262 0.733728
5.585321 0.733728
5.587379 0.733728
5.589438 0.733728
5.591497 0.735700
5.593556 0.735700
5.595615 0.735700
5.597674 0.735700
5.599733 0.737673
5.601791 0.739645
5.603850 0.739645
5.605909 0.739645
5.607968 0.741617
5.610027 0.741617
5.612086 0.741617
5.614144 0.741617
5.616203 0.741617
5.618262 0.741617
5.620321 0.741617
5.622380 0.741617
5.624439 0.741617
5.626498 0.741617
5.628556 0.745562
5.630615 0.745562
5.632674 0.745562
5.634733 0.745562
5.636792 0.745562
5.638851 0.745562
5.640909 0.745562
5.642968 0.747535
5.645027 0.747535
5.647086 0.747535
5.649145 0.747535
5.651204 0.747535
5.653263 0.747535
5.655321 0.747535
5.657380 0.747535
5.659439 0.747535
5.661498 0.749507
5.663557 0.749507
5.665616 0.749507
5.667674 0.749507
5.669733 0.749507
5.671792 0.749507
5.673851 0.749507
5.675910 0.749507
5.677969 0.751479
5.680028 0.751479
5.682086 0.751479
5.684145 0.751479
5.686204 0.751479
5.688263 0.751479
5.690322 0.751479
5.692381 0.751479
5.694439 0.751479
5.696498 0.751479
5.698557 0.751479
5.700616 0.751479
5.702675 0.753452
5.704734 0.753452
5.706793 0.753452
5.708851 0.753452
5.710910 0.753452
5.712969 0.753452
5.715028 0.753452
5.717087 0.753452
5.719146 0.753452
5.721204 0.755424
5.723263 0.755424
5.725322 0.755424
5.727381 0.755424
5.729440 0.755424
5.731499 0.755424
5.733558 0.755424
5.735616 0.759369
5.737675 0.759369
5.739734 0.759369
5.741793 0.759369
5.743852 0.759369
5.745911 0.759369
5.747970 0.759369
5.750028 0.761341
5.752087 0.761341
5.754146 0.761341
5.756205 0.761341
5.758264 0.761341
5.760323 0.761341
5.762381 0.761341
5.764440 0.761341
5.766499 0.761341
5.768558 0.761341
5.770617 0.761341
5.772676 0.761341
5.774735 0.761341
5.776793 0.761341
5.778852 0.763314
5.780911 0.765286
5.782970 0.765286
5.785029 0.767258
5.787088 0.767258
5.789146 0.767258
5.791205 0.767258
5.793264 0.769231
5.795323 0.769231
5.797382 0.769231
5.799441 0.769231
5.801500 0.769231
5.803558 0.769231
5.805617 0.769231
5.807676 0.769231
5.809735 0.769231
5.811794 0.769231
5.813853 0.769231
5.815911 0.771203
5.817970 0.771203
5.820029 0.771203
5.822088 0.771203
5.824147 0.771203
5.826206 0.771203
5.828265 0.771203
5.830323 0.771203
5.832382 0.771203
5.834441 0.771203
5.836500 0.771203
5.838559 0.771203
5.840618 0.771203
5.842676 0.771203
5.844735 0.771203
5.846794 0.773176
5.848853 0.773176
5.850912 0.773176
5.852971 0.773176
5.855030 0.773176
5.857088 0.773176
5.859147 0.773176
5.861206 0.773176
5.863265 0.773176
5.865324 0.773176
5.867383 0.773176
5.869441 0.773176
5.871500 0.773176
5.873559 0.773176
5.875618 0.775148
5.877677 0.775148
5.879736 0.775148
5.881795 0.777120
5.883853 0.779093
5.885912 0.779093
5.887971 0.779093
5.890030 0.779093
5.892089 0.779093
5.894148 0.779093
5.896206 0.779093
5.898265 0.779093
5.900324 0.779093
5.902383 0.779093
5.904442 0.779093
5.906501 0.781065
5.908560 0.781065
5.910618 0.781065
5.912677 0.783037
5.914736 0.783037
5.916795 0.783037
5.918854 0.783037
5.920913 0.783037
5.922972 0.785010
5.925030 0.785010
5.927089 0.785010
5.929148 0.785010
5.931207 0.785010
5.933266 0.786982
5.935325 0.788955
5.937383 0.788955
5.939442 0.788955
5.941501 0.788955
5.943560 0.788955
5.945619 0.788955
5.947678 0.788955
5.949737 0.788955
5.951795 0.788955
5.953854 0.790927
5.955913 0.790927
5.957972 0.790927
5.960031 0.790927
5.962090 0.790927
5.964148 0.790927
5.966207 0.790927
5.968266 0.790927
5.970325 0.790927
5.972384 0.790927
5.974443 0.790927
5.976502 0.790927
5.978560 0.790927
5.980619 0.790927
5.982678 0.790927
5.984737 0.790927
5.986796 0.792899
5.988855 0.792899
5.990913 0.792899
5.992972 0.792899
5.995031 0.792899
5.997090 0.794872
5.999149 0.794872
6.001208 0.794872
6.003267 0.794872
6.005325 0.794872
6.007384 0.794872
6.009443 0.794872
6.011502 0.794872
6.013561 0.794872
6.015620 0.794872
6.017678 0.794872
6.019737 0.794872
6.021796 0.794872
6.023855 0.794872
6.025914 0.794872
6.027973 0.794872
6.030032 0.794872
6.032090 0.794872
6.034149 0.794872
6.036208 0.796844
6.038267 0.796844
6.040326 0.798817
6.042385 0.798817
6.044443 0.798817
6.046502 0.798817
6.048561 0.798817
6.050620 0.798817
6.052679 0.798817
6.054738 0.798817
6.056797 0.798817
6.058855 0.798817
6.060914 0.798817
6.062973 0.798817
6.065032 0.798817
6.067091 0.798817
6.069150 0.798817
6.071208 0.798817
6.073267 0.798817
6.075326 0.798817
6.077385 0.800789
6.079444 0.800789
6.081503 0.800789
6.083562 0.800789
6.085620 0.800789
6.087679 0.800789
6.089738 0.800789
6.091797 0.800789
6.093856 0.800789
6.095915 0.800789
6.097973 0.800789
6.100032 0.800789
6.102091 0.800789
6.104150 0.800789
6.106209 0.800789
6.108268 0.802761
6.110327 0.802761
6.112385 0.802761
6.114444 0.802761
6.116503 0.802761
6.118562 0.802761
6.120621 0.802761
6.122680 0.802761
6.124739 0.802761
6.126797 0.802761
6.128856 0.802761
6.130915 0.802761
6.132974 0.802761
6.135033 0.802761
6.137092 0.802761
6.139150 0.802761
6.141209 0.804734
6.143268 0.804734
6.145327 0.804734
6.147386 0.804734
6.149445 0.804734
6.151504 0.806706
6.153562 0.806706
6.155621 0.806706
6.157680 0.806706
6.159739 0.808679
6.161798 0.808679
6.163857 0.808679
6.165915 0.808679
6.167974 0.808679
6.170033 0.808679
6.172092 0.808679
6.174151 0.808679
6.176210 0.808679
6.178269 0.808679
6.180327 0.808679
6.182386 0.808679
6.184445 0.808679
6.186504 0.810651
6.188563 0.810651
6.190622 0.810651
6.192680 0.810651
6.194739 0.810651
6.196798 0.810651
6.198857 0.810651
6.200916 0.810651
6.202975 0.810651
6.205034 0.810651
6.207092 0.810651
6.209151 0.810651
6.211210 0.810651
6.213269 0.810651
6.215328 0.810651
6.217387 0.810651
6.219445 0.810651
6.221504 0.810651
6.223563 0.810651
6.225622 0.810651
6.227681 0.810651
6.229740 0.810651
6.231799 0.810651
6.233857 0.810651
6.235916 0.812623
6.237975 0.812623
6.240034 0.812623
6.242093 0.812623
6.244152 0.814596
6.246210 0.814596
6.248269 0.814596
6.250328 0.814596
6.252387 0.814596
6.254446 0.814596
6.256505 0.814596
6.258564 0.814596
6.260622 0.814596
6.262681 0.814596
6.264740 0.814596
6.266799 0.814596
6.268858 0.814596
6.270917 0.814596
6.272975 0.814596
6.275034 0.814596
6.277093 0.814596
6.279152 0.814596
6.281211 0.814596
6.283270 0.814596
6.285329 0.814596
6.287387 0.814596
6.289446 0.814596
6.291505 0.816568
6.293564 0.816568
6.295623 0.816568
6.297682 0.816568
6.299741 0.816568
6.301799 0.818540
6.303858 0.818540
6.305917 0.820513
6.307976 0.820513
6.310035 0.820513
6.312094 0.820513
6.314152 0.822485
6.316211 0.822485
6.318270 0.822485
6.320329 0.824458
6.322388 0.824458
6.324447 0.824458
6.326506 0.828402
6.328564 0.828402
6.330623 0.828402
6.332682 0.828402
6.334741 0.828402
6.336800 0.828402
6.338859 0.828402
6.340917 0.828402
6.342976 0.828402
6.345035 0.828402
6.347094 0.828402
6.349153 0.828402
6.351212 0.828402
6.353271 0.828402
6.355329 0.828402
6.357388 0.828402
6.359447 0.828402
6.361506 0.828402
6.363565 0.828402
6.365624 0.828402
6.367682 0.830375
6.369741 0.830375
6.371800 0.830375
6.373859 0.830375
6.375918 0.830375
6.377977 0.830375
6.380036 0.830375
6.382094 0.830375
6.384153 0.830375
6.386212 0.830375
6.388271 0.830375
6.390330 0.830375
6.392389 0.830375
6.394447 0.830375
6.396506 0.830375
6.398565 0.830375
6.400624 0.830375
6.402683 0.830375
6.404742 0.830375
6.406801 0.830375
6.408859 0.830375
6.410918 0.830375
6.412977 0.830375
6.415036 0.830375
6.417095 0.830375
6.419154 0.830375
6.421212 0.832347
6.423271 0.832347
6.425330 0.832347
6.427389 0.832347
6.429448 0.832347
6.431507 0.832347
6.433566 0.832347
6.435624 0.832347
6.437683 0.832347
6.439742 0.832347
6.441801 0.832347
6.443860 0.832347
6.445919 0.832347
6.447977 0.832347
6.450036 0.832347
6.452095 0.832347
6.454154 0.832347
6.456213 0.832347
6.458272 0.832347
6.460331 0.832347
6.462389 0.832347
6.464448 0.834320
6.466507 0.834320
6.468566 0.834320
6.470625 0.834320
6.472684 0.834320
6.474742 0.834320
6.476801 0.834320
6.478860 0.834320
6.480919 0.834320
6.482978 0.834320
6.485037 0.834320
6.487096 0.834320
6.489154 0.834320
6.491213 0.834320
6.493272 0.834320
6.495331 0.834320
6.497390 0.836292
6.499449 0.836292
6.501508 0.838264
6.503566 0.838264
6.505625 0.838264
6.507684 0.838264
6.509743 0.838264
6.511802 0.838264
6.513861 0.838264
6.515919 0.838264
6.517978 0.838264
6.520037 0.838264
6.522096 0.838264
6.524155 0.838264
6.526214 0.838264
6.528273 0.838264
6.530331 0.838264
6.532390 0.838264
6.534449 0.840237
6.536508 0.840237
6.538567 0.840237
6.540626 0.840237
6.542684 0.840237
6.544743 0.840237
6.546802 0.840237
6.548861 0.840237
6.550920 0.840237
6.552979 0.840237
6.555038 0.840237
6.557096 0.840237
6.559155 0.840237
6.561214 0.840237
6.563273 0.840237
6.565332 0.840237
6.567391 0.842209
6.569449 0.842209
6.571508 0.842209
6.573567 0.842209
6.575626 0.844181
6.577685 0.844181
6.579744 0.844181
6.581803 0.844181
6.583861 0.844181
6.585920 0.844181
6.587979 0.844181
6.590038 0.844181
6.592097 0.844181
6.594156 0.844181
6.596214 0.844181
6.598273 0.846154
6.600332 0.846154
6.602391 0.846154
6.604450 0.846154
6.606509 0.846154
6.608568 0.846154
6.610626 0.846154
6.612685 0.846154
6.614744 0.846154
6.616803 0.846154
6.618862 0.848126
6.620921 0.848126
6.622979 0.848126
6.625038 0.848126
6.627097 0.848126
6.629156 0.852071
6.631215 0.852071
6.633274 0.852071
6.635333 0.854043
6.637391 0.854043
6.639450 0.854043
6.641509 0.854043
6.643568 0.856016
6.645627 0.856016
6.647686 0.856016
6.649744 0.856016
6.651803 0.857988
6.653862 0.857988
6.655921 0.857988
6.657980 0.857988
6.660039 0.857988
6.662098 0.857988
6.664156 0.857988
6.666215 0.857988
6.668274 0.857988
6.670333 0.857988
6.672392 0.857988
6.674451 0.857988
6.676509 0.857988
6.678568 0.857988
6.680627 0.857988
6.682686 0.857988
6.684745 0.857988
6.686804 0.857988
6.688863 0.857988
6.690921 0.857988
6.692980 0.857988
6.695039 0.857988
6.697098 0.857988
6.699157 0.857988
6.701216 0.857988
6.703275 0.857988
6.705333 0.859961
6.707392 0.859961
6.709451 0.859961
6.711510 0.859961
6.713569 0.859961
6.715628 0.859961
6.717686 0.859961
6.719745 0.859961
6.721804 0.859961
6.723863 0.861933
6.725922 0.861933
6.727981 0.861933
6.730040 0.861933
6.732098 0.861933
6.734157 0.861933
6.736216 0.861933
6.738275 0.861933
6.740334 0.861933
6.742393 0.861933
6.744451 0.863905
6.746510 0.863905
6.748569 0.863905
6.750628 0.863905
6.752687 0.863905
6.754746 0.863905
6.756805 0.863905
6.758863 0.863905
6.760922 0.863905
6.762981 0.863905
6.765040 0.863905
6.767099 0.863905
6.769158 0.863905
6.771216 0.863905
6.773275 0.863905
6.775334 0.863905
6.777393 0.863905
6.779452 0.863905
6.781511 0.863905
6.783570 0.863905
6.785628 0.863905
6.787687 0.863905
6.789746 0.863905
6.791805 0.865878
6.793864 0.865878
6.795923 0.865878
6.797981 0.865878
6.800040 0.865878
6.802099 0.865878
6.804158 0.867850
6.806217 0.867850
6.808276 0.869822
6.810335 0.869822
6.812393 0.871795
6.814452 0.871795
6.816511 0.871795
6.818570 0.873767
6.820629 0.875740
6.822688 0.875740
6.824746 0.875740
6.826805 0.875740
6.828864 0.875740
6.830923 0.875740
6.832982 0.875740
6.835041 0.875740
6.837100 0.875740
6.839158 0.875740
6.841217 0.875740
6.843276 0.875740
6.845335 0.877712
6.847394 0.877712
6.849453 0.877712
6.851511 0.877712
6.853570 0.877712
6.855629 0.879684
6.857688 0.879684
6.859747 0.879684
6.861806 0.879684
6.863865 0.879684
6.865923 0.883629
6.867982 0.883629
6.870041 0.883629
6.872100 0.883629
6.874159 0.883629
6.876218 0.883629
6.878277 0.883629
6.880335 0.883629
6.882394 0.883629
6.884453 0.883629
6.886512 0.883629
6.888571 0.883629
6.890630 0.883629
6.892688 0.883629
6.894747 0.883629
6.896806 0.883629
6.898865 0.883629
6.900924 0.883629
6.902983 0.883629
6.905042 0.885602
6.907100 0.885602
6.909159 0.885602
6.911218 0.885602
6.913277 0.885602
6.915336 0.885602
6.917395 0.885602
6.919453 0.885602
6.921512 0.885602
6.923571 0.885602
6.925630 0.885602
6.927689 0.885602
6.929748 0.885602
6.931807 0.885602
6.933865 0.887574
6.935924 0.887574
6.937983 0.887574
6.940042 0.887574
6.942101 0.887574
6.944160 0.887574
6.946218 0.889546
6.948277 0.891519
6.950336 0.891519
6.952395 0.891519
6.954454 0.891519
6.956513 0.891519
6.958572 0.891519
6.960630 0.891519
6.962689 0.891519
6.964748 0.891519
6.966807 0.891519
6.968866 0.891519
6.970925 0.891519
6.972983 0.891519
6.975042 0.891519
6.977101 0.891519
6.979160 0.891519
6.981219 0.891519
6.983278 0.891519
6.985337 0.891519
6.987395 0.893491
6.989454 0.893491
6.991513 0.893491
6.993572 0.893491
6.995631 0.893491
6.997690 0.893491
6.999748 0.895464
7.001807 0.897436
7.003866 0.897436
7.005925 0.897436
7.007984 0.897436
7.010043 0.897436
7.012102 0.897436
7.014160 0.897436
7.016219 0.897436
7.018278 0.897436
7.020337 0.897436
7.022396 0.897436
7.024455 0.897436
7.026513 0.899408
7.028572 0.899408
7.030631 0.899408
7.032690 0.899408
7.034749 0.899408
7.036808 0.899408
7.038867 0.899408
7.040925 0.899408
7.042984 0.899408
7.045043 0.899408
7.047102 0.899408
7.049161 0.899408
7.051220 0.899408
7.053278 0.901381
7.055337 0.901381
7.057396 0.901381
7.059455 0.901381
7.061514 0.901381
7.063573 0.901381
7.065632 0.901381
7.067690 0.901381
7.069749 0.901381
7.071808 0.901381
7.073867 0.901381
7.075926 0.901381
7.077985 0.901381
7.080044 0.901381
7.082102 0.901381
7.084161 0.901381
7.086220 0.901381
7.088279 0.901381
7.090338 0.901381
7.092397 0.901381
7.094455 0.901381
7.096514 0.901381
7.098573 0.901381
7.100632 0.901381
7.102691 0.901381
7.104750 0.903353
7.106809 0.903353
7.108867 0.905325
7.110926 0.905325
7.112985 0.905325
7.115044 0.905325
7.117103 0.905325
7.119162 0.905325
7.121220 0.905325
7.123279 0.905325
7.125338 0.905325
7.127397 0.905325
7.129456 0.905325
7.131515 0.905325
7.133574 0.905325
7.135632 0.905325
7.137691 0.905325
7.139750 0.905325
7.141809 0.905325
7.143868 0.905325
7.145927 0.905325
7.147985 0.905325
7.150044 0.905325
7.152103 0.905325
7.154162 0.905325
7.156221 0.907298
7.158280 0.907298
7.160339 0.907298
7.162397 0.907298
7.164456 0.907298
7.166515 0.907298
7.168574 0.907298
7.170633 0.907298
7.172692 0.907298
7.174750 0.907298
7.176809 0.909270
7.178868 0.909270
7.180927 0.909270
7.182986 0.909270
7.185045 0.909270
7.187104 0.909270
7.189162 0.909270
7.191221 0.909270
7.193280 0.909270
7.195339 0.909270
7.197398 0.909270
7.199457 0.909270
7.201515 0.911243
7.203574 0.913215
7.205633 0.913215
7.207692 0.913215
7.209751 0.913215
7.211810 0.913215
7.213869 0.913215
7.215927 0.913215
7.217986 0.913215
7.220045 0.913215
7.222104 0.913215
7.224163 0.915187
7.226222 0.915187
7.228280 0.915187
7.230339 0.915187
7.232398 0.915187
7.234457 0.915187
7.236516 0.915187
7.238575 0.915187
7.240634 0.915187
7.242692 0.915187
7.244751 0.917160
7.246810 0.917160
7.248869 0.917160
7.250928 0.917160
7.252987 0.919132
7.255046 0.919132
7.257104 0.919132
7.259163 0.919132
7.261222 0.919132
7.263281 0.919132
7.265340 0.919132
7.267399 0.919132
7.269457 0.919132
7.271516 0.919132
7.273575 0.919132
7.275634 0.919132
7.277693 0.919132
7.279752 0.919132
7.281811 0.919132
7.283869 0.919132
7.285928 0.919132
7.287987 0.919132
7.290046 0.919132
7.292105 0.919132
7.294164 0.919132
7.296222 0.919132
7.298281 0.919132
7.300340 0.919132
7.302399 0.919132
7.304458 0.919132
7.306517 0.921105
7.308576 0.921105
7.310634 0.921105
7.312693 0.921105
7.314752 0.921105
7.316811 0.921105
7.318870 0.921105
7.320929 0.921105
7.322987 0.921105
7.325046 0.921105
7.327105 0.921105
7.329164 0.921105
7.331223 0.921105
7.333282 0.921105
7.335341 0.921105
7.337399 0.921105
7.339458 0.921105
7.341517 0.921105
7.343576 0.923077
7.345635 0.923077
7.347694 0.923077
7.349752 0.923077
7.351811 0.923077
7.353870 0.923077
7.355929 0.923077
7.357988 0.923077
7.360047 0.923077
7.362106 0.923077
7.364164 0.923077
7.366223 0.923077
7.368282 0.923077
7.370341 0.923077
7.372400 0.923077
7.374459 0.923077
7.376517 0.923077
7.378576 0.923077
7.380635 0.923077
7.382694 0.923077
7.384753 0.923077
7.386812 0.923077
7.388871 0.923077
7.390929 0.923077
7.392988 0.923077
7.395047 0.923077
7.397106 0.923077
7.399165 0.923077
7.401224 0.923077
7.403282 0.923077
7.405341 0.923077
7.407400 0.923077
7.409459 0.923077
7.411518 0.923077
7.413577 0.923077
7.415636 0.923077
7.417694 0.923077
7.419753 0.923077
7.421812 0.923077
7.423871 0.923077
7.425930 0.923077
7.427989 0.923077
7.430047 0.923077
7.432106 0.923077
7.434165 0.923077
7.436224 0.923077
7.438283 0.923077
7.440342 0.923077
7.442401 0.925049
7.444459 0.925049
7.446518 0.925049
7.448577 0.925049
7.450636 0.925049
7.452695 0.925049
7.454754 0.925049
7.456813 0.925049
7.458871 0.925049
7.460930 0.925049
7.462989 0.925049
7.465048 0.925049
7.467107 0.925049
7.469166 0.925049
7.471224 0.925049
7.473283 0.925049
7.475342 0.925049
7.477401 0.925049
7.479460 0.925049
7.481519 0.925049
7.483578 0.925049
7.485636 0.925049
7.487695 0.927022
7.489754 0.927022
7.491813 0.927022
7.493872 0.927022
7.495931 0.927022
7.497989 0.928994
7.500048 0.928994
7.502107 0.928994
7.504166 0.930966
7.506225 0.930966
7.508284 0.930966
7.510343 0.932939
7.512401 0.934911
7.514460 0.934911
7.516519 0.934911
7.518578 0.934911
7.520637 0.934911
7.522696 0.936884
7.524754 0.936884
7.526813 0.936884
7.528872 0.936884
7.530931 0.936884
7.532990 0.936884
7.535049 0.936884
7.537108 0.936884
7.539166 0.936884
7.541225 0.936884
7.543284 0.936884
7.545343 0.936884
7.547402 0.936884
7.549461 0.936884
7.551519 0.936884
7.553578 0.936884
7.555637 0.936884
7.557696 0.936884
7.559755 0.936884
7.561814 0.936884
7.563873 0.936884
7.565931 0.936884
7.567990 0.936884
7.570049 0.936884
7.572108 0.936884
7.574167 0.936884
7.576226 0.936884
7.578284 0.936884
7.580343 0.936884
7.582402 0.936884
7.584461 0.936884
7.586520 0.936884
7.588579 0.936884
7.590638 0.936884
7.592696 0.936884
7.594755 0.936884
7.596814 0.936884
7.598873 0.936884
7.600932 0.936884
7.602991 0.936884
7.605049 0.936884
7.607108 0.936884
7.609167 0.936884
7.611226 0.936884
7.613285 0.936884
7.615344 0.936884
7.617403 0.936884
7.619461 0.936884
7.621520 0.936884
7.623579 0.936884
7.625638 0.936884
7.627697 0.936884
7.629756 0.936884
7.631815 0.936884
7.633873 0.936884
7.635932 0.936884
7.637991 0.936884
7.640050 0.936884
7.642109 0.936884
7.644168 0.936884
7.646226 0.936884
7.648285 0.936884
7.650344 0.936884
7.652403 0.936884
7.654462 0.936884
7.656521 0.936884
7.658580 0.936884
7.660638 0.936884
7.662697 0.936884
7.664756 0.936884
7.666815 0.936884
7.668874 0.936884
7.670933 0.936884
7.672991 0.936884
7.675050 0.936884
7.677109 0.936884
7.679168 0.936884
7.681227 0.936884
7.683286 0.936884
7.685345 0.936884
7.687403 0.936884
7.689462 0.936884
7.691521 0.936884
7.693580 0.936884
7.695639 0.936884
7.697698 0.936884
7.699756 0.936884
7.701815 0.936884
7.703874 0.936884
7.705933 0.936884
7.707992 0.936884
7.710051 0.936884
7.712110 0.936884
7.714168 0.936884
7.716227 0.936884
7.718286 0.936884
7.720345 0.936884
7.722404 0.936884
7.724463 0.936884
7.726521 0.936884
7.728580 0.936884
7.730639 0.936884
7.732698 0.936884
7.734757 0.936884
7.736816 0.936884
7.738875 0.936884
7.740933 0.936884
7.742992 0.936884
7.745051 0.936884
7.747110 0.936884
7.749169 0.936884
7.751228 0.936884
7.753286 0.936884
7.755345 0.936884
7.757404 0.936884
7.759463 0.936884
7.761522 0.936884
7.763581 0.936884
7.765640 0.936884
7.767698 0.936884
7.769757 0.936884
7.771816 0.936884
7.773875 0.936884
7.775934 0.936884
7.777993 0.936884
7.780051 0.936884
7.782110 0.936884
7.784169 0.936884
7.786228 0.936884
7.788287 0.936884
7.790346 0.936884
7.792405 0.936884
7.794463 0.936884
7.796522 0.936884
7.798581 0.936884
7.800640 0.936884
7.802699 0.936884
7.804758 0.936884
7.806816 0.936884
7.808875 0.938856
7.810934 0.938856
7.812993 0.938856
7.815052 0.938856
7.817111 0.940828
7.819170 0.940828
7.821228 0.940828
7.823287 0.940828
7.825346 0.940828
7.827405 0.940828
7.829464 0.942801
7.831523 0.942801
7.833582 0.944773
7.835640 0.944773
7.837699 0.944773
7.839758 0.944773
7.841817 0.944773
7.843876 0.944773
7.845935 0.944773
7.847993 0.944773
7.850052 0.944773
7.852111 0.944773
7.854170 0.944773
7.856229 0.944773
7.858288 0.944773
7.860347 0.944773
7.862405 0.944773
7.864464 0.946746
7.866523 0.946746
7.868582 0.946746
7.870641 0.946746
7.872700 0.946746
7.874758 0.946746
7.876817 0.946746
7.878876 0.946746
7.880935 0.946746
7.882994 0.946746
7.885053 0.946746
7.887112 0.946746
7.889170 0.946746
7.891229 0.946746
7.893288 0.946746
7.895347 0.946746
7.897406 0.946746
7.899465 0.946746
7.901523 0.946746
7.903582 0.946746
7.905641 0.946746
7.907700 0.946746
7.909759 0.946746
7.911818 0.946746
7.913877 0.946746
7.915935 0.946746
7.917994 0.946746
7.920053 0.946746
7.922112 0.946746
7.924171 0.946746
7.926230 0.946746
7.928288 0.946746
7.930347 0.946746
7.932406 0.946746
7.934465 0.946746
7.936524 0.946746
7.938583 0.946746
7.940642 0.946746
7.942700 0.946746
7.944759 0.946746
7.946818 0.946746
7.948877 0.946746
7.950936 0.946746
7.952995 0.946746
7.955053 0.946746
7.957112 0.946746
7.959171 0.946746
7.961230 0.946746
7.963289 0.946746
7.965348 0.946746
7.967407 0.946746
7.969465 0.946746
7.971524 0.946746
7.973583 0.946746
7.975642 0.946746
7.977701 0.946746
7.979760 0.946746
7.981818 0.946746
7.983877 0.946746
7.985936 0.946746
7.987995 0.946746
7.990054 0.946746
7.992113 0.946746
7.994172 0.946746
7.996230 0.946746
7.998289 0.946746
