2.515101 0.001972
2.517840 0.001972
2.520579 0.001972
2.523317 0.001972
2.526056 0.001972
2.528795 0.001972
2.531533 0.001972
2.534272 0.001972
2.537011 0.001972
2.539750 0.001972
2.542488 0.001972
2.545227 0.003945
2.547966 0.003945
2.550704 0.003945
2.553443 0.003945
2.556182 0.005917
2.558920 0.005917
2.561659 0.005917
2.564398 0.005917
2.567136 0.005917
2.569875 0.005917
2.572614 0.005917
2.575352 0.007890
2.578091 0.007890
2.580830 0.007890
2.583568 0.007890
2.586307 0.007890
2.589046 0.007890
2.591784 0.007890
2.594523 0.007890
2.597262 0.007890
2.600000 0.007890
2.602739 0.007890
2.605478 0.009862
2.608217 0.009862
2.610955 0.009862
2.613694 0.009862
2.616433 0.009862
2.619171 0.009862
2.621910 0.009862
2.624649 0.009862
2.627387 0.009862
2.630126 0.009862
2.632865 0.009862
2.635603 0.009862
2.638342 0.009862
2.641081 0.009862
2.643819 0.009862
2.646558 0.009862
2.649297 0.009862
2.652035 0.009862
2.654774 0.009862
2.657513 0.009862
2.660251 0.009862
2.662990 0.009862
2.665729 0.009862
2.668468 0.011834
2.671206 0.011834
2.673945 0.011834
2.676684 0.011834
2.679422 0.011834
2.682161 0.011834
2.684900 0.013807
2.687638 0.013807
2.690377 0.013807
2.693116 0.013807
2.695854 0.013807
2.698593 0.013807
2.701332 0.013807
2.704070 0.015779
2.706809 0.015779
2.709548 0.015779
2.712286 0.015779
2.715025 0.015779
2.717764 0.015779
2.720502 0.017751
2.723241 0.017751
2.725980 0.017751
2.728718 0.017751
2.731457 0.017751
2.734196 0.017751
2.736935 0.017751
2.739673 0.017751
2.742412 0.017751
2.745151 0.017751
2.747889 0.017751
2.750628 0.017751
2.753367 0.017751
2.756105 0.017751
2.758844 0.019724
2.761583 0.019724
2.764321 0.019724
2.767060 0.019724
2.769799 0.021696
2.772537 0.021696
2.775276 0.021696
2.778015 0.021696
2.780753 0.021696
2.783492 0.021696
2.786231 0.021696
2.788969 0.021696
2.791708 0.021696
2.794447 0.021696
2.797186 0.023669
2.799924 0.023669
2.802663 0.023669
2.805402 0.023669
2.808140 0.023669
2.810879 0.023669
2.813618 0.023669
2.816356 0.023669
2.819095 0.023669
2.821834 0.023669
2.824572 0.023669
2.827311 0.023669
2.830050 0.023669
2.832788 0.023669
2.835527 0.023669
2.838266 0.023669
2.841004 0.023669
2.843743 0.023669
2.846482 0.023669
2.849220 0.023669
2.851959 0.023669
2.854698 0.023669
2.857436 0.023669
2.860175 0.023669
2.862914 0.025641
2.865653 0.025641
2.868391 0.027613
2.871130 0.027613
2.873869 0.029586
2.876607 0.029586
2.879346 0.029586
2.882085 0.029586
2.884823 0.029586
2.887562 0.029586
2.890301 0.029586
2.893039 0.029586
2.895778 0.029586
2.898517 0.029586
2.901255 0.029586
2.903994 0.029586
2.906733 0.029586
2.909471 0.029586
2.912210 0.029586
2.914949 0.029586
2.917687 0.029586
2.920426 0.031558
2.923165 0.031558
2.925904 0.031558
2.928642 0.031558
2.931381 0.031558
2.934120 0.031558
2.936858 0.031558
2.939597 0.031558
2.942336 0.031558
2.945074 0.031558
2.947813 0.031558
2.950552 0.031558
2.953290 0.031558
2.956029 0.031558
2.958768 0.031558
2.961506 0.031558
2.964245 0.033531
2.966984 0.033531
2.969722 0.033531
2.972461 0.033531
2.975200 0.033531
2.977938 0.033531
2.980677 0.033531
2.983416 0.033531
2.986154 0.033531
2.988893 0.033531
2.991632 0.033531
2.994371 0.033531
2.997109 0.033531
2.999848 0.033531
3.002587 0.037475
3.005325 0.037475
3.008064 0.039448
3.010803 0.039448
3.013541 0.039448
3.016280 0.039448
3.019019 0.039448
3.021757 0.039448
3.024496 0.039448
3.027235 0.039448
3.029973 0.039448
3.032712 0.039448
3.035451 0.039448
3.038189 0.039448
3.040928 0.039448
3.043667 0.041420
3.046405 0.041420
3.049144 0.041420
3.051883 0.041420
3.054622 0.041420
3.057360 0.041420
3.060099 0.041420
3.062838 0.041420
3.065576 0.041420
3.068315 0.041420
3.071054 0.041420
3.073792 0.043393
3.076531 0.045365
3.079270 0.047337
3.082008 0.047337
3.084747 0.047337
3.087486 0.051282
3.090224 0.051282
3.092963 0.051282
3.095702 0.051282
3.098440 0.051282
3.101179 0.051282
3.103918 0.051282
3.106656 0.051282
3.109395 0.051282
3.112134 0.051282
3.114872 0.053254
3.117611 0.055227
3.120350 0.055227
3.123089 0.055227
3.125827 0.057199
3.128566 0.059172
3.131305 0.059172
3.134043 0.059172
3.136782 0.059172
3.139521 0.059172
3.142259 0.059172
3.144998 0.059172
3.147737 0.059172
3.150475 0.059172
3.153214 0.059172
3.155953 0.059172
3.158691 0.059172
3.161430 0.061144
3.164169 0.061144
3.166907 0.061144
3.169646 0.061144
3.172385 0.061144
3.175123 0.061144
3.177862 0.061144
3.180601 0.061144
3.183340 0.061144
3.186078 0.063116
3.188817 0.063116
3.191556 0.063116
3.194294 0.067061
3.197033 0.069034
3.199772 0.072978
3.202510 0.072978
3.205249 0.074951
3.207988 0.074951
3.210726 0.076923
3.213465 0.076923
3.216204 0.076923
3.218942 0.078895
3.221681 0.078895
3.224420 0.078895
3.227158 0.080868
3.229897 0.080868
3.232636 0.080868
3.235374 0.082840
3.238113 0.082840
3.240852 0.082840
3.243590 0.082840
3.246329 0.082840
3.249068 0.082840
3.251807 0.082840
3.254545 0.084813
3.257284 0.084813
3.260023 0.084813
3.262761 0.084813
3.265500 0.088757
3.268239 0.088757
3.270977 0.088757
3.273716 0.088757
3.276455 0.088757
3.279193 0.090730
3.281932 0.090730
3.284671 0.092702
3.287409 0.092702
3.290148 0.092702
3.292887 0.094675
3.295625 0.094675
3.298364 0.098619
3.301103 0.098619
3.303841 0.098619
3.306580 0.100592
3.309319 0.100592
3.312058 0.102564
3.314796 0.102564
3.317535 0.102564
3.320274 0.102564
3.323012 0.102564
3.325751 0.102564
3.328490 0.102564
3.331228 0.102564
3.333967 0.102564
3.336706 0.102564
3.339444 0.102564
3.342183 0.102564
3.344922 0.102564
3.347660 0.102564
3.350399 0.102564
3.353138 0.102564
3.355876 0.102564
3.358615 0.102564
3.361354 0.102564
3.364092 0.102564
3.366831 0.104536
3.369570 0.104536
3.372308 0.106509
3.375047 0.108481
3.377786 0.110454
3.380525 0.110454
3.383263 0.110454
3.386002 0.112426
3.388741 0.112426
3.391479 0.112426
3.394218 0.112426
3.396957 0.112426
3.399695 0.112426
3.402434 0.112426
3.405173 0.114398
3.407911 0.114398
3.410650 0.116371
3.413389 0.116371
3.416127 0.116371
3.418866 0.116371
3.421605 0.116371
3.424343 0.116371
3.427082 0.116371
3.429821 0.118343
3.432559 0.118343
3.435298 0.118343
3.438037 0.120316
3.440776 0.120316
3.443514 0.124260
3.446253 0.124260
3.448992 0.128205
3.451730 0.128205
3.454469 0.132150
3.457208 0.132150
3.459946 0.132150
3.462685 0.132150
3.465424 0.132150
3.468162 0.132150
3.470901 0.134122
3.473640 0.134122
3.476378 0.134122
3.479117 0.134122
3.481856 0.134122
3.484594 0.134122
3.487333 0.134122
3.490072 0.134122
3.492810 0.136095
3.495549 0.138067
3.498288 0.138067
3.501027 0.138067
3.503765 0.140039
3.506504 0.140039
3.509243 0.140039
3.511981 0.140039
3.514720 0.142012
3.517459 0.142012
3.520197 0.142012
3.522936 0.143984
3.525675 0.143984
3.528413 0.143984
3.531152 0.145957
3.533891 0.145957
3.536629 0.147929
3.539368 0.151874
3.542107 0.151874
3.544845 0.151874
3.547584 0.153846
3.550323 0.153846
3.553061 0.155819
3.555800 0.155819
3.558539 0.155819
3.561277 0.155819
3.564016 0.155819
3.566755 0.155819
3.569494 0.157791
3.572232 0.157791
3.574971 0.159763
3.577710 0.159763
3.580448 0.159763
3.583187 0.163708
3.585926 0.163708
3.588664 0.163708
3.591403 0.163708
3.594142 0.165680
3.596880 0.165680
3.599619 0.165680
3.602358 0.167653
3.605096 0.169625
3.607835 0.169625
3.610574 0.171598
3.613312 0.171598
3.616051 0.171598
3.618790 0.173570
3.621528 0.173570
3.624267 0.173570
3.627006 0.173570
3.629745 0.173570
3.632483 0.173570
3.635222 0.173570
3.637961 0.173570
3.640699 0.175542
3.643438 0.177515
3.646177 0.177515
3.648915 0.179487
3.651654 0.179487
3.654393 0.183432
3.657131 0.183432
3.659870 0.183432
3.662609 0.185404
3.665347 0.185404
3.668086 0.187377
3.670825 0.187377
3.673563 0.191321
3.676302 0.191321
3.679041 0.191321
3.681779 0.191321
3.684518 0.191321
3.687257 0.191321
3.689995 0.193294
3.692734 0.193294
3.695473 0.195266
3.698212 0.197239
3.700950 0.197239
3.703689 0.199211
3.706428 0.199211
3.709166 0.199211
3.711905 0.199211
3.714644 0.199211
3.717382 0.199211
3.720121 0.199211
3.722860 0.201183
3.725598 0.201183
3.728337 0.201183
3.731076 0.203156
3.733814 0.205128
3.736553 0.205128
3.739292 0.205128
3.742030 0.207101
3.744769 0.209073
3.747508 0.211045
3.750246 0.213018
3.752985 0.214990
3.755724 0.218935
3.758463 0.218935
3.761201 0.218935
3.763940 0.218935
3.766679 0.220907
3.769417 0.220907
3.772156 0.222880
3.774895 0.222880
3.777633 0.222880
3.780372 0.222880
3.783111 0.226824
3.785849 0.226824
3.788588 0.226824
3.791327 0.226824
3.794065 0.226824
3.796804 0.226824
3.799543 0.228797
3.802281 0.228797
3.805020 0.228797
3.807759 0.228797
3.810497 0.228797
3.813236 0.230769
3.815975 0.230769
3.818713 0.230769
3.821452 0.230769
3.824191 0.232742
3.826930 0.234714
3.829668 0.234714
3.832407 0.234714
3.835146 0.236686
3.837884 0.236686
3.840623 0.238659
3.843362 0.242604
3.846100 0.242604
3.848839 0.242604
3.851578 0.244576
3.854316 0.244576
3.857055 0.250493
3.859794 0.250493
3.862532 0.252465
3.865271 0.256410
3.868010 0.256410
3.870748 0.258383
3.873487 0.258383
3.876226 0.262327
3.878964 0.262327
3.881703 0.262327
3.884442 0.262327
3.887181 0.264300
3.889919 0.264300
3.892658 0.266272
3.895397 0.266272
3.898135 0.268245
3.900874 0.268245
3.903613 0.270217
3.906351 0.270217
3.909090 0.270217
3.911829 0.270217
3.914567 0.272189
3.917306 0.272189
3.920045 0.272189
3.922783 0.272189
3.925522 0.274162
3.928261 0.276134
3.930999 0.276134
3.933738 0.278107
3.936477 0.282051
3.939215 0.282051
3.941954 0.282051
3.944693 0.282051
3.947431 0.284024
3.950170 0.284024
3.952909 0.285996
3.955648 0.285996
3.958386 0.285996
3.961125 0.285996
3.963864 0.285996
3.966602 0.285996
3.969341 0.285996
3.972080 0.287968
3.974818 0.287968
3.977557 0.287968
3.980296 0.287968
3.983034 0.287968
3.985773 0.287968
3.988512 0.287968
3.991250 0.287968
3.993989 0.287968
3.996728 0.287968
3.999466 0.287968
4.002205 0.287968
4.004944 0.289941
4.007682 0.289941
4.010421 0.291913
4.013160 0.293886
4.015899 0.293886
4.018637 0.293886
4.021376 0.295858
4.024115 0.295858
4.026853 0.299803
4.029592 0.299803
4.032331 0.299803
4.035069 0.301775
4.037808 0.301775
4.040547 0.301775
4.043285 0.303748
4.046024 0.305720
4.048763 0.305720
4.051501 0.309665
4.054240 0.309665
4.056979 0.309665
4.059717 0.309665
4.062456 0.309665
4.065195 0.311637
4.067933 0.311637
4.070672 0.311637
4.073411 0.311637
4.076149 0.311637
4.078888 0.311637
4.081627 0.311637
4.084366 0.313609
4.087104 0.313609
4.089843 0.313609
4.092582 0.313609
4.095320 0.313609
4.098059 0.313609
4.100798 0.313609
4.103536 0.317554
4.106275 0.317554
4.109014 0.317554
4.111752 0.317554
4.114491 0.317554
4.117230 0.317554
4.119968 0.317554
4.122707 0.317554
4.125446 0.317554
4.128184 0.321499
4.130923 0.323471
4.133662 0.323471
4.136400 0.325444
4.139139 0.329389
4.141878 0.329389
4.144617 0.329389
4.147355 0.331361
4.150094 0.333333
4.152833 0.335306
4.155571 0.335306
4.158310 0.337278
4.161049 0.337278
4.163787 0.337278
4.166526 0.337278
4.169265 0.337278
4.172003 0.337278
4.174742 0.343195
4.177481 0.343195
4.180219 0.347140
4.182958 0.347140
4.185697 0.349112
4.188435 0.351085
4.191174 0.351085
4.193913 0.353057
4.196651 0.353057
4.199390 0.353057
4.202129 0.355030
4.204867 0.355030
4.207606 0.358974
4.210345 0.358974
4.213084 0.358974
4.215822 0.360947
4.218561 0.360947
4.221300 0.362919
4.224038 0.362919
4.226777 0.364892
4.229516 0.364892
4.232254 0.366864
4.234993 0.368836
4.237732 0.370809
4.240470 0.374753
4.243209 0.374753
4.245948 0.376726
4.248686 0.376726
4.251425 0.378698
4.254164 0.378698
4.256902 0.382643
4.259641 0.382643
4.262380 0.386588
4.265118 0.388560
4.267857 0.392505
4.270596 0.392505
4.273335 0.392505
4.276073 0.392505
4.278812 0.392505
4.281551 0.392505
4.284289 0.392505
4.287028 0.394477
4.289767 0.394477
4.292505 0.396450
4.295244 0.396450
4.297983 0.396450
4.300721 0.396450
4.303460 0.396450
4.306199 0.398422
4.308937 0.398422
4.311676 0.398422
4.314415 0.398422
4.317153 0.402367
4.319892 0.404339
4.322631 0.404339
4.325369 0.406312
4.328108 0.406312
4.330847 0.406312
4.333585 0.406312
4.336324 0.408284
4.339063 0.408284
4.341802 0.410256
4.344540 0.410256
4.347279 0.412229
4.350018 0.416174
4.352756 0.416174
4.355495 0.416174
4.358234 0.420118
4.360972 0.420118
4.363711 0.420118
4.366450 0.422091
4.369188 0.422091
4.371927 0.422091
4.374666 0.422091
4.377404 0.422091
4.380143 0.422091
4.382882 0.422091
4.385620 0.422091
4.388359 0.422091
4.391098 0.422091
4.393836 0.422091
4.396575 0.422091
4.399314 0.422091
4.402053 0.422091
4.404791 0.424063
4.407530 0.424063
4.410269 0.424063
4.413007 0.426036
4.415746 0.429980
4.418485 0.429980
4.421223 0.431953
4.423962 0.431953
4.426701 0.435897
4.429439 0.439842
4.432178 0.439842
4.434917 0.439842
4.437655 0.441815
4.440394 0.443787
4.443133 0.443787
4.445871 0.445759
4.448610 0.445759
4.451349 0.447732
4.454087 0.447732
4.456826 0.449704
4.459565 0.451677
4.462303 0.451677
4.465042 0.451677
4.467781 0.451677
4.470520 0.451677
4.473258 0.451677
4.475997 0.451677
4.478736 0.453649
4.481474 0.455621
4.484213 0.455621
4.486952 0.455621
4.489690 0.455621
4.492429 0.459566
4.495168 0.459566
4.497906 0.459566
4.500645 0.463511
4.503384 0.465483
4.506122 0.467456
4.508861 0.467456
4.511600 0.471400
4.514338 0.471400
4.517077 0.471400
4.519816 0.471400
4.522554 0.471400
4.525293 0.473373
4.528032 0.475345
4.530771 0.475345
4.533509 0.475345
4.536248 0.475345
4.538987 0.475345
4.541725 0.475345
4.544464 0.475345
4.547203 0.475345
4.549941 0.477318
4.552680 0.479290
4.555419 0.479290
4.558157 0.481262
4.560896 0.481262
4.563635 0.481262
4.566373 0.481262
4.569112 0.483235
4.571851 0.483235
4.574589 0.483235
4.577328 0.483235
4.580067 0.483235
4.582805 0.483235
4.585544 0.485207
4.588283 0.487179
4.591021 0.487179
4.593760 0.487179
4.596499 0.487179
4.599238 0.487179
4.601976 0.487179
4.604715 0.487179
4.607454 0.487179
4.610192 0.487179
4.612931 0.487179
4.615670 0.489152
4.618408 0.489152
4.621147 0.489152
4.623886 0.489152
4.626624 0.489152
4.629363 0.491124
4.632102 0.493097
4.634840 0.493097
4.637579 0.493097
4.640318 0.493097
4.643056 0.493097
4.645795 0.493097
4.648534 0.493097
4.651272 0.495069
4.654011 0.495069
4.656750 0.499014
4.659489 0.499014
4.662227 0.499014
4.664966 0.500986
4.667705 0.500986
4.670443 0.500986
4.673182 0.500986
4.675921 0.500986
4.678659 0.500986
4.681398 0.502959
4.684137 0.502959
4.686875 0.504931
4.689614 0.504931
4.692353 0.504931
4.695091 0.506903
4.697830 0.506903
4.700569 0.506903
4.703307 0.508876
4.706046 0.508876
4.708785 0.510848
4.711523 0.512821
4.714262 0.512821
4.717001 0.512821
4.719740 0.512821
4.722478 0.512821
4.725217 0.512821
4.727956 0.514793
4.730694 0.516765
4.733433 0.516765
4.736172 0.516765
4.738910 0.516765
4.741649 0.520710
4.744388 0.520710
4.747126 0.520710
4.749865 0.520710
4.752604 0.522682
4.755342 0.522682
4.758081 0.524655
4.760820 0.524655
4.763558 0.524655
4.766297 0.528600
4.769036 0.528600
4.771774 0.528600
4.774513 0.528600
4.777252 0.528600
4.779990 0.528600
4.782729 0.532544
4.785468 0.532544
4.788207 0.532544
4.790945 0.532544
4.793684 0.532544
4.796423 0.532544
4.799161 0.534517
4.801900 0.534517
4.804639 0.534517
4.807377 0.534517
4.810116 0.536489
4.812855 0.538462
4.815593 0.538462
4.818332 0.538462
4.821071 0.540434
4.823809 0.540434
4.826548 0.540434
4.829287 0.540434
4.832025 0.540434
4.834764 0.540434
4.837503 0.540434
4.840241 0.540434
4.842980 0.540434
4.845719 0.542406
4.848458 0.542406
4.851196 0.544379
4.853935 0.544379
4.856674 0.544379
4.859412 0.548323
4.862151 0.550296
4.864890 0.552268
4.867628 0.552268
4.870367 0.552268
4.873106 0.552268
4.875844 0.554241
4.878583 0.554241
4.881322 0.554241
4.884060 0.554241
4.886799 0.554241
4.889538 0.554241
4.892276 0.556213
4.895015 0.556213
4.897754 0.556213
4.900492 0.558185
4.903231 0.558185
4.905970 0.558185
4.908708 0.558185
4.911447 0.558185
4.914186 0.562130
4.916925 0.568047
4.919663 0.568047
4.922402 0.568047
4.925141 0.568047
4.927879 0.570020
4.930618 0.570020
4.933357 0.570020
4.936095 0.570020
4.938834 0.573964
4.941573 0.575937
4.944311 0.575937
4.947050 0.581854
4.949789 0.583826
4.952527 0.583826
4.955266 0.583826
4.958005 0.585799
4.960743 0.585799
4.963482 0.585799
4.966221 0.585799
4.968959 0.589744
4.971698 0.591716
4.974437 0.593688
4.977176 0.593688
4.979914 0.595661
4.982653 0.595661
4.985392 0.595661
4.988130 0.595661
4.990869 0.595661
4.993608 0.595661
4.996346 0.597633
4.999085 0.597633
5.001824 0.597633
5.004562 0.599606
5.007301 0.599606
5.010040 0.599606
5.012778 0.599606
5.015517 0.599606
5.018256 0.599606
5.020994 0.599606
5.023733 0.599606
5.026472 0.599606
5.029210 0.601578
5.031949 0.601578
5.034688 0.601578
5.037426 0.601578
5.040165 0.603550
5.042904 0.603550
5.045643 0.605523
5.048381 0.605523
5.051120 0.605523
5.053859 0.605523
5.056597 0.605523
5.059336 0.607495
5.062075 0.609467
5.064813 0.611440
5.067552 0.613412
5.070291 0.613412
5.073029 0.613412
5.075768 0.613412
5.078507 0.613412
5.081245 0.615385
5.083984 0.615385
5.086723 0.615385
5.089461 0.621302
5.092200 0.621302
5.094939 0.621302
5.097677 0.621302
5.100416 0.621302
5.103155 0.621302
5.105894 0.621302
5.108632 0.623274
5.111371 0.623274
5.114110 0.623274
5.116848 0.623274
5.119587 0.623274
5.122326 0.623274
5.125064 0.623274
5.127803 0.623274
5.130542 0.625247
5.133280 0.627219
5.136019 0.627219
5.138758 0.627219
5.141496 0.627219
5.144235 0.627219
5.146974 0.627219
5.149712 0.627219
5.152451 0.629191
5.155190 0.629191
5.157928 0.629191
5.160667 0.629191
5.163406 0.629191
5.166144 0.631164
5.168883 0.631164
5.171622 0.631164
5.174361 0.633136
5.177099 0.633136
5.179838 0.633136
5.182577 0.633136
5.185315 0.633136
5.188054 0.633136
5.190793 0.633136
5.193531 0.633136
5.196270 0.633136
5.199009 0.639053
5.201747 0.641026
5.204486 0.641026
5.207225 0.641026
5.209963 0.641026
5.212702 0.642998
5.215441 0.642998
5.218179 0.642998
5.220918 0.644970
5.223657 0.646943
5.226395 0.646943
5.229134 0.646943
5.231873 0.646943
5.234612 0.648915
5.237350 0.648915
5.240089 0.648915
5.242828 0.648915
5.245566 0.650888
5.248305 0.652860
5.251044 0.652860
5.253782 0.652860
5.256521 0.652860
5.259260 0.652860
5.261998 0.652860
5.264737 0.654832
5.267476 0.654832
5.270214 0.654832
5.272953 0.656805
5.275692 0.656805
5.278430 0.656805
5.281169 0.656805
5.283908 0.656805
5.286646 0.656805
5.289385 0.656805
5.292124 0.656805
5.294862 0.656805
5.297601 0.656805
5.300340 0.656805
5.303079 0.658777
5.305817 0.658777
5.308556 0.658777
5.311295 0.658777
5.314033 0.658777
5.316772 0.660750
5.319511 0.660750
5.322249 0.662722
5.324988 0.664694
5.327727 0.664694
5.330465 0.664694
5.333204 0.664694
5.335943 0.664694
5.338681 0.664694
5.341420 0.664694
5.344159 0.664694
5.346897 0.664694
5.349636 0.666667
5.352375 0.666667
5.355113 0.668639
5.357852 0.668639
5.360591 0.672584
5.363330 0.672584
5.366068 0.672584
5.368807 0.672584
5.371546 0.672584
5.374284 0.674556
5.377023 0.674556
5.379762 0.674556
5.382500 0.674556
5.385239 0.674556
5.387978 0.674556
5.390716 0.678501
5.393455 0.678501
5.396194 0.678501
5.398932 0.678501
5.401671 0.678501
5.404410 0.680473
5.407148 0.680473
5.409887 0.680473
5.412626 0.680473
5.415364 0.680473
5.418103 0.680473
5.420842 0.682446
5.423580 0.684418
5.426319 0.684418
5.429058 0.684418
5.431797 0.684418
5.434535 0.686391
5.437274 0.686391
5.440013 0.688363
5.442751 0.688363
5.445490 0.690335
5.448229 0.690335
5.450967 0.696252
5.453706 0.696252
5.456445 0.696252
5.459183 0.696252
5.461922 0.698225
5.464661 0.698225
5.467399 0.698225
5.470138 0.698225
5.472877 0.698225
5.475615 0.698225
5.478354 0.698225
5.481093 0.698225
5.483831 0.700197
5.486570 0.700197
5.489309 0.700197
5.492048 0.700197
5.494786 0.700197
5.497525 0.700197
5.500264 0.700197
5.503002 0.700197
5.505741 0.700197
5.508480 0.700197
5.511218 0.704142
5.513957 0.704142
5.516696 0.704142
5.519434 0.704142
5.522173 0.706114
5.524912 0.706114
5.527650 0.706114
5.530389 0.706114
5.533128 0.706114
5.535866 0.706114
5.538605 0.706114
5.541344 0.708087
5.544082 0.710059
5.546821 0.712032
5.549560 0.712032
5.552298 0.712032
5.555037 0.712032
5.557776 0.714004
5.560515 0.714004
5.563253 0.714004
5.565992 0.714004
5.568731 0.714004
5.571469 0.714004
5.574208 0.715976
5.576947 0.715976
5.579685 0.715976
5.582424 0.715976
5.585163 0.715976
5.587901 0.715976
5.590640 0.715976
5.593379 0.717949
5.596117 0.719921
5.598856 0.721893
5.601595 0.721893
5.604333 0.723866
5.607072 0.725838
5.609811 0.727811
5.612549 0.727811
5.615288 0.729783
5.618027 0.729783
5.620766 0.729783
5.623504 0.729783
5.626243 0.729783
5.628982 0.729783
5.631720 0.729783
5.634459 0.729783
5.637198 0.731755
5.639936 0.731755
5.642675 0.731755
5.645414 0.731755
5.648152 0.731755
5.650891 0.731755
5.653630 0.731755
5.656368 0.731755
5.659107 0.731755
5.661846 0.733728
5.664584 0.733728
5.667323 0.733728
5.670062 0.733728
5.672800 0.733728
5.675539 0.733728
5.678278 0.737673
5.681016 0.739645
5.683755 0.739645
5.686494 0.739645
5.689233 0.741617
5.691971 0.741617
5.694710 0.743590
5.697449 0.743590
5.700187 0.745562
5.702926 0.745562
5.705665 0.745562
5.708403 0.745562
5.711142 0.745562
5.713881 0.745562
5.716619 0.745562
5.719358 0.745562
5.722097 0.745562
5.724835 0.745562
5.727574 0.745562
5.730313 0.747535
5.733051 0.747535
5.735790 0.747535
5.738529 0.747535
5.741267 0.747535
5.744006 0.747535
5.746745 0.749507
5.749484 0.749507
5.752222 0.749507
5.754961 0.749507
5.757700 0.749507
5.760438 0.749507
5.763177 0.749507
5.765916 0.753452
5.768654 0.753452
5.771393 0.755424
5.774132 0.755424
5.776870 0.755424
5.779609 0.755424
5.782348 0.755424
5.785086 0.755424
5.787825 0.755424
5.790564 0.757396
5.793302 0.757396
5.796041 0.757396
5.798780 0.757396
5.801518 0.757396
5.804257 0.757396
5.806996 0.757396
5.809734 0.757396
5.812473 0.757396
5.815212 0.757396
5.817951 0.759369
5.820689 0.761341
5.823428 0.763314
5.826167 0.763314
5.828905 0.765286
5.831644 0.765286
5.834383 0.765286
5.837121 0.765286
5.839860 0.767258
5.842599 0.767258
5.845337 0.767258
5.848076 0.767258
5.850815 0.767258
5.853553 0.767258
5.856292 0.767258
5.859031 0.767258
5.861769 0.769231
5.864508 0.769231
5.867247 0.769231
5.869985 0.769231
5.872724 0.769231
5.875463 0.769231
5.878202 0.769231
5.880940 0.769231
5.883679 0.769231
5.886418 0.769231
5.889156 0.769231
5.891895 0.769231
5.894634 0.769231
5.897372 0.769231
5.900111 0.771203
5.902850 0.773176
5.905588 0.773176
5.908327 0.773176
5.911066 0.773176
5.913804 0.773176
5.916543 0.773176
5.919282 0.773176
5.922020 0.775148
5.924759 0.775148
5.927498 0.775148
5.930236 0.775148
5.932975 0.775148
5.935714 0.775148
5.938453 0.775148
5.941191 0.775148
5.943930 0.777120
5.946669 0.777120
5.949407 0.777120
5.952146 0.781065
5.954885 0.783037
5.957623 0.783037
5.960362 0.785010
5.963101 0.785010
5.965839 0.785010
5.968578 0.785010
5.971317 0.785010
5.974055 0.785010
5.976794 0.785010
5.979533 0.785010
5.982271 0.786982
5.985010 0.786982
5.987749 0.786982
5.990487 0.786982
5.993226 0.786982
5.995965 0.786982
5.998703 0.786982
6.001442 0.786982
6.004181 0.788955
6.006920 0.788955
6.009658 0.788955
6.012397 0.788955
6.015136 0.788955
6.017874 0.788955
6.020613 0.788955
6.023352 0.788955
6.026090 0.788955
6.028829 0.790927
6.031568 0.790927
6.034306 0.790927
6.037045 0.790927
6.039784 0.790927
6.042522 0.790927
6.045261 0.792899
6.048000 0.792899
6.050738 0.792899
6.053477 0.792899
6.056216 0.794872
6.058954 0.794872
6.061693 0.794872
6.064432 0.794872
6.067171 0.794872
6.069909 0.794872
6.072648 0.794872
6.075387 0.794872
6.078125 0.794872
6.080864 0.794872
6.083603 0.794872
6.086341 0.794872
6.089080 0.794872
6.091819 0.794872
6.094557 0.794872
6.097296 0.794872
6.100035 0.794872
6.102773 0.794872
6.105512 0.794872
6.108251 0.794872
6.110989 0.794872
6.113728 0.796844
6.116467 0.798817
6.119205 0.798817
6.121944 0.798817
6.124683 0.798817
6.127421 0.798817
6.130160 0.798817
6.132899 0.798817
6.135638 0.798817
6.138376 0.798817
6.141115 0.800789
6.143854 0.800789
6.146592 0.800789
6.149331 0.800789
6.152070 0.800789
6.154808 0.800789
6.157547 0.802761
6.160286 0.802761
6.163024 0.802761
6.165763 0.802761
6.168502 0.802761
6.171240 0.802761
6.173979 0.802761
6.176718 0.802761
6.179456 0.802761
6.182195 0.802761
6.184934 0.802761
6.187672 0.804734
6.190411 0.804734
6.193150 0.804734
6.195889 0.804734
6.198627 0.804734
6.201366 0.804734
6.204105 0.804734
6.206843 0.804734
6.209582 0.804734
6.212321 0.804734
6.215059 0.804734
6.217798 0.804734
6.220537 0.804734
6.223275 0.804734
6.226014 0.804734
6.228753 0.804734
6.231491 0.804734
6.234230 0.804734
6.236969 0.804734
6.239707 0.804734
6.242446 0.804734
6.245185 0.804734
6.247923 0.804734
6.250662 0.806706
6.253401 0.806706
6.256139 0.806706
6.258878 0.808679
6.261617 0.810651
6.264356 0.810651
6.267094 0.810651
6.269833 0.810651
6.272572 0.810651
6.275310 0.810651
6.278049 0.810651
6.280788 0.810651
6.283526 0.810651
6.286265 0.810651
6.289004 0.810651
6.291742 0.810651
6.294481 0.810651
6.297220 0.810651
6.299958 0.812623
6.302697 0.812623
6.305436 0.812623
6.308174 0.812623
6.310913 0.812623
6.313652 0.812623
6.316390 0.812623
6.319129 0.812623
6.321868 0.812623
6.324607 0.812623
6.327345 0.814596
6.330084 0.814596
6.332823 0.814596
6.335561 0.814596
6.338300 0.814596
6.341039 0.814596
6.343777 0.816568
6.346516 0.816568
6.349255 0.816568
6.351993 0.818540
6.354732 0.818540
6.357471 0.818540
6.360209 0.818540
6.362948 0.818540
6.365687 0.820513
6.368425 0.820513
6.371164 0.820513
6.373903 0.820513
6.376641 0.820513
6.379380 0.820513
6.382119 0.820513
6.384857 0.822485
6.387596 0.822485
6.390335 0.822485
6.393074 0.822485
6.395812 0.822485
6.398551 0.822485
6.401290 0.822485
6.404028 0.824458
6.406767 0.824458
6.409506 0.824458
6.412244 0.824458
6.414983 0.826430
6.417722 0.826430
6.420460 0.828402
6.423199 0.830375
6.425938 0.830375
6.428676 0.834320
6.431415 0.834320
6.434154 0.834320
6.436892 0.834320
6.439631 0.834320
6.442370 0.834320
6.445108 0.834320
6.447847 0.834320
6.450586 0.834320
6.453325 0.834320
6.456063 0.836292
6.458802 0.836292
6.461541 0.836292
6.464279 0.836292
6.467018 0.838264
6.469757 0.838264
6.472495 0.838264
6.475234 0.838264
6.477973 0.838264
6.480711 0.838264
6.483450 0.838264
6.486189 0.840237
6.488927 0.840237
6.491666 0.840237
6.494405 0.840237
6.497143 0.840237
6.499882 0.840237
6.502621 0.840237
6.505359 0.840237
6.508098 0.840237
6.510837 0.840237
6.513575 0.840237
6.516314 0.840237
6.519053 0.840237
6.521792 0.840237
6.524530 0.840237
6.527269 0.840237
6.530008 0.840237
6.532746 0.840237
6.535485 0.842209
6.538224 0.842209
6.540962 0.842209
6.543701 0.842209
6.546440 0.842209
6.549178 0.842209
6.551917 0.842209
6.554656 0.842209
6.557394 0.844181
6.560133 0.844181
6.562872 0.844181
6.565610 0.844181
6.568349 0.844181
6.571088 0.844181
6.573826 0.844181
6.576565 0.844181
6.579304 0.844181
6.582043 0.844181
6.584781 0.844181
6.587520 0.844181
6.590259 0.844181
6.592997 0.844181
6.595736 0.844181
6.598475 0.844181
6.601213 0.844181
6.603952 0.844181
6.606691 0.844181
6.609429 0.844181
6.612168 0.846154
6.614907 0.848126
6.617645 0.848126
6.620384 0.848126
6.623123 0.848126
6.625861 0.850099
6.628600 0.854043
6.631339 0.854043
6.634077 0.854043
6.636816 0.854043
6.639555 0.854043
6.642293 0.854043
6.645032 0.854043
6.647771 0.854043
6.650510 0.854043
6.653248 0.854043
6.655987 0.854043
6.658726 0.854043
6.661464 0.854043
6.664203 0.856016
6.666942 0.856016
6.669680 0.856016
6.672419 0.856016
6.675158 0.856016
6.677896 0.856016
6.680635 0.856016
6.683374 0.856016
6.686112 0.856016
6.688851 0.856016
6.691590 0.856016
6.694328 0.856016
6.697067 0.856016
6.699806 0.857988
6.702544 0.857988
6.705283 0.859961
6.708022 0.861933
6.710761 0.861933
6.713499 0.861933
6.716238 0.863905
6.718977 0.863905
6.721715 0.863905
6.724454 0.863905
6.727193 0.863905
6.729931 0.865878
6.732670 0.865878
6.735409 0.865878
6.738147 0.867850
6.740886 0.867850
6.743625 0.867850
6.746363 0.867850
6.749102 0.867850
6.751841 0.867850
6.754579 0.869822
6.757318 0.869822
6.760057 0.869822
6.762795 0.869822
6.765534 0.869822
6.768273 0.869822
6.771011 0.869822
6.773750 0.869822
6.776489 0.869822
6.779228 0.871795
6.781966 0.871795
6.784705 0.871795
6.787444 0.871795
6.790182 0.871795
6.792921 0.871795
6.795660 0.871795
6.798398 0.871795
6.801137 0.871795
6.803876 0.871795
6.806614 0.871795
6.809353 0.871795
6.812092 0.871795
6.814830 0.871795
6.817569 0.873767
6.820308 0.873767
6.823046 0.875740
6.825785 0.875740
6.828524 0.875740
6.831262 0.875740
6.834001 0.875740
6.836740 0.875740
6.839479 0.875740
6.842217 0.875740
6.844956 0.875740
6.847695 0.875740
6.850433 0.875740
6.853172 0.875740
6.855911 0.875740
6.858649 0.877712
6.861388 0.877712
6.864127 0.877712
6.866865 0.877712
6.869604 0.879684
6.872343 0.879684
6.875081 0.879684
6.877820 0.879684
6.880559 0.879684
6.883297 0.879684
6.886036 0.879684
6.888775 0.879684
6.891513 0.879684
6.894252 0.881657
6.896991 0.881657
6.899729 0.881657
6.902468 0.881657
6.905207 0.881657
6.907946 0.881657
6.910684 0.883629
6.913423 0.883629
6.916162 0.883629
6.918900 0.883629
6.921639 0.883629
6.924378 0.885602
6.927116 0.885602
6.929855 0.885602
6.932594 0.887574
6.935332 0.887574
6.938071 0.887574
6.940810 0.887574
6.943548 0.887574
6.946287 0.887574
6.949026 0.887574
6.951764 0.887574
6.954503 0.887574
6.957242 0.887574
6.959980 0.887574
6.962719 0.887574
6.965458 0.887574
6.968197 0.887574
6.970935 0.887574
6.973674 0.887574
6.976413 0.887574
6.979151 0.887574
6.981890 0.887574
6.984629 0.887574
6.987367 0.887574
6.990106 0.887574
6.992845 0.889546
6.995583 0.889546
6.998322 0.889546
7.001061 0.889546
7.003799 0.891519
7.006538 0.891519
7.009277 0.891519
7.012015 0.891519
7.014754 0.891519
7.017493 0.891519
7.020231 0.891519
7.022970 0.893491
7.025709 0.893491
7.028447 0.893491
7.031186 0.895464
7.033925 0.895464
7.036664 0.895464
7.039402 0.895464
7.042141 0.895464
7.044880 0.895464
7.047618 0.895464
7.050357 0.895464
7.053096 0.895464
7.055834 0.895464
7.058573 0.895464
7.061312 0.895464
7.064050 0.895464
7.066789 0.895464
7.069528 0.895464
7.072266 0.895464
7.075005 0.895464
7.077744 0.895464
7.080482 0.895464
7.083221 0.895464
7.085960 0.895464
7.088698 0.895464
7.091437 0.895464
7.094176 0.895464
7.096915 0.895464
7.099653 0.895464
7.102392 0.895464
7.105131 0.895464
7.107869 0.895464
7.110608 0.895464
7.113347 0.895464
7.116085 0.895464
7.118824 0.895464
7.121563 0.895464
7.124301 0.897436
7.127040 0.897436
7.129779 0.897436
7.132517 0.897436
7.135256 0.897436
7.137995 0.897436
7.140733 0.897436
7.143472 0.897436
7.146211 0.897436
7.148949 0.899408
7.151688 0.899408
7.154427 0.899408
7.157165 0.899408
7.159904 0.899408
7.162643 0.899408
7.165382 0.899408
7.168120 0.899408
7.170859 0.899408
7.173598 0.899408
7.176336 0.899408
7.179075 0.899408
7.181814 0.899408
7.184552 0.899408
7.187291 0.899408
7.190030 0.899408
7.192768 0.899408
7.195507 0.899408
7.198246 0.899408
7.200984 0.899408
7.203723 0.899408
7.206462 0.899408
7.209200 0.899408
7.211939 0.899408
7.214678 0.901381
7.217416 0.901381
7.220155 0.901381
7.222894 0.901381
7.225633 0.901381
7.228371 0.903353
7.231110 0.903353
7.233849 0.903353
7.236587 0.903353
7.239326 0.903353
7.242065 0.903353
7.244803 0.903353
7.247542 0.903353
7.250281 0.903353
7.253019 0.903353
7.255758 0.903353
7.258497 0.903353
7.261235 0.903353
7.263974 0.903353
7.266713 0.903353
7.269451 0.905325
7.272190 0.905325
7.274929 0.905325
7.277667 0.905325
7.280406 0.905325
7.283145 0.905325
7.285884 0.905325
7.288622 0.905325
7.291361 0.905325
7.294100 0.905325
7.296838 0.905325
7.299577 0.905325
7.302316 0.905325
7.305054 0.907298
7.307793 0.907298
7.310532 0.907298
7.313270 0.909270
7.316009 0.909270
7.318748 0.909270
7.321486 0.909270
7.324225 0.909270
7.326964 0.909270
7.329702 0.909270
7.332441 0.909270
7.335180 0.909270
7.337918 0.909270
7.340657 0.909270
7.343396 0.909270
7.346134 0.909270
7.348873 0.909270
7.351612 0.909270
7.354351 0.909270
7.357089 0.909270
7.359828 0.909270
7.362567 0.909270
7.365305 0.909270
7.368044 0.909270
7.370783 0.909270
7.373521 0.909270
7.376260 0.909270
7.378999 0.909270
7.381737 0.909270
7.384476 0.909270
7.387215 0.909270
7.389953 0.909270
7.392692 0.911243
7.395431 0.911243
7.398169 0.911243
7.400908 0.911243
7.403647 0.911243
7.406385 0.911243
7.409124 0.911243
7.411863 0.911243
7.414602 0.911243
7.417340 0.911243
7.420079 0.911243
7.422818 0.911243
7.425556 0.911243
7.428295 0.911243
7.431034 0.911243
7.433772 0.911243
7.436511 0.911243
7.439250 0.911243
7.441988 0.911243
7.444727 0.911243
7.447466 0.911243
7.450204 0.913215
7.452943 0.913215
7.455682 0.913215
7.458420 0.913215
7.461159 0.913215
7.463898 0.913215
7.466636 0.913215
7.469375 0.913215
7.472114 0.913215
7.474852 0.913215
7.477591 0.913215
7.480330 0.913215
7.483069 0.913215
7.485807 0.913215
7.488546 0.913215
7.491285 0.913215
7.494023 0.913215
7.496762 0.913215
7.499501 0.913215
7.502239 0.913215
7.504978 0.913215
7.507717 0.913215
7.510455 0.913215
7.513194 0.913215
7.515933 0.913215
7.518671 0.913215
7.521410 0.913215
7.524149 0.913215
7.526887 0.913215
7.529626 0.913215
7.532365 0.913215
7.535103 0.913215
7.537842 0.913215
7.540581 0.913215
7.543320 0.913215
7.546058 0.913215
7.548797 0.913215
7.551536 0.913215
7.554274 0.913215
7.557013 0.917160
7.559752 0.917160
7.562490 0.917160
7.565229 0.917160
7.567968 0.917160
7.570706 0.917160
7.573445 0.917160
7.576184 0.917160
7.578922 0.917160
7.581661 0.917160
7.584400 0.917160
7.587138 0.917160
7.589877 0.917160
7.592616 0.917160
7.595354 0.919132
7.598093 0.919132
7.600832 0.919132
7.603570 0.919132
7.606309 0.919132
7.609048 0.919132
7.611787 0.919132
7.614525 0.919132
7.617264 0.919132
7.620003 0.919132
7.622741 0.919132
7.625480 0.919132
7.628219 0.919132
7.630957 0.919132
7.633696 0.919132
7.636435 0.919132
7.639173 0.919132
7.641912 0.919132
7.644651 0.919132
7.647389 0.919132
7.650128 0.919132
7.652867 0.919132
7.655605 0.919132
7.658344 0.919132
7.661083 0.919132
7.663821 0.919132
7.666560 0.919132
7.669299 0.919132
7.672038 0.919132
7.674776 0.919132
7.677515 0.919132
7.680254 0.919132
7.682992 0.919132
7.685731 0.919132
7.688470 0.919132
7.691208 0.919132
7.693947 0.919132
7.696686 0.919132
7.699424 0.919132
7.702163 0.919132
7.704902 0.919132
7.707640 0.919132
7.710379 0.919132
7.713118 0.921105
7.715856 0.921105
7.718595 0.921105
7.721334 0.921105
7.724072 0.921105
7.726811 0.921105
7.729550 0.921105
7.732288 0.921105
7.735027 0.921105
7.737766 0.921105
7.740505 0.921105
7.743243 0.921105
7.745982 0.923077
7.748721 0.923077
7.751459 0.923077
7.754198 0.923077
7.756937 0.923077
7.759675 0.923077
7.762414 0.923077
7.765153 0.923077
7.767891 0.923077
7.770630 0.923077
7.773369 0.923077
7.776107 0.923077
7.778846 0.923077
7.781585 0.923077
7.784323 0.925049
7.787062 0.925049
7.789801 0.925049
7.792539 0.925049
7.795278 0.925049
7.798017 0.925049
7.800756 0.925049
7.803494 0.925049
7.806233 0.925049
7.808972 0.925049
7.811710 0.925049
7.814449 0.925049
7.817188 0.925049
7.819926 0.925049
7.822665 0.925049
7.825404 0.925049
7.828142 0.925049
7.830881 0.927022
7.833620 0.927022
7.836358 0.927022
7.839097 0.927022
7.841836 0.927022
7.844574 0.927022
7.847313 0.927022
7.850052 0.927022
7.852790 0.927022
7.855529 0.928994
7.858268 0.928994
7.861006 0.928994
7.863745 0.928994
7.866484 0.928994
7.869223 0.928994
7.871961 0.928994
7.874700 0.928994
7.877439 0.928994
7.880177 0.928994
7.882916 0.928994
7.885655 0.930966
7.888393 0.930966
7.891132 0.930966
7.893871 0.930966
7.896609 0.930966
7.899348 0.930966
7.902087 0.930966
7.904825 0.930966
7.907564 0.930966
7.910303 0.930966
7.913041 0.930966
7.915780 0.930966
7.918519 0.930966
7.921257 0.930966
7.923996 0.930966
7.926735 0.930966
7.929474 0.930966
7.932212 0.930966
7.934951 0.930966
7.937690 0.932939
7.940428 0.932939
7.943167 0.932939
7.945906 0.932939
7.948644 0.932939
7.951383 0.932939
7.954122 0.932939
7.956860 0.932939
7.959599 0.932939
7.962338 0.932939
7.965076 0.932939
7.967815 0.932939
7.970554 0.932939
7.973292 0.932939
7.976031 0.932939
7.978770 0.932939
7.981508 0.932939
7.984247 0.934911
7.986986 0.934911
7.989724 0.934911
7.992463 0.934911
7.995202 0.934911
7.997941 0.934911
