2.380959 0.001972
2.382907 0.001972
2.384854 0.001972
2.386802 0.001972
2.388750 0.001972
2.390697 0.001972
2.392645 0.001972
2.394593 0.001972
2.396540 0.001972
2.398488 0.001972
2.400436 0.001972
2.402383 0.001972
2.404331 0.001972
2.406279 0.001972
2.408226 0.001972
2.410174 0.001972
2.412121 0.001972
2.414069 0.001972
2.416017 0.003945
2.417964 0.003945
2.419912 0.003945
2.421860 0.003945
2.423807 0.003945
2.425755 0.003945
2.427703 0.003945
2.429650 0.003945
2.431598 0.003945
2.433546 0.003945
2.435493 0.003945
2.437441 0.003945
2.439388 0.003945
2.441336 0.003945
2.443284 0.003945
2.445231 0.003945
2.447179 0.003945
2.449127 0.003945
2.451074 0.003945
2.453022 0.003945
2.454970 0.003945
2.456917 0.003945
2.458865 0.003945
2.460813 0.003945
2.462760 0.003945
2.464708 0.003945
2.466655 0.003945
2.468603 0.003945
2.470551 0.003945
2.472498 0.003945
2.474446 0.003945
2.476394 0.003945
2.478341 0.003945
2.480289 0.003945
2.482237 0.003945
2.484184 0.003945
2.486132 0.003945
2.488080 0.003945
2.490027 0.005917
2.491975 0.005917
2.493923 0.005917
2.495870 0.005917
2.497818 0.005917
2.499765 0.005917
2.501713 0.005917
2.503661 0.005917
2.505608 0.005917
2.507556 0.007890
2.509504 0.007890
2.511451 0.007890
2.513399 0.007890
2.515347 0.007890
2.517294 0.007890
2.519242 0.007890
2.521190 0.007890
2.523137 0.007890
2.525085 0.007890
2.527032 0.007890
2.528980 0.007890
2.530928 0.007890
2.532875 0.007890
2.534823 0.007890
2.536771 0.007890
2.538718 0.007890
2.540666 0.007890
2.542614 0.007890
2.544561 0.007890
2.546509 0.007890
2.548457 0.007890
2.550404 0.007890
2.552352 0.007890
2.554299 0.007890
2.556247 0.007890
2.558195 0.007890
2.560142 0.007890
2.562090 0.007890
2.564038 0.007890
2.565985 0.007890
2.567933 0.007890
2.569881 0.007890
2.571828 0.007890
2.573776 0.007890
2.575724 0.007890
2.577671 0.007890
2.579619 0.007890
2.581566 0.007890
2.583514 0.007890
2.585462 0.007890
2.587409 0.007890
2.589357 0.007890
2.591305 0.007890
2.593252 0.007890
2.595200 0.007890
2.597148 0.007890
2.599095 0.007890
2.601043 0.007890
2.602991 0.007890
2.604938 0.007890
2.606886 0.007890
2.608833 0.007890
2.610781 0.007890
2.612729 0.007890
2.614676 0.007890
2.616624 0.007890
2.618572 0.007890
2.620519 0.007890
2.622467 0.007890
2.624415 0.007890
2.626362 0.007890
2.628310 0.007890
2.630258 0.007890
2.632205 0.007890
2.634153 0.007890
2.636100 0.007890
2.638048 0.007890
2.639996 0.007890
2.641943 0.007890
2.643891 0.007890
2.645839 0.007890
2.647786 0.007890
2.649734 0.007890
2.651682 0.007890
2.653629 0.007890
2.655577 0.007890
2.657525 0.007890
2.659472 0.007890
2.661420 0.007890
2.663368 0.007890
2.665315 0.007890
2.667263 0.007890
2.669210 0.007890
2.671158 0.007890
2.673106 0.007890
2.675053 0.007890
2.677001 0.007890
2.678949 0.007890
2.680896 0.007890
2.682844 0.007890
2.684792 0.007890
2.686739 0.007890
2.688687 0.007890
2.690635 0.007890
2.692582 0.007890
2.694530 0.007890
2.696477 0.007890
2.698425 0.007890
2.700373 0.007890
2.702320 0.007890
2.704268 0.007890
2.706216 0.007890
2.708163 0.007890
2.710111 0.007890
2.712059 0.007890
2.714006 0.007890
2.715954 0.007890
2.717902 0.007890
2.719849 0.007890
2.721797 0.007890
2.723744 0.007890
2.725692 0.007890
2.727640 0.007890
2.729587 0.007890
2.731535 0.007890
2.733483 0.007890
2.735430 0.007890
2.737378 0.007890
2.739326 0.007890
2.741273 0.007890
2.743221 0.007890
2.745169 0.007890
2.747116 0.007890
2.749064 0.007890
2.751011 0.007890
2.752959 0.007890
2.754907 0.007890
2.756854 0.007890
2.758802 0.007890
2.760750 0.007890
2.762697 0.007890
2.764645 0.007890
2.766593 0.007890
2.768540 0.007890
2.770488 0.007890
2.772436 0.007890
2.774383 0.007890
2.776331 0.007890
2.778278 0.007890
2.780226 0.007890
2.782174 0.007890
2.784121 0.007890
2.786069 0.007890
2.788017 0.007890
2.789964 0.007890
2.791912 0.007890
2.793860 0.007890
2.795807 0.007890
2.797755 0.007890
2.799703 0.007890
2.801650 0.007890
2.803598 0.007890
2.805545 0.007890
2.807493 0.007890
2.809441 0.007890
2.811388 0.007890
2.813336 0.007890
2.815284 0.007890
2.817231 0.007890
2.819179 0.007890
2.821127 0.007890
2.823074 0.007890
2.825022 0.007890
2.826970 0.007890
2.828917 0.007890
2.830865 0.007890
2.832813 0.009862
2.834760 0.009862
2.836708 0.009862
2.838655 0.009862
2.840603 0.009862
2.842551 0.009862
2.844498 0.009862
2.846446 0.009862
2.848394 0.009862
2.850341 0.009862
2.852289 0.009862
2.854237 0.009862
2.856184 0.009862
2.858132 0.009862
2.860080 0.009862
2.862027 0.009862
2.863975 0.009862
2.865922 0.009862
2.867870 0.009862
2.869818 0.009862
2.871765 0.009862
2.873713 0.009862
2.875661 0.009862
2.877608 0.009862
2.879556 0.009862
2.881504 0.009862
2.883451 0.009862
2.885399 0.009862
2.887347 0.009862
2.889294 0.009862
2.891242 0.009862
2.893189 0.009862
2.895137 0.009862
2.897085 0.011834
2.899032 0.011834
2.900980 0.011834
2.902928 0.011834
2.904875 0.011834
2.906823 0.011834
2.908771 0.013807
2.910718 0.013807
2.912666 0.013807
2.914614 0.015779
2.916561 0.017751
2.918509 0.017751
2.920456 0.017751
2.922404 0.019724
2.924352 0.019724
2.926299 0.019724
2.928247 0.019724
2.930195 0.019724
2.932142 0.019724
2.934090 0.019724
2.936038 0.019724
2.937985 0.019724
2.939933 0.019724
2.941881 0.019724
2.943828 0.019724
2.945776 0.019724
2.947723 0.019724
2.949671 0.019724
2.951619 0.021696
2.953566 0.023669
2.955514 0.023669
2.957462 0.023669
2.959409 0.023669
2.961357 0.023669
2.963305 0.023669
2.965252 0.023669
2.967200 0.023669
2.969148 0.023669
2.971095 0.023669
2.973043 0.023669
2.974991 0.023669
2.976938 0.023669
2.978886 0.023669
2.980833 0.023669
2.982781 0.023669
2.984729 0.023669
2.986676 0.023669
2.988624 0.023669
2.990572 0.023669
2.992519 0.023669
2.994467 0.023669
2.996415 0.023669
2.998362 0.023669
3.000310 0.023669
3.002258 0.023669
3.004205 0.023669
3.006153 0.023669
3.008100 0.023669
3.010048 0.023669
3.011996 0.023669
3.013943 0.025641
3.015891 0.025641
3.017839 0.025641
3.019786 0.025641
3.021734 0.027613
3.023682 0.027613
3.025629 0.027613
3.027577 0.027613
3.029525 0.027613
3.031472 0.027613
3.033420 0.027613
3.035367 0.027613
3.037315 0.027613
3.039263 0.027613
3.041210 0.027613
3.043158 0.027613
3.045106 0.027613
3.047053 0.027613
3.049001 0.029586
3.050949 0.029586
3.052896 0.029586
3.054844 0.029586
3.056792 0.029586
3.058739 0.029586
3.060687 0.029586
3.062634 0.029586
3.064582 0.031558
3.066530 0.031558
3.068477 0.033531
3.070425 0.033531
3.072373 0.033531
3.074320 0.033531
3.076268 0.033531
3.078216 0.033531
3.080163 0.033531
3.082111 0.033531
3.084059 0.033531
3.086006 0.033531
3.087954 0.033531
3.089901 0.033531
3.091849 0.033531
3.093797 0.033531
3.095744 0.033531
3.097692 0.033531
3.099640 0.033531
3.101587 0.035503
3.103535 0.035503
3.105483 0.035503
3.107430 0.035503
3.109378 0.037475
3.111326 0.039448
3.113273 0.039448
3.115221 0.039448
3.117168 0.039448
3.119116 0.039448
3.121064 0.039448
3.123011 0.041420
3.124959 0.043393
3.126907 0.043393
3.128854 0.043393
3.130802 0.045365
3.132750 0.045365
3.134697 0.045365
3.136645 0.045365
3.138593 0.045365
3.140540 0.045365
3.142488 0.045365
3.144436 0.045365
3.146383 0.045365
3.148331 0.045365
3.150278 0.047337
3.152226 0.047337
3.154174 0.047337
3.156121 0.047337
3.158069 0.047337
3.160017 0.047337
3.161964 0.047337
3.163912 0.047337
3.165860 0.047337
3.167807 0.049310
3.169755 0.049310
3.171703 0.051282
3.173650 0.053254
3.175598 0.053254
3.177545 0.053254
3.179493 0.055227
3.181441 0.057199
3.183388 0.059172
3.185336 0.059172
3.187284 0.059172
3.189231 0.059172
3.191179 0.059172
3.193127 0.059172
3.195074 0.059172
3.197022 0.059172
3.198970 0.059172
3.200917 0.059172
3.202865 0.059172
3.204812 0.061144
3.206760 0.061144
3.208708 0.061144
3.210655 0.061144
3.212603 0.061144
3.214551 0.061144
3.216498 0.061144
3.218446 0.063116
3.220394 0.063116
3.222341 0.063116
3.224289 0.063116
3.226237 0.063116
3.228184 0.063116
3.230132 0.063116
3.232079 0.063116
3.234027 0.063116
3.235975 0.063116
3.237922 0.063116
3.239870 0.063116
3.241818 0.063116
3.243765 0.063116
3.245713 0.063116
3.247661 0.063116
3.249608 0.063116
3.251556 0.063116
3.253504 0.063116
3.255451 0.063116
3.257399 0.065089
3.259346 0.065089
3.261294 0.065089
3.263242 0.065089
3.265189 0.065089
3.267137 0.065089
3.269085 0.065089
3.271032 0.065089
3.272980 0.065089
3.274928 0.065089
3.276875 0.069034
3.278823 0.071006
3.280771 0.071006
3.282718 0.071006
3.284666 0.071006
3.286613 0.072978
3.288561 0.074951
3.290509 0.074951
3.292456 0.074951
3.294404 0.074951
3.296352 0.074951
3.298299 0.074951
3.300247 0.074951
3.302195 0.074951
3.304142 0.076923
3.306090 0.076923
3.308038 0.076923
3.309985 0.076923
3.311933 0.076923
3.313881 0.076923
3.315828 0.076923
3.317776 0.078895
3.319723 0.078895
3.321671 0.078895
3.323619 0.078895
3.325566 0.078895
3.327514 0.078895
3.329462 0.078895
3.331409 0.078895
3.333357 0.078895
3.335305 0.078895
3.337252 0.078895
3.339200 0.078895
3.341148 0.078895
3.343095 0.080868
3.345043 0.082840
3.346990 0.082840
3.348938 0.084813
3.350886 0.086785
3.352833 0.086785
3.354781 0.086785
3.356729 0.086785
3.358676 0.086785
3.360624 0.088757
3.362572 0.088757
3.364519 0.088757
3.366467 0.088757
3.368415 0.088757
3.370362 0.088757
3.372310 0.088757
3.374257 0.088757
3.376205 0.088757
3.378153 0.088757
3.380100 0.090730
3.382048 0.090730
3.383996 0.090730
3.385943 0.090730
3.387891 0.090730
3.389839 0.090730
3.391786 0.090730
3.393734 0.090730
3.395682 0.090730
3.397629 0.090730
3.399577 0.090730
3.401524 0.090730
3.403472 0.090730
3.405420 0.090730
3.407367 0.090730
3.409315 0.090730
3.411263 0.090730
3.413210 0.090730
3.415158 0.090730
3.417106 0.090730
3.419053 0.090730
3.421001 0.090730
3.422949 0.090730
3.424896 0.090730
3.426844 0.090730
3.428791 0.090730
3.430739 0.094675
3.432687 0.094675
3.434634 0.094675
3.436582 0.094675
3.438530 0.094675
3.440477 0.094675
3.442425 0.094675
3.444373 0.096647
3.446320 0.096647
3.448268 0.096647
3.450216 0.096647
3.452163 0.096647
3.454111 0.096647
3.456058 0.096647
3.458006 0.096647
3.459954 0.096647
3.461901 0.096647
3.463849 0.096647
3.465797 0.098619
3.467744 0.098619
3.469692 0.100592
3.471640 0.100592
3.473587 0.100592
3.475535 0.100592
3.477483 0.100592
3.479430 0.100592
3.481378 0.100592
3.483326 0.100592
3.485273 0.100592
3.487221 0.100592
3.489168 0.100592
3.491116 0.100592
3.493064 0.100592
3.495011 0.102564
3.496959 0.104536
3.498907 0.106509
3.500854 0.106509
3.502802 0.108481
3.504750 0.108481
3.506697 0.108481
3.508645 0.110454
3.510593 0.110454
3.512540 0.110454
3.514488 0.110454
3.516435 0.112426
3.518383 0.112426
3.520331 0.112426
3.522278 0.112426
3.524226 0.112426
3.526174 0.114398
3.528121 0.114398
3.530069 0.114398
3.532017 0.114398
3.533964 0.114398
3.535912 0.116371
3.537860 0.116371
3.539807 0.116371
3.541755 0.116371
3.543702 0.116371
3.545650 0.116371
3.547598 0.116371
3.549545 0.116371
3.551493 0.116371
3.553441 0.116371
3.555388 0.116371
3.557336 0.116371
3.559284 0.116371
3.561231 0.116371
3.563179 0.118343
3.565127 0.118343
3.567074 0.120316
3.569022 0.120316
3.570969 0.122288
3.572917 0.122288
3.574865 0.124260
3.576812 0.124260
3.578760 0.126233
3.580708 0.126233
3.582655 0.126233
3.584603 0.126233
3.586551 0.126233
3.588498 0.126233
3.590446 0.126233
3.592394 0.126233
3.594341 0.126233
3.596289 0.128205
3.598236 0.128205
3.600184 0.130178
3.602132 0.134122
3.604079 0.134122
3.606027 0.134122
3.607975 0.134122
3.609922 0.134122
3.611870 0.136095
3.613818 0.138067
3.615765 0.138067
3.617713 0.138067
3.619661 0.138067
3.621608 0.138067
3.623556 0.140039
3.625503 0.142012
3.627451 0.142012
3.629399 0.142012
3.631346 0.142012
3.633294 0.142012
3.635242 0.143984
3.637189 0.143984
3.639137 0.143984
3.641085 0.145957
3.643032 0.145957
3.644980 0.145957
3.646928 0.145957
3.648875 0.145957
3.650823 0.145957
3.652771 0.145957
3.654718 0.149901
3.656666 0.149901
3.658613 0.149901
3.660561 0.151874
3.662509 0.153846
3.664456 0.155819
3.666404 0.155819
3.668352 0.155819
3.670299 0.155819
3.672247 0.157791
3.674195 0.157791
3.676142 0.159763
3.678090 0.161736
3.680038 0.161736
3.681985 0.161736
3.683933 0.161736
3.685880 0.161736
3.687828 0.161736
3.689776 0.161736
3.691723 0.161736
3.693671 0.161736
3.695619 0.161736
3.697566 0.161736
3.699514 0.161736
3.701462 0.161736
3.703409 0.161736
3.705357 0.161736
3.707305 0.161736
3.709252 0.161736
3.711200 0.165680
3.713147 0.165680
3.715095 0.167653
3.717043 0.167653
3.718990 0.173570
3.720938 0.175542
3.722886 0.175542
3.724833 0.175542
3.726781 0.175542
3.728729 0.175542
3.730676 0.177515
3.732624 0.179487
3.734572 0.179487
3.736519 0.179487
3.738467 0.179487
3.740414 0.181460
3.742362 0.183432
3.744310 0.183432
3.746257 0.183432
3.748205 0.185404
3.750153 0.185404
3.752100 0.185404
3.754048 0.185404
3.755996 0.185404
3.757943 0.185404
3.759891 0.185404
3.761839 0.185404
3.763786 0.189349
3.765734 0.189349
3.767681 0.189349
3.769629 0.189349
3.771577 0.189349
3.773524 0.189349
3.775472 0.189349
3.777420 0.189349
3.779367 0.189349
3.781315 0.189349
3.783263 0.189349
3.785210 0.189349
3.787158 0.189349
3.789106 0.189349
3.791053 0.189349
3.793001 0.189349
3.794949 0.191321
3.796896 0.193294
3.798844 0.193294
3.800791 0.193294
3.802739 0.193294
3.804687 0.193294
3.806634 0.193294
3.808582 0.193294
3.810530 0.195266
3.812477 0.195266
3.814425 0.199211
3.816373 0.201183
3.818320 0.201183
3.820268 0.201183
3.822216 0.201183
3.824163 0.203156
3.826111 0.205128
3.828058 0.205128
3.830006 0.205128
3.831954 0.205128
3.833901 0.205128
3.835849 0.205128
3.837797 0.205128
3.839744 0.205128
3.841692 0.205128
3.843640 0.205128
3.845587 0.205128
3.847535 0.207101
3.849483 0.207101
3.851430 0.209073
3.853378 0.209073
3.855325 0.211045
3.857273 0.211045
3.859221 0.211045
3.861168 0.211045
3.863116 0.211045
3.865064 0.213018
3.867011 0.213018
3.868959 0.213018
3.870907 0.213018
3.872854 0.213018
3.874802 0.213018
3.876750 0.213018
3.878697 0.214990
3.880645 0.214990
3.882592 0.214990
3.884540 0.214990
3.886488 0.214990
3.888435 0.216963
3.890383 0.216963
3.892331 0.220907
3.894278 0.222880
3.896226 0.222880
3.898174 0.222880
3.900121 0.222880
3.902069 0.224852
3.904017 0.228797
3.905964 0.228797
3.907912 0.228797
3.909859 0.228797
3.911807 0.230769
3.913755 0.230769
3.915702 0.230769
3.917650 0.230769
3.919598 0.230769
3.921545 0.230769
3.923493 0.230769
3.925441 0.230769
3.927388 0.230769
3.929336 0.230769
3.931284 0.232742
3.933231 0.232742
3.935179 0.232742
3.937126 0.232742
3.939074 0.234714
3.941022 0.236686
3.942969 0.238659
3.944917 0.238659
3.946865 0.238659
3.948812 0.238659
3.950760 0.238659
3.952708 0.240631
3.954655 0.242604
3.956603 0.242604
3.958551 0.244576
3.960498 0.244576
3.962446 0.246548
3.964394 0.246548
3.966341 0.246548
3.968289 0.246548
3.970236 0.246548
3.972184 0.246548
3.974132 0.248521
3.976079 0.248521
3.978027 0.248521
3.979975 0.252465
3.981922 0.252465
3.983870 0.254438
3.985818 0.254438
3.987765 0.254438
3.989713 0.256410
3.991661 0.256410
3.993608 0.256410
3.995556 0.256410
3.997503 0.258383
3.999451 0.258383
4.001399 0.258383
4.003346 0.260355
4.005294 0.260355
4.007242 0.262327
4.009189 0.262327
4.011137 0.266272
4.013085 0.266272
4.015032 0.266272
4.016980 0.266272
4.018928 0.266272
4.020875 0.266272
4.022823 0.266272
4.024770 0.270217
4.026718 0.270217
4.028666 0.270217
4.030613 0.270217
4.032561 0.270217
4.034509 0.272189
4.036456 0.272189
4.038404 0.272189
4.040352 0.274162
4.042299 0.274162
4.044247 0.276134
4.046195 0.276134
4.048142 0.276134
4.050090 0.276134
4.052037 0.276134
4.053985 0.276134
4.055933 0.276134
4.057880 0.276134
4.059828 0.276134
4.061776 0.276134
4.063723 0.278107
4.065671 0.278107
4.067619 0.278107
4.069566 0.278107
4.071514 0.280079
4.073462 0.280079
4.075409 0.280079
4.077357 0.284024
4.079304 0.284024
4.081252 0.284024
4.083200 0.284024
4.085147 0.284024
4.087095 0.284024
4.089043 0.285996
4.090990 0.287968
4.092938 0.289941
4.094886 0.289941
4.096833 0.289941
4.098781 0.291913
4.100729 0.291913
4.102676 0.291913
4.104624 0.291913
4.106571 0.295858
4.108519 0.295858
4.110467 0.295858
4.112414 0.295858
4.114362 0.295858
4.116310 0.295858
4.118257 0.297830
4.120205 0.299803
4.122153 0.299803
4.124100 0.299803
4.126048 0.301775
4.127996 0.301775
4.129943 0.301775
4.131891 0.301775
4.133839 0.301775
4.135786 0.301775
4.137734 0.301775
4.139681 0.301775
4.141629 0.301775
4.143577 0.301775
4.145524 0.303748
4.147472 0.303748
4.149420 0.303748
4.151367 0.303748
4.153315 0.303748
4.155263 0.303748
4.157210 0.305720
4.159158 0.305720
4.161106 0.309665
4.163053 0.311637
4.165001 0.311637
4.166948 0.311637
4.168896 0.311637
4.170844 0.313609
4.172791 0.313609
4.174739 0.313609
4.176687 0.313609
4.178634 0.313609
4.180582 0.313609
4.182530 0.315582
4.184477 0.315582
4.186425 0.315582
4.188373 0.315582
4.190320 0.315582
4.192268 0.315582
4.194215 0.317554
4.196163 0.319527
4.198111 0.319527
4.200058 0.321499
4.202006 0.321499
4.203954 0.325444
4.205901 0.325444
4.207849 0.325444
4.209797 0.325444
4.211744 0.325444
4.213692 0.325444
4.215640 0.325444
4.217587 0.325444
4.219535 0.327416
4.221482 0.327416
4.223430 0.327416
4.225378 0.329389
4.227325 0.329389
4.229273 0.333333
4.231221 0.333333
4.233168 0.333333
4.235116 0.335306
4.237064 0.339250
4.239011 0.341223
4.240959 0.343195
4.242907 0.343195
4.244854 0.343195
4.246802 0.343195
4.248749 0.343195
4.250697 0.345168
4.252645 0.347140
4.254592 0.349112
4.256540 0.349112
4.258488 0.351085
4.260435 0.351085
4.262383 0.351085
4.264331 0.355030
4.266278 0.355030
4.268226 0.355030
4.270174 0.355030
4.272121 0.355030
4.274069 0.355030
4.276016 0.357002
4.277964 0.358974
4.279912 0.358974
4.281859 0.360947
4.283807 0.362919
4.285755 0.362919
4.287702 0.362919
4.289650 0.362919
4.291598 0.362919
4.293545 0.362919
4.295493 0.362919
4.297441 0.362919
4.299388 0.362919
4.301336 0.362919
4.303284 0.364892
4.305231 0.364892
4.307179 0.364892
4.309126 0.364892
4.311074 0.364892
4.313022 0.364892
4.314969 0.366864
4.316917 0.366864
4.318865 0.366864
4.320812 0.366864
4.322760 0.366864
4.324708 0.366864
4.326655 0.366864
4.328603 0.366864
4.330551 0.368836
4.332498 0.368836
4.334446 0.368836
4.336393 0.370809
4.338341 0.370809
4.340289 0.370809
4.342236 0.370809
4.344184 0.370809
4.346132 0.374753
4.348079 0.374753
4.350027 0.374753
4.351975 0.374753
4.353922 0.374753
4.355870 0.378698
4.357818 0.380671
4.359765 0.380671
4.361713 0.380671
4.363660 0.380671
4.365608 0.384615
4.367556 0.384615
4.369503 0.384615
4.371451 0.384615
4.373399 0.384615
4.375346 0.384615
4.377294 0.384615
4.379242 0.384615
4.381189 0.386588
4.383137 0.388560
4.385085 0.388560
4.387032 0.388560
4.388980 0.388560
4.390927 0.388560
4.392875 0.388560
4.394823 0.388560
4.396770 0.388560
4.398718 0.390533
4.400666 0.390533
4.402613 0.390533
4.404561 0.390533
4.406509 0.390533
4.408456 0.392505
4.410404 0.392505
4.412352 0.392505
4.414299 0.392505
4.416247 0.392505
4.418194 0.398422
4.420142 0.398422
4.422090 0.398422
4.424037 0.398422
4.425985 0.398422
4.427933 0.398422
4.429880 0.400394
4.431828 0.402367
4.433776 0.402367
4.435723 0.402367
4.437671 0.402367
4.439619 0.402367
4.441566 0.402367
4.443514 0.402367
4.445461 0.402367
4.447409 0.404339
4.449357 0.404339
4.451304 0.404339
4.453252 0.404339
4.455200 0.404339
4.457147 0.404339
4.459095 0.404339
4.461043 0.404339
4.462990 0.404339
4.464938 0.404339
4.466886 0.404339
4.468833 0.406312
4.470781 0.406312
4.472729 0.406312
4.474676 0.406312
4.476624 0.406312
4.478571 0.406312
4.480519 0.408284
4.482467 0.408284
4.484414 0.410256
4.486362 0.410256
4.488310 0.410256
4.490257 0.410256
4.492205 0.412229
4.494153 0.414201
4.496100 0.414201
4.498048 0.414201
4.499996 0.418146
4.501943 0.418146
4.503891 0.418146
4.505838 0.420118
4.507786 0.420118
4.509734 0.420118
4.511681 0.420118
4.513629 0.420118
4.515577 0.422091
4.517524 0.422091
4.519472 0.422091
4.521420 0.422091
4.523367 0.422091
4.525315 0.422091
4.527263 0.422091
4.529210 0.422091
4.531158 0.422091
4.533105 0.422091
4.535053 0.422091
4.537001 0.422091
4.538948 0.422091
4.540896 0.422091
4.542844 0.422091
4.544791 0.422091
4.546739 0.424063
4.548687 0.424063
4.550634 0.426036
4.552582 0.426036
4.554530 0.426036
4.556477 0.426036
4.558425 0.426036
4.560372 0.426036
4.562320 0.426036
4.564268 0.426036
4.566215 0.426036
4.568163 0.426036
4.570111 0.428008
4.572058 0.428008
4.574006 0.428008
4.575954 0.428008
4.577901 0.429980
4.579849 0.429980
4.581797 0.431953
4.583744 0.431953
4.585692 0.433925
4.587639 0.433925
4.589587 0.433925
4.591535 0.433925
4.593482 0.433925
4.595430 0.433925
4.597378 0.433925
4.599325 0.433925
4.601273 0.433925
4.603221 0.435897
4.605168 0.435897
4.607116 0.435897
4.609064 0.439842
4.611011 0.439842
4.612959 0.439842
4.614907 0.439842
4.616854 0.441815
4.618802 0.441815
4.620749 0.441815
4.622697 0.443787
4.624645 0.443787
4.626592 0.443787
4.628540 0.443787
4.630488 0.445759
4.632435 0.445759
4.634383 0.445759
4.636331 0.447732
4.638278 0.447732
4.640226 0.447732
4.642174 0.447732
4.644121 0.449704
4.646069 0.449704
4.648016 0.451677
4.649964 0.451677
4.651912 0.451677
4.653859 0.451677
4.655807 0.451677
4.657755 0.453649
4.659702 0.453649
4.661650 0.453649
4.663598 0.453649
4.665545 0.453649
4.667493 0.455621
4.669441 0.457594
4.671388 0.457594
4.673336 0.457594
4.675283 0.461538
4.677231 0.463511
4.679179 0.463511
4.681126 0.463511
4.683074 0.465483
4.685022 0.465483
4.686969 0.465483
4.688917 0.465483
4.690865 0.465483
4.692812 0.465483
4.694760 0.467456
4.696708 0.467456
4.698655 0.467456
4.700603 0.467456
4.702550 0.467456
4.704498 0.467456
4.706446 0.467456
4.708393 0.467456
4.710341 0.467456
4.712289 0.467456
4.714236 0.467456
4.716184 0.467456
4.718132 0.467456
4.720079 0.469428
4.722027 0.469428
4.723975 0.469428
4.725922 0.469428
4.727870 0.469428
4.729817 0.471400
4.731765 0.471400
4.733713 0.471400
4.735660 0.471400
4.737608 0.471400
4.739556 0.471400
4.741503 0.471400
4.743451 0.471400
4.745399 0.471400
4.747346 0.471400
4.749294 0.471400
4.751242 0.471400
4.753189 0.471400
4.755137 0.471400
4.757084 0.471400
4.759032 0.471400
4.760980 0.471400
4.762927 0.473373
4.764875 0.473373
4.766823 0.475345
4.768770 0.475345
4.770718 0.475345
4.772666 0.477318
4.774613 0.477318
4.776561 0.477318
4.778509 0.479290
4.780456 0.481262
4.782404 0.481262
4.784352 0.481262
4.786299 0.483235
4.788247 0.483235
4.790194 0.487179
4.792142 0.487179
4.794090 0.487179
4.796037 0.487179
4.797985 0.487179
4.799933 0.487179
4.801880 0.487179
4.803828 0.487179
4.805776 0.487179
4.807723 0.487179
4.809671 0.487179
4.811619 0.487179
4.813566 0.487179
4.815514 0.487179
4.817461 0.487179
4.819409 0.487179
4.821357 0.487179
4.823304 0.487179
4.825252 0.487179
4.827200 0.487179
4.829147 0.487179
4.831095 0.487179
4.833043 0.487179
4.834990 0.489152
4.836938 0.491124
4.838886 0.493097
4.840833 0.493097
4.842781 0.493097
4.844728 0.495069
4.846676 0.495069
4.848624 0.495069
4.850571 0.497041
4.852519 0.497041
4.854467 0.499014
4.856414 0.499014
4.858362 0.499014
4.860310 0.499014
4.862257 0.499014
4.864205 0.499014
4.866153 0.499014
4.868100 0.500986
4.870048 0.500986
4.871995 0.500986
4.873943 0.504931
4.875891 0.504931
4.877838 0.504931
4.879786 0.506903
4.881734 0.506903
4.883681 0.506903
4.885629 0.506903
4.887577 0.508876
4.889524 0.508876
4.891472 0.510848
4.893420 0.510848
4.895367 0.510848
4.897315 0.510848
4.899262 0.510848
4.901210 0.510848
4.903158 0.510848
4.905105 0.512821
4.907053 0.512821
4.909001 0.512821
4.910948 0.512821
4.912896 0.514793
4.914844 0.514793
4.916791 0.514793
4.918739 0.514793
4.920687 0.514793
4.922634 0.518738
4.924582 0.520710
4.926529 0.520710
4.928477 0.520710
4.930425 0.520710
4.932372 0.522682
4.934320 0.522682
4.936268 0.524655
4.938215 0.524655
4.940163 0.524655
4.942111 0.524655
4.944058 0.524655
4.946006 0.524655
4.947954 0.524655
4.949901 0.526627
4.951849 0.526627
4.953797 0.526627
4.955744 0.528600
4.957692 0.528600
4.959639 0.528600
4.961587 0.528600
4.963535 0.528600
4.965482 0.530572
4.967430 0.532544
4.969378 0.532544
4.971325 0.536489
4.973273 0.536489
4.975221 0.538462
4.977168 0.538462
4.979116 0.538462
4.981064 0.538462
4.983011 0.540434
4.984959 0.542406
4.986906 0.542406
4.988854 0.542406
4.990802 0.542406
4.992749 0.542406
4.994697 0.542406
4.996645 0.542406
4.998592 0.542406
5.000540 0.542406
5.002488 0.542406
5.004435 0.542406
5.006383 0.542406
5.008331 0.542406
5.010278 0.542406
5.012226 0.542406
5.014173 0.542406
5.016121 0.542406
5.018069 0.544379
5.020016 0.544379
5.021964 0.544379
5.023912 0.544379
5.025859 0.544379
5.027807 0.544379
5.029755 0.544379
5.031702 0.544379
5.033650 0.546351
5.035598 0.546351
5.037545 0.546351
5.039493 0.546351
5.041440 0.546351
5.043388 0.546351
5.045336 0.546351
5.047283 0.546351
5.049231 0.546351
5.051179 0.546351
5.053126 0.546351
5.055074 0.546351
5.057022 0.546351
5.058969 0.548323
5.060917 0.548323
5.062865 0.548323
5.064812 0.550296
5.066760 0.550296
5.068707 0.552268
5.070655 0.552268
5.072603 0.552268
5.074550 0.554241
5.076498 0.554241
5.078446 0.554241
5.080393 0.554241
5.082341 0.554241
5.084289 0.554241
5.086236 0.554241
5.088184 0.554241
5.090132 0.554241
5.092079 0.554241
5.094027 0.554241
5.095974 0.554241
5.097922 0.554241
5.099870 0.554241
5.101817 0.554241
5.103765 0.554241
5.105713 0.556213
5.107660 0.556213
5.109608 0.558185
5.111556 0.558185
5.113503 0.558185
5.115451 0.558185
5.117399 0.558185
5.119346 0.558185
5.121294 0.558185
5.123242 0.558185
5.125189 0.560158
5.127137 0.562130
5.129084 0.562130
5.131032 0.564103
5.132980 0.566075
5.134927 0.566075
5.136875 0.566075
5.138823 0.570020
5.140770 0.571992
5.142718 0.571992
5.144666 0.573964
5.146613 0.573964
5.148561 0.573964
5.150509 0.573964
5.152456 0.575937
5.154404 0.577909
5.156351 0.579882
5.158299 0.581854
5.160247 0.581854
5.162194 0.581854
5.164142 0.581854
5.166090 0.581854
5.168037 0.581854
5.169985 0.581854
5.171933 0.581854
5.173880 0.581854
5.175828 0.581854
5.177776 0.581854
5.179723 0.581854
5.181671 0.581854
5.183618 0.581854
5.185566 0.581854
5.187514 0.581854
5.189461 0.581854
5.191409 0.581854
5.193357 0.581854
5.195304 0.581854
5.197252 0.581854
5.199200 0.581854
5.201147 0.583826
5.203095 0.583826
5.205043 0.583826
5.206990 0.583826
5.208938 0.583826
5.210885 0.587771
5.212833 0.587771
5.214781 0.587771
5.216728 0.587771
5.218676 0.587771
5.220624 0.587771
5.222571 0.589744
5.224519 0.589744
5.226467 0.589744
5.228414 0.589744
5.230362 0.589744
5.232310 0.589744
5.234257 0.591716
5.236205 0.591716
5.238152 0.591716
5.240100 0.591716
5.242048 0.593688
5.243995 0.593688
5.245943 0.593688
5.247891 0.593688
5.249838 0.593688
5.251786 0.593688
5.253734 0.595661
5.255681 0.595661
5.257629 0.595661
5.259577 0.595661
5.261524 0.595661
5.263472 0.595661
5.265419 0.595661
5.267367 0.595661
5.269315 0.597633
5.271262 0.599606
5.273210 0.599606
5.275158 0.603550
5.277105 0.605523
5.279053 0.605523
5.281001 0.605523
5.282948 0.605523
5.284896 0.605523
5.286844 0.605523
5.288791 0.605523
5.290739 0.609467
5.292687 0.609467
5.294634 0.609467
5.296582 0.609467
5.298529 0.609467
5.300477 0.611440
5.302425 0.611440
5.304372 0.611440
5.306320 0.611440
5.308268 0.611440
5.310215 0.611440
5.312163 0.611440
5.314111 0.611440
5.316058 0.611440
5.318006 0.613412
5.319954 0.613412
5.321901 0.613412
5.323849 0.613412
5.325796 0.613412
5.327744 0.615385
5.329692 0.615385
5.331639 0.617357
5.333587 0.617357
5.335535 0.617357
5.337482 0.617357
5.339430 0.617357
5.341378 0.617357
5.343325 0.617357
5.345273 0.617357
5.347221 0.619329
5.349168 0.621302
5.351116 0.621302
5.353063 0.623274
5.355011 0.625247
5.356959 0.625247
5.358906 0.625247
5.360854 0.625247
5.362802 0.625247
5.364749 0.627219
5.366697 0.627219
5.368645 0.627219
5.370592 0.627219
5.372540 0.627219
5.374488 0.627219
5.376435 0.627219
5.378383 0.627219
5.380330 0.627219
5.382278 0.627219
5.384226 0.627219
5.386173 0.627219
5.388121 0.627219
5.390069 0.627219
5.392016 0.627219
5.393964 0.627219
5.395912 0.627219
5.397859 0.629191
5.399807 0.629191
5.401755 0.629191
5.403702 0.629191
5.405650 0.629191
5.407597 0.631164
5.409545 0.631164
5.411493 0.631164
5.413440 0.633136
5.415388 0.633136
5.417336 0.633136
5.419283 0.633136
5.421231 0.633136
5.423179 0.633136
5.425126 0.633136
5.427074 0.635108
5.429022 0.635108
5.430969 0.635108
5.432917 0.637081
5.434864 0.637081
5.436812 0.637081
5.438760 0.637081
5.440707 0.637081
5.442655 0.637081
5.444603 0.637081
5.446550 0.639053
5.448498 0.639053
5.450446 0.639053
5.452393 0.639053
5.454341 0.639053
5.456289 0.639053
5.458236 0.639053
5.460184 0.639053
5.462132 0.639053
5.464079 0.639053
5.466027 0.639053
5.467974 0.639053
5.469922 0.639053
5.471870 0.639053
5.473817 0.639053
5.475765 0.639053
5.477713 0.639053
5.479660 0.639053
5.481608 0.639053
5.483556 0.639053
5.485503 0.639053
5.487451 0.639053
5.489399 0.641026
5.491346 0.641026
5.493294 0.641026
5.495241 0.641026
5.497189 0.641026
5.499137 0.641026
5.501084 0.641026
5.503032 0.641026
5.504980 0.641026
5.506927 0.641026
5.508875 0.641026
5.510823 0.641026
5.512770 0.642998
5.514718 0.644970
5.516666 0.644970
5.518613 0.644970
5.520561 0.644970
5.522508 0.644970
5.524456 0.644970
5.526404 0.646943
5.528351 0.646943
5.530299 0.648915
5.532247 0.650888
5.534194 0.650888
5.536142 0.650888
5.538090 0.650888
5.540037 0.650888
5.541985 0.650888
5.543933 0.650888
5.545880 0.650888
5.547828 0.650888
5.549775 0.650888
5.551723 0.650888
5.553671 0.650888
5.555618 0.650888
5.557566 0.650888
5.559514 0.650888
5.561461 0.650888
5.563409 0.650888
5.565357 0.650888
5.567304 0.650888
5.569252 0.650888
5.571200 0.650888
5.573147 0.650888
5.575095 0.654832
5.577042 0.654832
5.578990 0.656805
5.580938 0.656805
5.582885 0.656805
5.584833 0.656805
5.586781 0.656805
5.588728 0.656805
5.590676 0.656805
5.592624 0.656805
5.594571 0.656805
5.596519 0.656805
5.598467 0.656805
5.600414 0.658777
5.602362 0.658777
5.604310 0.658777
5.606257 0.658777
5.608205 0.658777
5.610152 0.658777
5.612100 0.658777
5.614048 0.658777
5.615995 0.658777
5.617943 0.658777
5.619891 0.658777
5.621838 0.658777
5.623786 0.660750
5.625734 0.660750
5.627681 0.660750
5.629629 0.660750
5.631577 0.660750
5.633524 0.660750
5.635472 0.664694
5.637419 0.664694
5.639367 0.664694
5.641315 0.664694
5.643262 0.666667
5.645210 0.666667
5.647158 0.666667
5.649105 0.666667
5.651053 0.666667
5.653001 0.666667
5.654948 0.666667
5.656896 0.666667
5.658844 0.666667
5.660791 0.666667
5.662739 0.666667
5.664686 0.666667
5.666634 0.668639
5.668582 0.668639
5.670529 0.668639
5.672477 0.668639
5.674425 0.668639
5.676372 0.668639
5.678320 0.668639
5.680268 0.668639
5.682215 0.668639
5.684163 0.668639
5.686111 0.668639
5.688058 0.668639
5.690006 0.668639
5.691953 0.668639
5.693901 0.668639
5.695849 0.668639
5.697796 0.668639
5.699744 0.670611
5.701692 0.670611
5.703639 0.670611
5.705587 0.670611
5.707535 0.670611
5.709482 0.670611
5.711430 0.670611
5.713378 0.670611
5.715325 0.670611
5.717273 0.670611
5.719220 0.670611
5.721168 0.670611
5.723116 0.672584
5.725063 0.674556
5.727011 0.678501
5.728959 0.680473
5.730906 0.682446
5.732854 0.682446
5.734802 0.682446
5.736749 0.684418
5.738697 0.686391
5.740645 0.686391
5.742592 0.686391
5.744540 0.686391
5.746487 0.688363
5.748435 0.688363
5.750383 0.688363
5.752330 0.688363
5.754278 0.688363
5.756226 0.688363
5.758173 0.688363
5.760121 0.688363
5.762069 0.690335
5.764016 0.690335
5.765964 0.690335
5.767912 0.690335
5.769859 0.694280
5.771807 0.694280
5.773755 0.694280
5.775702 0.694280
5.777650 0.696252
5.779597 0.696252
5.781545 0.696252
5.783493 0.698225
5.785440 0.698225
5.787388 0.698225
5.789336 0.700197
5.791283 0.700197
5.793231 0.700197
5.795179 0.700197
5.797126 0.702170
5.799074 0.702170
5.801022 0.702170
5.802969 0.702170
5.804917 0.704142
5.806864 0.706114
5.808812 0.706114
5.810760 0.706114
5.812707 0.706114
5.814655 0.706114
5.816603 0.706114
5.818550 0.706114
5.820498 0.706114
5.822446 0.706114
5.824393 0.706114
5.826341 0.706114
5.828289 0.706114
5.830236 0.706114
5.832184 0.706114
5.834131 0.706114
5.836079 0.706114
5.838027 0.706114
5.839974 0.706114
5.841922 0.706114
5.843870 0.706114
5.845817 0.706114
5.847765 0.706114
5.849713 0.706114
5.851660 0.706114
5.853608 0.706114
5.855556 0.708087
5.857503 0.708087
5.859451 0.708087
5.861398 0.708087
5.863346 0.708087
5.865294 0.708087
5.867241 0.708087
5.869189 0.708087
5.871137 0.708087
5.873084 0.708087
5.875032 0.708087
5.876980 0.708087
5.878927 0.708087
5.880875 0.708087
5.882823 0.708087
5.884770 0.708087
5.886718 0.708087
5.888665 0.708087
5.890613 0.708087
5.892561 0.708087
5.894508 0.708087
5.896456 0.708087
5.898404 0.708087
5.900351 0.708087
5.902299 0.708087
5.904247 0.708087
5.906194 0.708087
5.908142 0.708087
5.910090 0.708087
5.912037 0.708087
5.913985 0.708087
5.915932 0.708087
5.917880 0.708087
5.919828 0.708087
5.921775 0.708087
5.923723 0.708087
5.925671 0.710059
5.927618 0.710059
5.929566 0.710059
5.931514 0.710059
5.933461 0.710059
5.935409 0.710059
5.937357 0.710059
5.939304 0.710059
5.941252 0.710059
5.943200 0.710059
5.945147 0.712032
5.947095 0.712032
5.949042 0.712032
5.950990 0.714004
5.952938 0.715976
5.954885 0.715976
5.956833 0.715976
5.958781 0.715976
5.960728 0.715976
5.962676 0.717949
5.964624 0.717949
5.966571 0.717949
5.968519 0.719921
5.970467 0.721893
5.972414 0.723866
5.974362 0.723866
5.976309 0.725838
5.978257 0.725838
5.980205 0.725838
5.982152 0.725838
5.984100 0.725838
5.986048 0.725838
5.987995 0.725838
5.989943 0.725838
5.991891 0.725838
5.993838 0.725838
5.995786 0.725838
5.997734 0.725838
5.999681 0.725838
6.001629 0.725838
6.003576 0.725838
6.005524 0.727811
6.007472 0.727811
6.009419 0.727811
6.011367 0.727811
6.013315 0.727811
6.015262 0.727811
6.017210 0.727811
6.019158 0.727811
6.021105 0.727811
6.023053 0.727811
6.025001 0.727811
6.026948 0.729783
6.028896 0.729783
6.030843 0.729783
6.032791 0.729783
6.034739 0.729783
6.036686 0.729783
6.038634 0.729783
6.040582 0.729783
6.042529 0.729783
6.044477 0.729783
6.046425 0.731755
6.048372 0.731755
6.050320 0.731755
6.052268 0.731755
6.054215 0.731755
6.056163 0.731755
6.058110 0.731755
6.060058 0.731755
6.062006 0.731755
6.063953 0.731755
6.065901 0.731755
6.067849 0.731755
6.069796 0.733728
6.071744 0.733728
6.073692 0.733728
6.075639 0.733728
6.077587 0.733728
6.079535 0.735700
6.081482 0.737673
6.083430 0.737673
6.085377 0.737673
6.087325 0.737673
6.089273 0.737673
6.091220 0.739645
6.093168 0.741617
6.095116 0.741617
6.097063 0.741617
6.099011 0.743590
6.100959 0.743590
6.102906 0.743590
6.104854 0.743590
6.106802 0.745562
6.108749 0.745562
6.110697 0.745562
6.112645 0.745562
6.114592 0.745562
6.116540 0.745562
6.118487 0.745562
6.120435 0.747535
6.122383 0.747535
6.124330 0.747535
6.126278 0.747535
6.128226 0.747535
6.130173 0.747535
6.132121 0.747535
6.134069 0.747535
6.136016 0.747535
6.137964 0.747535
6.139912 0.747535
6.141859 0.749507
6.143807 0.749507
6.145754 0.749507
6.147702 0.749507
6.149650 0.749507
6.151597 0.749507
6.153545 0.751479
6.155493 0.751479
6.157440 0.751479
6.159388 0.751479
6.161336 0.751479
6.163283 0.753452
6.165231 0.753452
6.167179 0.755424
6.169126 0.755424
6.171074 0.755424
6.173021 0.755424
6.174969 0.755424
6.176917 0.755424
6.178864 0.757396
6.180812 0.757396
6.182760 0.757396
6.184707 0.757396
6.186655 0.757396
6.188603 0.757396
6.190550 0.757396
6.192498 0.759369
6.194446 0.759369
6.196393 0.761341
6.198341 0.761341
6.200288 0.761341
6.202236 0.763314
6.204184 0.763314
6.206131 0.763314
6.208079 0.763314
6.210027 0.763314
6.211974 0.765286
6.213922 0.765286
6.215870 0.765286
6.217817 0.765286
6.219765 0.765286
6.221713 0.765286
6.223660 0.767258
6.225608 0.767258
6.227555 0.767258
6.229503 0.767258
6.231451 0.769231
6.233398 0.769231
6.235346 0.769231
6.237294 0.769231
6.239241 0.769231
6.241189 0.769231
6.243137 0.769231
6.245084 0.769231
6.247032 0.769231
6.248980 0.771203
6.250927 0.773176
6.252875 0.773176
6.254822 0.775148
6.256770 0.775148
6.258718 0.777120
6.260665 0.777120
6.262613 0.779093
6.264561 0.779093
6.266508 0.779093
6.268456 0.779093
6.270404 0.779093
6.272351 0.779093
6.274299 0.779093
6.276247 0.779093
6.278194 0.779093
6.280142 0.779093
6.282090 0.781065
6.284037 0.781065
6.285985 0.781065
6.287932 0.781065
6.289880 0.781065
6.291828 0.781065
6.293775 0.781065
6.295723 0.781065
6.297671 0.781065
6.299618 0.781065
6.301566 0.781065
6.303514 0.781065
6.305461 0.781065
6.307409 0.781065
6.309357 0.781065
6.311304 0.781065
6.313252 0.783037
6.315199 0.783037
6.317147 0.783037
6.319095 0.783037
6.321042 0.783037
6.322990 0.785010
6.324938 0.785010
6.326885 0.785010
6.328833 0.785010
6.330781 0.785010
6.332728 0.785010
6.334676 0.785010
6.336624 0.785010
6.338571 0.785010
6.340519 0.785010
6.342466 0.785010
6.344414 0.785010
6.346362 0.786982
6.348309 0.786982
6.350257 0.786982
6.352205 0.786982
6.354152 0.786982
6.356100 0.786982
6.358048 0.786982
6.359995 0.786982
6.361943 0.786982
6.363891 0.788955
6.365838 0.790927
6.367786 0.790927
6.369733 0.790927
6.371681 0.790927
6.373629 0.790927
6.375576 0.790927
6.377524 0.790927
6.379472 0.792899
6.381419 0.792899
6.383367 0.792899
6.385315 0.792899
6.387262 0.792899
6.389210 0.792899
6.391158 0.792899
6.393105 0.792899
6.395053 0.792899
6.397000 0.792899
6.398948 0.792899
6.400896 0.792899
6.402843 0.792899
6.404791 0.792899
6.406739 0.792899
6.408686 0.792899
6.410634 0.792899
6.412582 0.792899
6.414529 0.792899
6.416477 0.792899
6.418425 0.792899
6.420372 0.792899
6.422320 0.792899
6.424268 0.792899
6.426215 0.792899
6.428163 0.792899
6.430110 0.792899
6.432058 0.794872
6.434006 0.794872
6.435953 0.794872
6.437901 0.794872
6.439849 0.794872
6.441796 0.794872
6.443744 0.794872
6.445692 0.794872
6.447639 0.796844
6.449587 0.796844
6.451535 0.796844
6.453482 0.796844
6.455430 0.796844
6.457377 0.796844
6.459325 0.796844
6.461273 0.796844
6.463220 0.798817
6.465168 0.798817
6.467116 0.798817
6.469063 0.798817
6.471011 0.798817
6.472959 0.798817
6.474906 0.798817
6.476854 0.798817
6.478802 0.798817
6.480749 0.798817
6.482697 0.800789
6.484644 0.800789
6.486592 0.800789
6.488540 0.800789
6.490487 0.800789
6.492435 0.800789
6.494383 0.800789
6.496330 0.802761
6.498278 0.802761
6.500226 0.802761
6.502173 0.802761
6.504121 0.802761
6.506069 0.802761
6.508016 0.802761
6.509964 0.802761
6.511911 0.804734
6.513859 0.804734
6.515807 0.804734
6.517754 0.804734
6.519702 0.804734
6.521650 0.804734
6.523597 0.806706
6.525545 0.806706
6.527493 0.806706
6.529440 0.806706
6.531388 0.806706
6.533336 0.806706
6.535283 0.806706
6.537231 0.806706
6.539178 0.806706
6.541126 0.808679
6.543074 0.808679
6.545021 0.808679
6.546969 0.808679
6.548917 0.808679
6.550864 0.808679
6.552812 0.808679
6.554760 0.808679
6.556707 0.808679
6.558655 0.808679
6.560603 0.808679
6.562550 0.808679
6.564498 0.808679
6.566445 0.808679
6.568393 0.808679
6.570341 0.808679
6.572288 0.808679
6.574236 0.808679
6.576184 0.810651
6.578131 0.810651
6.580079 0.810651
6.582027 0.810651
6.583974 0.810651
6.585922 0.810651
6.587870 0.810651
6.589817 0.810651
6.591765 0.810651
6.593713 0.810651
6.595660 0.810651
6.597608 0.812623
6.599555 0.812623
6.601503 0.814596
6.603451 0.814596
6.605398 0.814596
6.607346 0.814596
6.609294 0.816568
6.611241 0.816568
6.613189 0.816568
6.615137 0.816568
6.617084 0.816568
6.619032 0.816568
6.620980 0.816568
6.622927 0.816568
6.624875 0.818540
6.626822 0.818540
6.628770 0.818540
6.630718 0.818540
6.632665 0.818540
6.634613 0.818540
6.636561 0.820513
6.638508 0.822485
6.640456 0.822485
6.642404 0.822485
6.644351 0.822485
6.646299 0.822485
6.648247 0.822485
6.650194 0.824458
6.652142 0.824458
6.654089 0.824458
6.656037 0.824458
6.657985 0.824458
6.659932 0.824458
6.661880 0.824458
6.663828 0.824458
6.665775 0.824458
6.667723 0.824458
6.669671 0.824458
6.671618 0.824458
6.673566 0.824458
6.675514 0.824458
6.677461 0.824458
6.679409 0.824458
6.681356 0.824458
6.683304 0.824458
6.685252 0.824458
6.687199 0.824458
6.689147 0.824458
6.691095 0.824458
6.693042 0.824458
6.694990 0.824458
6.696938 0.824458
6.698885 0.824458
6.700833 0.824458
6.702781 0.824458
6.704728 0.824458
6.706676 0.824458
6.708623 0.826430
6.710571 0.826430
6.712519 0.826430
6.714466 0.826430
6.716414 0.826430
6.718362 0.826430
6.720309 0.826430
6.722257 0.826430
6.724205 0.826430
6.726152 0.826430
6.728100 0.826430
6.730048 0.826430
6.731995 0.826430
6.733943 0.826430
6.735890 0.826430
6.737838 0.826430
6.739786 0.826430
6.741733 0.826430
6.743681 0.826430
6.745629 0.826430
6.747576 0.826430
6.749524 0.826430
6.751472 0.826430
6.753419 0.826430
6.755367 0.826430
6.757315 0.826430
6.759262 0.828402
6.761210 0.828402
6.763158 0.828402
6.765105 0.828402
6.767053 0.828402
6.769000 0.828402
6.770948 0.830375
6.772896 0.830375
6.774843 0.830375
6.776791 0.830375
6.778739 0.830375
6.780686 0.830375
6.782634 0.830375
6.784582 0.830375
6.786529 0.830375
6.788477 0.830375
6.790425 0.830375
6.792372 0.830375
6.794320 0.830375
6.796267 0.830375
6.798215 0.830375
6.800163 0.832347
6.802110 0.832347
6.804058 0.832347
6.806006 0.832347
6.807953 0.834320
6.809901 0.836292
6.811849 0.836292
6.813796 0.836292
6.815744 0.836292
6.817692 0.836292
6.819639 0.836292
6.821587 0.836292
6.823534 0.836292
6.825482 0.838264
6.827430 0.838264
6.829377 0.840237
6.831325 0.840237
6.833273 0.840237
6.835220 0.840237
6.837168 0.840237
6.839116 0.840237
6.841063 0.840237
6.843011 0.840237
6.844959 0.840237
6.846906 0.842209
6.848854 0.842209
6.850801 0.842209
6.852749 0.842209
6.854697 0.842209
6.856644 0.842209
6.858592 0.842209
6.860540 0.842209
6.862487 0.842209
6.864435 0.844181
6.866383 0.844181
6.868330 0.846154
6.870278 0.846154
6.872226 0.846154
6.874173 0.846154
6.876121 0.846154
6.878068 0.846154
6.880016 0.846154
6.881964 0.846154
6.883911 0.846154
6.885859 0.846154
6.887807 0.846154
6.889754 0.846154
6.891702 0.846154
6.893650 0.846154
6.895597 0.846154
6.897545 0.846154
6.899493 0.848126
6.901440 0.848126
6.903388 0.848126
6.905335 0.848126
6.907283 0.848126
6.909231 0.848126
6.911178 0.848126
6.913126 0.848126
6.915074 0.848126
6.917021 0.848126
6.918969 0.850099
6.920917 0.852071
6.922864 0.854043
6.924812 0.856016
6.926760 0.856016
6.928707 0.856016
6.930655 0.856016
6.932603 0.856016
6.934550 0.856016
6.936498 0.856016
6.938445 0.856016
6.940393 0.856016
6.942341 0.856016
6.944288 0.856016
6.946236 0.856016
6.948184 0.856016
6.950131 0.856016
6.952079 0.857988
6.954027 0.857988
6.955974 0.857988
6.957922 0.857988
6.959870 0.857988
6.961817 0.859961
6.963765 0.859961
6.965712 0.859961
6.967660 0.859961
6.969608 0.859961
6.971555 0.859961
6.973503 0.861933
6.975451 0.861933
6.977398 0.861933
6.979346 0.861933
6.981294 0.861933
6.983241 0.861933
6.985189 0.863905
6.987137 0.863905
6.989084 0.863905
6.991032 0.863905
6.992979 0.863905
6.994927 0.863905
6.996875 0.863905
6.998822 0.863905
7.000770 0.863905
7.002718 0.863905
7.004665 0.863905
7.006613 0.863905
7.008561 0.863905
7.010508 0.863905
7.012456 0.863905
7.014404 0.863905
7.016351 0.863905
7.018299 0.863905
7.020246 0.863905
7.022194 0.863905
7.024142 0.863905
7.026089 0.863905
7.028037 0.863905
7.029985 0.863905
7.031932 0.863905
7.033880 0.863905
7.035828 0.863905
7.037775 0.863905
7.039723 0.863905
7.041671 0.863905
7.043618 0.863905
7.045566 0.863905
7.047513 0.863905
7.049461 0.865878
7.051409 0.865878
7.053356 0.865878
7.055304 0.865878
7.057252 0.865878
7.059199 0.865878
7.061147 0.865878
7.063095 0.865878
7.065042 0.865878
7.066990 0.865878
7.068938 0.865878
7.070885 0.865878
7.072833 0.865878
7.074780 0.865878
7.076728 0.865878
7.078676 0.865878
7.080623 0.865878
7.082571 0.865878
7.084519 0.865878
7.086466 0.865878
7.088414 0.865878
7.090362 0.865878
7.092309 0.865878
7.094257 0.865878
7.096205 0.865878
7.098152 0.865878
7.100100 0.865878
7.102048 0.867850
7.103995 0.867850
7.105943 0.867850
7.107890 0.867850
7.109838 0.867850
7.111786 0.867850
7.113733 0.867850
7.115681 0.867850
7.117629 0.867850
7.119576 0.867850
7.121524 0.867850
7.123472 0.867850
7.125419 0.867850
7.127367 0.867850
7.129315 0.867850
7.131262 0.867850
7.133210 0.867850
7.135157 0.867850
7.137105 0.867850
7.139053 0.867850
7.141000 0.867850
7.142948 0.867850
7.144896 0.867850
7.146843 0.867850
7.148791 0.867850
7.150739 0.869822
7.152686 0.869822
7.154634 0.869822
7.156582 0.869822
7.158529 0.869822
7.160477 0.869822
7.162424 0.869822
7.164372 0.869822
7.166320 0.871795
7.168267 0.871795
7.170215 0.871795
7.172163 0.871795
7.174110 0.871795
7.176058 0.871795
7.178006 0.871795
7.179953 0.871795
7.181901 0.871795
7.183849 0.871795
7.185796 0.871795
7.187744 0.871795
7.189691 0.871795
7.191639 0.871795
7.193587 0.871795
7.195534 0.871795
7.197482 0.871795
7.199430 0.871795
7.201377 0.871795
7.203325 0.871795
7.205273 0.871795
7.207220 0.871795
7.209168 0.871795
7.211116 0.871795
7.213063 0.871795
7.215011 0.871795
7.216958 0.871795
7.218906 0.871795
7.220854 0.871795
7.222801 0.871795
7.224749 0.871795
7.226697 0.871795
7.228644 0.871795
7.230592 0.871795
7.232540 0.873767
7.234487 0.873767
7.236435 0.873767
7.238383 0.873767
7.240330 0.873767
7.242278 0.873767
7.244225 0.873767
7.246173 0.873767
7.248121 0.873767
7.250068 0.873767
7.252016 0.873767
7.253964 0.873767
7.255911 0.873767
7.257859 0.873767
7.259807 0.873767
7.261754 0.873767
7.263702 0.873767
7.265650 0.873767
7.267597 0.875740
7.269545 0.875740
7.271493 0.875740
7.273440 0.875740
7.275388 0.875740
7.277335 0.875740
7.279283 0.875740
7.281231 0.875740
7.283178 0.875740
7.285126 0.875740
7.287074 0.875740
7.289021 0.875740
7.290969 0.875740
7.292917 0.875740
7.294864 0.875740
7.296812 0.875740
7.298760 0.875740
7.300707 0.875740
7.302655 0.875740
7.304602 0.875740
7.306550 0.875740
7.308498 0.875740
7.310445 0.875740
7.312393 0.875740
7.314341 0.877712
7.316288 0.877712
7.318236 0.877712
7.320184 0.877712
7.322131 0.879684
7.324079 0.879684
7.326027 0.879684
7.327974 0.879684
7.329922 0.879684
7.331869 0.881657
7.333817 0.881657
7.335765 0.881657
7.337712 0.881657
7.339660 0.881657
7.341608 0.881657
7.343555 0.881657
7.345503 0.881657
7.347451 0.881657
7.349398 0.881657
7.351346 0.881657
7.353294 0.881657
7.355241 0.881657
7.357189 0.881657
7.359136 0.881657
7.361084 0.881657
7.363032 0.881657
7.364979 0.881657
7.366927 0.881657
7.368875 0.881657
7.370822 0.881657
7.372770 0.881657
7.374718 0.881657
7.376665 0.881657
7.378613 0.883629
7.380561 0.883629
7.382508 0.883629
7.384456 0.883629
7.386403 0.883629
7.388351 0.883629
7.390299 0.883629
7.392246 0.883629
7.394194 0.883629
7.396142 0.883629
7.398089 0.883629
7.400037 0.887574
7.401985 0.887574
7.403932 0.887574
7.405880 0.887574
7.407828 0.887574
7.409775 0.887574
7.411723 0.887574
7.413671 0.887574
7.415618 0.887574
7.417566 0.887574
7.419513 0.889546
7.421461 0.889546
7.423409 0.889546
7.425356 0.891519
7.427304 0.891519
7.429252 0.891519
7.431199 0.891519
7.433147 0.891519
7.435095 0.891519
7.437042 0.891519
7.438990 0.891519
7.440938 0.891519
7.442885 0.891519
7.444833 0.891519
7.446780 0.891519
7.448728 0.893491
7.450676 0.893491
7.452623 0.893491
7.454571 0.893491
7.456519 0.895464
7.458466 0.895464
7.460414 0.895464
7.462362 0.895464
7.464309 0.895464
7.466257 0.895464
7.468205 0.895464
7.470152 0.895464
7.472100 0.895464
7.474047 0.895464
7.475995 0.895464
7.477943 0.895464
7.479890 0.895464
7.481838 0.895464
7.483786 0.895464
7.485733 0.895464
7.487681 0.895464
7.489629 0.895464
7.491576 0.895464
7.493524 0.895464
7.495472 0.895464
7.497419 0.895464
7.499367 0.895464
7.501314 0.895464
7.503262 0.895464
7.505210 0.897436
7.507157 0.897436
7.509105 0.899408
7.511053 0.899408
7.513000 0.899408
7.514948 0.899408
7.516896 0.899408
7.518843 0.899408
7.520791 0.899408
7.522739 0.899408
7.524686 0.899408
7.526634 0.899408
7.528581 0.899408
7.530529 0.899408
7.532477 0.899408
7.534424 0.899408
7.536372 0.899408
7.538320 0.899408
7.540267 0.899408
7.542215 0.899408
7.544163 0.899408
7.546110 0.899408
7.548058 0.899408
7.550006 0.899408
7.551953 0.899408
7.553901 0.899408
7.555848 0.899408
7.557796 0.899408
7.559744 0.899408
7.561691 0.899408
7.563639 0.899408
7.565587 0.899408
7.567534 0.899408
7.569482 0.899408
7.571430 0.901381
7.573377 0.901381
7.575325 0.901381
7.577273 0.901381
7.579220 0.901381
7.581168 0.901381
7.583116 0.901381
7.585063 0.901381
7.587011 0.901381
7.588958 0.901381
7.590906 0.901381
7.592854 0.903353
7.594801 0.903353
7.596749 0.903353
7.598697 0.903353
7.600644 0.903353
7.602592 0.903353
7.604540 0.903353
7.606487 0.903353
7.608435 0.903353
7.610383 0.903353
7.612330 0.905325
7.614278 0.907298
7.616225 0.907298
7.618173 0.907298
7.620121 0.907298
7.622068 0.909270
7.624016 0.909270
7.625964 0.909270
7.627911 0.909270
7.629859 0.909270
7.631807 0.909270
7.633754 0.909270
7.635702 0.909270
7.637650 0.909270
7.639597 0.909270
7.641545 0.909270
7.643492 0.909270
7.645440 0.909270
7.647388 0.909270
7.649335 0.909270
7.651283 0.909270
7.653231 0.909270
7.655178 0.909270
7.657126 0.909270
7.659074 0.909270
7.661021 0.909270
7.662969 0.909270
7.664917 0.909270
7.666864 0.909270
7.668812 0.909270
7.670759 0.909270
7.672707 0.909270
7.674655 0.909270
7.676602 0.909270
7.678550 0.909270
7.680498 0.909270
7.682445 0.909270
7.684393 0.909270
7.686341 0.909270
7.688288 0.911243
7.690236 0.911243
7.692184 0.911243
7.694131 0.911243
7.696079 0.911243
7.698026 0.911243
7.699974 0.911243
7.701922 0.911243
7.703869 0.911243
7.705817 0.911243
7.707765 0.911243
7.709712 0.911243
7.711660 0.911243
7.713608 0.911243
7.715555 0.911243
7.717503 0.911243
7.719451 0.911243
7.721398 0.911243
7.723346 0.911243
7.725293 0.911243
7.727241 0.911243
7.729189 0.911243
7.731136 0.911243
7.733084 0.911243
7.735032 0.911243
7.736979 0.911243
7.738927 0.911243
7.740875 0.911243
7.742822 0.911243
7.744770 0.911243
7.746718 0.911243
7.748665 0.911243
7.750613 0.911243
7.752561 0.913215
7.754508 0.913215
7.756456 0.913215
7.758403 0.913215
7.760351 0.913215
7.762299 0.913215
7.764246 0.913215
7.766194 0.913215
7.768142 0.913215
7.770089 0.915187
7.772037 0.915187
7.773985 0.915187
7.775932 0.915187
7.777880 0.915187
7.779828 0.915187
7.781775 0.915187
7.783723 0.915187
7.785670 0.915187
7.787618 0.915187
7.789566 0.915187
7.791513 0.915187
7.793461 0.915187
7.795409 0.915187
7.797356 0.915187
7.799304 0.915187
7.801252 0.915187
7.803199 0.915187
7.805147 0.915187
7.807095 0.915187
7.809042 0.915187
7.810990 0.915187
7.812937 0.915187
7.814885 0.915187
7.816833 0.915187
7.818780 0.915187
7.820728 0.915187
7.822676 0.915187
7.824623 0.915187
7.826571 0.915187
7.828519 0.917160
7.830466 0.917160
7.832414 0.919132
7.834362 0.919132
7.836309 0.919132
7.838257 0.919132
7.840204 0.919132
7.842152 0.919132
7.844100 0.919132
7.846047 0.919132
7.847995 0.919132
7.849943 0.919132
7.851890 0.919132
7.853838 0.919132
7.855786 0.919132
7.857733 0.919132
7.859681 0.919132
7.861629 0.919132
7.863576 0.919132
7.865524 0.919132
7.867471 0.919132
7.869419 0.919132
7.871367 0.919132
7.873314 0.919132
7.875262 0.919132
7.877210 0.919132
7.879157 0.919132
7.881105 0.919132
7.883053 0.921105
7.885000 0.921105
7.886948 0.921105
7.888896 0.921105
7.890843 0.921105
7.892791 0.921105
7.894738 0.923077
7.896686 0.923077
7.898634 0.923077
7.900581 0.923077
7.902529 0.923077
7.904477 0.923077
7.906424 0.923077
7.908372 0.923077
7.910320 0.923077
7.912267 0.923077
7.914215 0.923077
7.916163 0.923077
7.918110 0.923077
7.920058 0.923077
7.922006 0.923077
7.923953 0.923077
7.925901 0.923077
7.927848 0.923077
7.929796 0.923077
7.931744 0.923077
7.933691 0.923077
7.935639 0.923077
7.937587 0.923077
7.939534 0.923077
7.941482 0.923077
7.943430 0.923077
7.945377 0.923077
7.947325 0.923077
7.949273 0.923077
7.951220 0.923077
7.953168 0.923077
7.955115 0.923077
7.957063 0.923077
7.959011 0.923077
7.960958 0.923077
7.962906 0.923077
7.964854 0.923077
7.966801 0.923077
7.968749 0.923077
7.970697 0.925049
7.972644 0.925049
7.974592 0.925049
7.976540 0.925049
7.978487 0.925049
7.980435 0.925049
7.982382 0.925049
7.984330 0.925049
7.986278 0.925049
7.988225 0.925049
7.990173 0.925049
7.992121 0.927022
7.994068 0.927022
7.996016 0.927022
7.997964 0.927022
7.999911 0.927022
