2.554749 0.001972
2.555979 0.001972
2.557210 0.001972
2.558440 0.001972
2.559671 0.001972
2.560901 0.001972
2.562132 0.001972
2.563362 0.001972
2.564593 0.001972
2.565823 0.001972
2.567054 0.001972
2.568284 0.001972
2.569514 0.001972
2.570745 0.001972
2.571975 0.001972
2.573206 0.001972
2.574436 0.001972
2.575667 0.001972
2.576897 0.001972
2.578128 0.001972
2.579358 0.001972
2.580589 0.001972
2.581819 0.001972
2.583050 0.001972
2.584280 0.001972
2.585510 0.001972
2.586741 0.001972
2.587971 0.001972
2.589202 0.001972
2.590432 0.001972
2.591663 0.001972
2.592893 0.001972
2.594124 0.001972
2.595354 0.001972
2.596585 0.001972
2.597815 0.001972
2.599045 0.001972
2.600276 0.001972
2.601506 0.001972
2.602737 0.001972
2.603967 0.001972
2.605198 0.001972
2.606428 0.001972
2.607659 0.001972
2.608889 0.001972
2.610120 0.001972
2.611350 0.001972
2.612580 0.001972
2.613811 0.001972
2.615041 0.001972
2.616272 0.001972
2.617502 0.001972
2.618733 0.001972
2.619963 0.001972
2.621194 0.001972
2.622424 0.001972
2.623655 0.001972
2.624885 0.001972
2.626116 0.001972
2.627346 0.001972
2.628576 0.001972
2.629807 0.001972
2.631037 0.001972
2.632268 0.001972
2.633498 0.001972
2.634729 0.001972
2.635959 0.001972
2.637190 0.001972
2.638420 0.001972
2.639651 0.001972
2.640881 0.001972
2.642111 0.001972
2.643342 0.001972
2.644572 0.001972
2.645803 0.001972
2.647033 0.001972
2.648264 0.001972
2.649494 0.001972
2.650725 0.001972
2.651955 0.001972
2.653186 0.001972
2.654416 0.001972
2.655646 0.001972
2.656877 0.001972
2.658107 0.001972
2.659338 0.001972
2.660568 0.001972
2.661799 0.001972
2.663029 0.001972
2.664260 0.001972
2.665490 0.001972
2.666721 0.001972
2.667951 0.001972
2.669182 0.001972
2.670412 0.001972
2.671642 0.001972
2.672873 0.001972
2.674103 0.003945
2.675334 0.003945
2.676564 0.003945
2.677795 0.003945
2.679025 0.003945
2.680256 0.003945
2.681486 0.003945
2.682717 0.003945
2.683947 0.003945
2.685177 0.003945
2.686408 0.003945
2.687638 0.003945
2.688869 0.003945
2.690099 0.003945
2.691330 0.003945
2.692560 0.003945
2.693791 0.005917
2.695021 0.005917
2.696252 0.005917
2.697482 0.005917
2.698712 0.007890
2.699943 0.007890
2.701173 0.007890
2.702404 0.007890
2.703634 0.007890
2.704865 0.007890
2.706095 0.007890
2.707326 0.007890
2.708556 0.007890
2.709787 0.007890
2.711017 0.007890
2.712248 0.007890
2.713478 0.007890
2.714708 0.007890
2.715939 0.007890
2.717169 0.007890
2.718400 0.007890
2.719630 0.007890
2.720861 0.007890
2.722091 0.007890
2.723322 0.007890
2.724552 0.009862
2.725783 0.009862
2.727013 0.009862
2.728243 0.009862
2.729474 0.009862
2.730704 0.009862
2.731935 0.009862
2.733165 0.009862
2.734396 0.009862
2.735626 0.009862
2.736857 0.009862
2.738087 0.009862
2.739318 0.009862
2.740548 0.009862
2.741778 0.009862
2.743009 0.009862
2.744239 0.009862
2.745470 0.009862
2.746700 0.009862
2.747931 0.009862
2.749161 0.009862
2.750392 0.009862
2.751622 0.009862
2.752853 0.009862
2.754083 0.009862
2.755314 0.009862
2.756544 0.009862
2.757774 0.009862
2.759005 0.009862
2.760235 0.009862
2.761466 0.009862
2.762696 0.009862
2.763927 0.009862
2.765157 0.009862
2.766388 0.009862
2.767618 0.009862
2.768849 0.009862
2.770079 0.009862
2.771309 0.009862
2.772540 0.009862
2.773770 0.009862
2.775001 0.009862
2.776231 0.009862
2.777462 0.009862
2.778692 0.009862
2.779923 0.009862
2.781153 0.009862
2.782384 0.009862
2.783614 0.009862
2.784844 0.009862
2.786075 0.009862
2.787305 0.009862
2.788536 0.009862
2.789766 0.009862
2.790997 0.009862
2.792227 0.009862
2.793458 0.009862
2.794688 0.011834
2.795919 0.011834
2.797149 0.013807
2.798380 0.013807
2.799610 0.013807
2.800840 0.013807
2.802071 0.013807
2.803301 0.013807
2.804532 0.013807
2.805762 0.013807
2.806993 0.013807
2.808223 0.013807
2.809454 0.013807
2.810684 0.013807
2.811915 0.013807
2.813145 0.013807
2.814375 0.013807
2.815606 0.013807
2.816836 0.013807
2.818067 0.013807
2.819297 0.013807
2.820528 0.013807
2.821758 0.013807
2.822989 0.013807
2.824219 0.013807
2.825450 0.013807
2.826680 0.013807
2.827910 0.013807
2.829141 0.013807
2.830371 0.013807
2.831602 0.013807
2.832832 0.013807
2.834063 0.013807
2.835293 0.013807
2.836524 0.013807
2.837754 0.013807
2.838985 0.013807
2.840215 0.013807
2.841446 0.013807
2.842676 0.013807
2.843906 0.013807
2.845137 0.013807
2.846367 0.013807
2.847598 0.013807
2.848828 0.013807
2.850059 0.013807
2.851289 0.013807
2.852520 0.013807
2.853750 0.013807
2.854981 0.013807
2.856211 0.013807
2.857441 0.013807
2.858672 0.013807
2.859902 0.013807
2.861133 0.013807
2.862363 0.013807
2.863594 0.013807
2.864824 0.013807
2.866055 0.013807
2.867285 0.013807
2.868516 0.013807
2.869746 0.013807
2.870977 0.013807
2.872207 0.013807
2.873437 0.013807
2.874668 0.013807
2.875898 0.015779
2.877129 0.015779
2.878359 0.015779
2.879590 0.015779
2.880820 0.015779
2.882051 0.015779
2.883281 0.015779
2.884512 0.015779
2.885742 0.015779
2.886972 0.015779
2.888203 0.015779
2.889433 0.015779
2.890664 0.015779
2.891894 0.015779
2.893125 0.015779
2.894355 0.015779
2.895586 0.015779
2.896816 0.015779
2.898047 0.015779
2.899277 0.015779
2.900507 0.015779
2.901738 0.017751
2.902968 0.017751
2.904199 0.017751
2.905429 0.017751
2.906660 0.017751
2.907890 0.017751
2.909121 0.017751
2.910351 0.017751
2.911582 0.017751
2.912812 0.017751
2.914043 0.017751
2.915273 0.017751
2.916503 0.017751
2.917734 0.017751
2.918964 0.017751
2.920195 0.017751
2.921425 0.017751
2.922656 0.017751
2.923886 0.017751
2.925117 0.017751
2.926347 0.017751
2.927578 0.017751
2.928808 0.017751
2.930038 0.017751
2.931269 0.017751
2.932499 0.017751
2.933730 0.019724
2.934960 0.019724
2.936191 0.019724
2.937421 0.019724
2.938652 0.021696
2.939882 0.021696
2.941113 0.021696
2.942343 0.021696
2.943573 0.021696
2.944804 0.021696
2.946034 0.021696
2.947265 0.021696
2.948495 0.021696
2.949726 0.021696
2.950956 0.021696
2.952187 0.021696
2.953417 0.021696
2.954648 0.021696
2.955878 0.021696
2.957109 0.021696
2.958339 0.021696
2.959569 0.021696
2.960800 0.021696
2.962030 0.021696
2.963261 0.023669
2.964491 0.023669
2.965722 0.023669
2.966952 0.023669
2.968183 0.023669
2.969413 0.023669
2.970644 0.023669
2.971874 0.023669
2.973104 0.025641
2.974335 0.025641
2.975565 0.025641
2.976796 0.025641
2.978026 0.025641
2.979257 0.025641
2.980487 0.025641
2.981718 0.025641
2.982948 0.025641
2.984179 0.025641
2.985409 0.025641
2.986639 0.025641
2.987870 0.025641
2.989100 0.025641
2.990331 0.025641
2.991561 0.025641
2.992792 0.025641
2.994022 0.025641
2.995253 0.025641
2.996483 0.025641
2.997714 0.025641
2.998944 0.027613
3.000175 0.027613
3.001405 0.027613
3.002635 0.027613
3.003866 0.027613
3.005096 0.027613
3.006327 0.027613
3.007557 0.027613
3.008788 0.027613
3.010018 0.027613
3.011249 0.027613
3.012479 0.027613
3.013710 0.027613
3.014940 0.027613
3.016170 0.027613
3.017401 0.027613
3.018631 0.027613
3.019862 0.027613
3.021092 0.027613
3.022323 0.027613
3.023553 0.027613
3.024784 0.027613
3.026014 0.027613
3.027245 0.027613
3.028475 0.027613
3.029705 0.027613
3.030936 0.027613
3.032166 0.027613
3.033397 0.027613
3.034627 0.027613
3.035858 0.027613
3.037088 0.027613
3.038319 0.027613
3.039549 0.027613
3.040780 0.027613
3.042010 0.027613
3.043241 0.027613
3.044471 0.027613
3.045701 0.027613
3.046932 0.027613
3.048162 0.027613
3.049393 0.027613
3.050623 0.027613
3.051854 0.027613
3.053084 0.027613
3.054315 0.029586
3.055545 0.029586
3.056776 0.029586
3.058006 0.029586
3.059236 0.029586
3.060467 0.029586
3.061697 0.029586
3.062928 0.029586
3.064158 0.029586
3.065389 0.029586
3.066619 0.029586
3.067850 0.029586
3.069080 0.029586
3.070311 0.029586
3.071541 0.029586
3.072771 0.029586
3.074002 0.029586
3.075232 0.029586
3.076463 0.029586
3.077693 0.029586
3.078924 0.029586
3.080154 0.029586
3.081385 0.029586
3.082615 0.031558
3.083846 0.031558
3.085076 0.031558
3.086307 0.031558
3.087537 0.031558
3.088767 0.031558
3.089998 0.031558
3.091228 0.031558
3.092459 0.031558
3.093689 0.031558
3.094920 0.033531
3.096150 0.033531
3.097381 0.033531
3.098611 0.033531
3.099842 0.033531
3.101072 0.033531
3.102302 0.035503
3.103533 0.035503
3.104763 0.035503
3.105994 0.035503
3.107224 0.035503
3.108455 0.035503
3.109685 0.035503
3.110916 0.035503
3.112146 0.035503
3.113377 0.035503
3.114607 0.035503
3.115837 0.035503
3.117068 0.035503
3.118298 0.035503
3.119529 0.035503
3.120759 0.035503
3.121990 0.035503
3.123220 0.035503
3.124451 0.035503
3.125681 0.035503
3.126912 0.035503
3.128142 0.035503
3.129373 0.035503
3.130603 0.035503
3.131833 0.035503
3.133064 0.035503
3.134294 0.035503
3.135525 0.035503
3.136755 0.035503
3.137986 0.035503
3.139216 0.035503
3.140447 0.035503
3.141677 0.035503
3.142908 0.035503
3.144138 0.035503
3.145368 0.035503
3.146599 0.035503
3.147829 0.035503
3.149060 0.035503
3.150290 0.035503
3.151521 0.035503
3.152751 0.035503
3.153982 0.035503
3.155212 0.035503
3.156443 0.035503
3.157673 0.035503
3.158903 0.037475
3.160134 0.037475
3.161364 0.037475
3.162595 0.037475
3.163825 0.037475
3.165056 0.037475
3.166286 0.037475
3.167517 0.037475
3.168747 0.037475
3.169978 0.039448
3.171208 0.039448
3.172439 0.039448
3.173669 0.039448
3.174899 0.039448
3.176130 0.039448
3.177360 0.039448
3.178591 0.041420
3.179821 0.041420
3.181052 0.041420
3.182282 0.041420
3.183513 0.041420
3.184743 0.041420
3.185974 0.041420
3.187204 0.041420
3.188434 0.041420
3.189665 0.041420
3.190895 0.041420
3.192126 0.041420
3.193356 0.041420
3.194587 0.041420
3.195817 0.041420
3.197048 0.041420
3.198278 0.043393
3.199509 0.045365
3.200739 0.045365
3.201969 0.045365
3.203200 0.045365
3.204430 0.045365
3.205661 0.045365
3.206891 0.045365
3.208122 0.045365
3.209352 0.045365
3.210583 0.045365
3.211813 0.045365
3.213044 0.047337
3.214274 0.047337
3.215505 0.047337
3.216735 0.047337
3.217965 0.047337
3.219196 0.047337
3.220426 0.047337
3.221657 0.047337
3.222887 0.047337
3.224118 0.047337
3.225348 0.049310
3.226579 0.049310
3.227809 0.049310
3.229040 0.049310
3.230270 0.049310
3.231500 0.049310
3.232731 0.049310
3.233961 0.049310
3.235192 0.049310
3.236422 0.049310
3.237653 0.049310
3.238883 0.049310
3.240114 0.049310
3.241344 0.049310
3.242575 0.051282
3.243805 0.051282
3.245035 0.051282
3.246266 0.051282
3.247496 0.051282
3.248727 0.051282
3.249957 0.051282
3.251188 0.051282
3.252418 0.055227
3.253649 0.057199
3.254879 0.057199
3.256110 0.057199
3.257340 0.057199
3.258571 0.057199
3.259801 0.057199
3.261031 0.057199
3.262262 0.057199
3.263492 0.057199
3.264723 0.057199
3.265953 0.059172
3.267184 0.059172
3.268414 0.059172
3.269645 0.059172
3.270875 0.059172
3.272106 0.059172
3.273336 0.059172
3.274566 0.059172
3.275797 0.059172
3.277027 0.059172
3.278258 0.059172
3.279488 0.059172
3.280719 0.059172
3.281949 0.059172
3.283180 0.059172
3.284410 0.059172
3.285641 0.059172
3.286871 0.059172
3.288101 0.059172
3.289332 0.059172
3.290562 0.059172
3.291793 0.061144
3.293023 0.061144
3.294254 0.061144
3.295484 0.061144
3.296715 0.061144
3.297945 0.061144
3.299176 0.061144
3.300406 0.063116
3.301637 0.063116
3.302867 0.063116
3.304097 0.063116
3.305328 0.063116
3.306558 0.063116
3.307789 0.063116
3.309019 0.063116
3.310250 0.063116
3.311480 0.065089
3.312711 0.067061
3.313941 0.067061
3.315172 0.067061
3.316402 0.069034
3.317632 0.069034
3.318863 0.069034
3.320093 0.069034
3.321324 0.071006
3.322554 0.071006
3.323785 0.071006
3.325015 0.071006
3.326246 0.071006
3.327476 0.071006
3.328707 0.071006
3.329937 0.071006
3.331167 0.071006
3.332398 0.072978
3.333628 0.072978
3.334859 0.072978
3.336089 0.072978
3.337320 0.072978
3.338550 0.072978
3.339781 0.072978
3.341011 0.072978
3.342242 0.072978
3.343472 0.072978
3.344703 0.072978
3.345933 0.072978
3.347163 0.072978
3.348394 0.072978
3.349624 0.076923
3.350855 0.076923
3.352085 0.076923
3.353316 0.076923
3.354546 0.076923
3.355777 0.076923
3.357007 0.076923
3.358238 0.076923
3.359468 0.076923
3.360698 0.078895
3.361929 0.078895
3.363159 0.078895
3.364390 0.078895
3.365620 0.078895
3.366851 0.078895
3.368081 0.078895
3.369312 0.078895
3.370542 0.078895
3.371773 0.078895
3.373003 0.080868
3.374233 0.080868
3.375464 0.080868
3.376694 0.080868
3.377925 0.080868
3.379155 0.080868
3.380386 0.080868
3.381616 0.080868
3.382847 0.080868
3.384077 0.080868
3.385308 0.080868
3.386538 0.080868
3.387769 0.080868
3.388999 0.080868
3.390229 0.080868
3.391460 0.082840
3.392690 0.084813
3.393921 0.084813
3.395151 0.084813
3.396382 0.084813
3.397612 0.084813
3.398843 0.084813
3.400073 0.084813
3.401304 0.084813
3.402534 0.086785
3.403764 0.086785
3.404995 0.086785
3.406225 0.086785
3.407456 0.086785
3.408686 0.086785
3.409917 0.086785
3.411147 0.088757
3.412378 0.088757
3.413608 0.088757
3.414839 0.088757
3.416069 0.088757
3.417300 0.088757
3.418530 0.088757
3.419760 0.088757
3.420991 0.088757
3.422221 0.088757
3.423452 0.088757
3.424682 0.090730
3.425913 0.090730
3.427143 0.090730
3.428374 0.090730
3.429604 0.090730
3.430835 0.090730
3.432065 0.090730
3.433295 0.090730
3.434526 0.090730
3.435756 0.090730
3.436987 0.090730
3.438217 0.090730
3.439448 0.090730
3.440678 0.092702
3.441909 0.094675
3.443139 0.094675
3.444370 0.094675
3.445600 0.098619
3.446830 0.098619
3.448061 0.100592
3.449291 0.100592
3.450522 0.100592
3.451752 0.102564
3.452983 0.102564
3.454213 0.102564
3.455444 0.102564
3.456674 0.102564
3.457905 0.102564
3.459135 0.104536
3.460366 0.104536
3.461596 0.104536
3.462826 0.104536
3.464057 0.104536
3.465287 0.106509
3.466518 0.106509
3.467748 0.108481
3.468979 0.108481
3.470209 0.108481
3.471440 0.108481
3.472670 0.108481
3.473901 0.108481
3.475131 0.108481
3.476361 0.108481
3.477592 0.108481
3.478822 0.108481
3.480053 0.110454
3.481283 0.110454
3.482514 0.110454
3.483744 0.112426
3.484975 0.112426
3.486205 0.112426
3.487436 0.112426
3.488666 0.112426
3.489896 0.112426
3.491127 0.112426
3.492357 0.112426
3.493588 0.112426
3.494818 0.112426
3.496049 0.112426
3.497279 0.112426
3.498510 0.112426
3.499740 0.112426
3.500971 0.112426
3.502201 0.112426
3.503432 0.112426
3.504662 0.112426
3.505892 0.112426
3.507123 0.112426
3.508353 0.112426
3.509584 0.112426
3.510814 0.114398
3.512045 0.114398
3.513275 0.116371
3.514506 0.116371
3.515736 0.116371
3.516967 0.116371
3.518197 0.116371
3.519427 0.118343
3.520658 0.118343
3.521888 0.118343
3.523119 0.120316
3.524349 0.120316
3.525580 0.120316
3.526810 0.120316
3.528041 0.120316
3.529271 0.120316
3.530502 0.120316
3.531732 0.120316
3.532962 0.120316
3.534193 0.120316
3.535423 0.120316
3.536654 0.120316
3.537884 0.120316
3.539115 0.120316
3.540345 0.120316
3.541576 0.120316
3.542806 0.120316
3.544037 0.120316
3.545267 0.120316
3.546498 0.122288
3.547728 0.122288
3.548958 0.122288
3.550189 0.122288
3.551419 0.122288
3.552650 0.122288
3.553880 0.122288
3.555111 0.122288
3.556341 0.122288
3.557572 0.122288
3.558802 0.122288
3.560033 0.122288
3.561263 0.122288
3.562493 0.124260
3.563724 0.124260
3.564954 0.124260
3.566185 0.124260
3.567415 0.126233
3.568646 0.126233
3.569876 0.126233
3.571107 0.126233
3.572337 0.126233
3.573568 0.126233
3.574798 0.128205
3.576028 0.130178
3.577259 0.130178
3.578489 0.130178
3.579720 0.130178
3.580950 0.130178
3.582181 0.130178
3.583411 0.130178
3.584642 0.130178
3.585872 0.130178
3.587103 0.130178
3.588333 0.130178
3.589564 0.130178
3.590794 0.130178
3.592024 0.130178
3.593255 0.130178
3.594485 0.130178
3.595716 0.130178
3.596946 0.130178
3.598177 0.130178
3.599407 0.130178
3.600638 0.130178
3.601868 0.130178
3.603099 0.130178
3.604329 0.130178
3.605559 0.132150
3.606790 0.132150
3.608020 0.132150
3.609251 0.132150
3.610481 0.132150
3.611712 0.132150
3.612942 0.132150
3.614173 0.132150
3.615403 0.132150
3.616634 0.132150
3.617864 0.132150
3.619094 0.132150
3.620325 0.134122
3.621555 0.134122
3.622786 0.134122
3.624016 0.134122
3.625247 0.134122
3.626477 0.136095
3.627708 0.136095
3.628938 0.136095
3.630169 0.136095
3.631399 0.136095
3.632630 0.136095
3.633860 0.136095
3.635090 0.136095
3.636321 0.136095
3.637551 0.138067
3.638782 0.138067
3.640012 0.138067
3.641243 0.138067
3.642473 0.140039
3.643704 0.140039
3.644934 0.142012
3.646165 0.142012
3.647395 0.143984
3.648625 0.143984
3.649856 0.143984
3.651086 0.143984
3.652317 0.143984
3.653547 0.143984
3.654778 0.143984
3.656008 0.143984
3.657239 0.143984
3.658469 0.143984
3.659700 0.143984
3.660930 0.143984
3.662160 0.143984
3.663391 0.143984
3.664621 0.143984
3.665852 0.145957
3.667082 0.147929
3.668313 0.147929
3.669543 0.147929
3.670774 0.151874
3.672004 0.153846
3.673235 0.155819
3.674465 0.155819
3.675696 0.155819
3.676926 0.155819
3.678156 0.155819
3.679387 0.155819
3.680617 0.155819
3.681848 0.155819
3.683078 0.157791
3.684309 0.157791
3.685539 0.157791
3.686770 0.157791
3.688000 0.157791
3.689231 0.159763
3.690461 0.159763
3.691691 0.159763
3.692922 0.159763
3.694152 0.161736
3.695383 0.161736
3.696613 0.163708
3.697844 0.163708
3.699074 0.163708
3.700305 0.163708
3.701535 0.163708
3.702766 0.163708
3.703996 0.163708
3.705226 0.165680
3.706457 0.165680
3.707687 0.165680
3.708918 0.165680
3.710148 0.165680
3.711379 0.165680
3.712609 0.165680
3.713840 0.165680
3.715070 0.165680
3.716301 0.165680
3.717531 0.165680
3.718762 0.165680
3.719992 0.165680
3.721222 0.165680
3.722453 0.167653
3.723683 0.167653
3.724914 0.167653
3.726144 0.167653
3.727375 0.167653
3.728605 0.167653
3.729836 0.167653
3.731066 0.169625
3.732297 0.169625
3.733527 0.169625
3.734757 0.173570
3.735988 0.173570
3.737218 0.173570
3.738449 0.173570
3.739679 0.173570
3.740910 0.173570
3.742140 0.173570
3.743371 0.173570
3.744601 0.173570
3.745832 0.175542
3.747062 0.175542
3.748292 0.175542
3.749523 0.175542
3.750753 0.175542
3.751984 0.175542
3.753214 0.175542
3.754445 0.175542
3.755675 0.177515
3.756906 0.177515
3.758136 0.177515
3.759367 0.177515
3.760597 0.177515
3.761828 0.177515
3.763058 0.179487
3.764288 0.179487
3.765519 0.179487
3.766749 0.181460
3.767980 0.181460
3.769210 0.181460
3.770441 0.181460
3.771671 0.181460
3.772902 0.183432
3.774132 0.183432
3.775363 0.183432
3.776593 0.183432
3.777823 0.183432
3.779054 0.183432
3.780284 0.185404
3.781515 0.185404
3.782745 0.185404
3.783976 0.185404
3.785206 0.185404
3.786437 0.185404
3.787667 0.185404
3.788898 0.187377
3.790128 0.189349
3.791358 0.189349
3.792589 0.189349
3.793819 0.189349
3.795050 0.189349
3.796280 0.189349
3.797511 0.189349
3.798741 0.189349
3.799972 0.189349
3.801202 0.189349
3.802433 0.189349
3.803663 0.189349
3.804894 0.189349
3.806124 0.189349
3.807354 0.189349
3.808585 0.189349
3.809815 0.191321
3.811046 0.191321
3.812276 0.191321
3.813507 0.191321
3.814737 0.191321
3.815968 0.191321
3.817198 0.191321
3.818429 0.191321
3.819659 0.191321
3.820889 0.191321
3.822120 0.191321
3.823350 0.191321
3.824581 0.191321
3.825811 0.191321
3.827042 0.191321
3.828272 0.191321
3.829503 0.193294
3.830733 0.195266
3.831964 0.195266
3.833194 0.197239
3.834424 0.197239
3.835655 0.201183
3.836885 0.201183
3.838116 0.201183
3.839346 0.201183
3.840577 0.201183
3.841807 0.201183
3.843038 0.201183
3.844268 0.201183
3.845499 0.201183
3.846729 0.201183
3.847960 0.201183
3.849190 0.201183
3.850420 0.203156
3.851651 0.203156
3.852881 0.203156
3.854112 0.203156
3.855342 0.203156
3.856573 0.205128
3.857803 0.205128
3.859034 0.205128
3.860264 0.205128
3.861495 0.205128
3.862725 0.205128
3.863955 0.205128
3.865186 0.205128
3.866416 0.205128
3.867647 0.205128
3.868877 0.205128
3.870108 0.207101
3.871338 0.207101
3.872569 0.207101
3.873799 0.207101
3.875030 0.207101
3.876260 0.207101
3.877490 0.207101
3.878721 0.207101
3.879951 0.207101
3.881182 0.207101
3.882412 0.207101
3.883643 0.207101
3.884873 0.209073
3.886104 0.209073
3.887334 0.209073
3.888565 0.209073
3.889795 0.209073
3.891026 0.209073
3.892256 0.209073
3.893486 0.209073
3.894717 0.209073
3.895947 0.209073
3.897178 0.211045
3.898408 0.211045
3.899639 0.211045
3.900869 0.211045
3.902100 0.211045
3.903330 0.211045
3.904561 0.211045
3.905791 0.211045
3.907021 0.211045
3.908252 0.211045
3.909482 0.213018
3.910713 0.213018
3.911943 0.213018
3.913174 0.213018
3.914404 0.213018
3.915635 0.214990
3.916865 0.214990
3.918096 0.214990
3.919326 0.214990
3.920556 0.214990
3.921787 0.214990
3.923017 0.214990
3.924248 0.214990
3.925478 0.216963
3.926709 0.216963
3.927939 0.216963
3.929170 0.216963
3.930400 0.216963
3.931631 0.216963
3.932861 0.218935
3.934092 0.220907
3.935322 0.220907
3.936552 0.220907
3.937783 0.220907
3.939013 0.220907
3.940244 0.220907
3.941474 0.220907
3.942705 0.220907
3.943935 0.222880
3.945166 0.222880
3.946396 0.222880
3.947627 0.222880
3.948857 0.224852
3.950087 0.224852
3.951318 0.224852
3.952548 0.224852
3.953779 0.224852
3.955009 0.224852
3.956240 0.228797
3.957470 0.228797
3.958701 0.228797
3.959931 0.228797
3.961162 0.228797
3.962392 0.230769
3.963623 0.230769
3.964853 0.230769
3.966083 0.230769
3.967314 0.230769
3.968544 0.230769
3.969775 0.230769
3.971005 0.232742
3.972236 0.232742
3.973466 0.232742
3.974697 0.232742
3.975927 0.232742
3.977158 0.232742
3.978388 0.232742
3.979618 0.232742
3.980849 0.232742
3.982079 0.232742
3.983310 0.232742
3.984540 0.232742
3.985771 0.232742
3.987001 0.232742
3.988232 0.232742
3.989462 0.232742
3.990693 0.236686
3.991923 0.236686
3.993153 0.238659
3.994384 0.238659
3.995614 0.238659
3.996845 0.240631
3.998075 0.240631
3.999306 0.240631
4.000536 0.240631
4.001767 0.240631
4.002997 0.240631
4.004228 0.240631
4.005458 0.240631
4.006689 0.240631
4.007919 0.240631
4.009149 0.242604
4.010380 0.244576
4.011610 0.246548
4.012841 0.246548
4.014071 0.246548
4.015302 0.248521
4.016532 0.248521
4.017763 0.250493
4.018993 0.252465
4.020224 0.252465
4.021454 0.252465
4.022684 0.252465
4.023915 0.252465
4.025145 0.252465
4.026376 0.254438
4.027606 0.254438
4.028837 0.256410
4.030067 0.256410
4.031298 0.256410
4.032528 0.256410
4.033759 0.256410
4.034989 0.256410
4.036219 0.256410
4.037450 0.260355
4.038680 0.262327
4.039911 0.262327
4.041141 0.262327
4.042372 0.262327
4.043602 0.262327
4.044833 0.262327
4.046063 0.262327
4.047294 0.266272
4.048524 0.268245
4.049755 0.268245
4.050985 0.268245
4.052215 0.268245
4.053446 0.268245
4.054676 0.268245
4.055907 0.270217
4.057137 0.270217
4.058368 0.270217
4.059598 0.270217
4.060829 0.270217
4.062059 0.270217
4.063290 0.270217
4.064520 0.270217
4.065750 0.270217
4.066981 0.272189
4.068211 0.272189
4.069442 0.272189
4.070672 0.274162
4.071903 0.274162
4.073133 0.274162
4.074364 0.274162
4.075594 0.274162
4.076825 0.274162
4.078055 0.274162
4.079285 0.274162
4.080516 0.274162
4.081746 0.274162
4.082977 0.276134
4.084207 0.276134
4.085438 0.276134
4.086668 0.276134
4.087899 0.276134
4.089129 0.276134
4.090360 0.278107
4.091590 0.278107
4.092821 0.278107
4.094051 0.278107
4.095281 0.278107
4.096512 0.278107
4.097742 0.278107
4.098973 0.278107
4.100203 0.278107
4.101434 0.278107
4.102664 0.278107
4.103895 0.278107
4.105125 0.280079
4.106356 0.280079
4.107586 0.282051
4.108816 0.282051
4.110047 0.284024
4.111277 0.284024
4.112508 0.284024
4.113738 0.284024
4.114969 0.284024
4.116199 0.284024
4.117430 0.285996
4.118660 0.285996
4.119891 0.285996
4.121121 0.285996
4.122351 0.285996
4.123582 0.287968
4.124812 0.287968
4.126043 0.289941
4.127273 0.289941
4.128504 0.289941
4.129734 0.289941
4.130965 0.291913
4.132195 0.291913
4.133426 0.291913
4.134656 0.291913
4.135887 0.293886
4.137117 0.295858
4.138347 0.297830
4.139578 0.297830
4.140808 0.297830
4.142039 0.297830
4.143269 0.297830
4.144500 0.299803
4.145730 0.299803
4.146961 0.299803
4.148191 0.299803
4.149422 0.299803
4.150652 0.299803
4.151882 0.301775
4.153113 0.301775
4.154343 0.303748
4.155574 0.305720
4.156804 0.307692
4.158035 0.309665
4.159265 0.309665
4.160496 0.309665
4.161726 0.311637
4.162957 0.311637
4.164187 0.313609
4.165417 0.313609
4.166648 0.315582
4.167878 0.315582
4.169109 0.317554
4.170339 0.317554
4.171570 0.317554
4.172800 0.317554
4.174031 0.317554
4.175261 0.317554
4.176492 0.317554
4.177722 0.317554
4.178953 0.317554
4.180183 0.317554
4.181413 0.317554
4.182644 0.319527
4.183874 0.319527
4.185105 0.319527
4.186335 0.319527
4.187566 0.321499
4.188796 0.323471
4.190027 0.323471
4.191257 0.323471
4.192488 0.323471
4.193718 0.323471
4.194948 0.325444
4.196179 0.325444
4.197409 0.325444
4.198640 0.325444
4.199870 0.325444
4.201101 0.325444
4.202331 0.325444
4.203562 0.325444
4.204792 0.325444
4.206023 0.325444
4.207253 0.327416
4.208483 0.327416
4.209714 0.329389
4.210944 0.329389
4.212175 0.329389
4.213405 0.331361
4.214636 0.331361
4.215866 0.331361
4.217097 0.331361
4.218327 0.331361
4.219558 0.331361
4.220788 0.333333
4.222019 0.335306
4.223249 0.335306
4.224479 0.335306
4.225710 0.335306
4.226940 0.335306
4.228171 0.335306
4.229401 0.335306
4.230632 0.335306
4.231862 0.335306
4.233093 0.335306
4.234323 0.335306
4.235554 0.335306
4.236784 0.335306
4.238014 0.335306
4.239245 0.335306
4.240475 0.335306
4.241706 0.335306
4.242936 0.335306
4.244167 0.335306
4.245397 0.335306
4.246628 0.335306
4.247858 0.335306
4.249089 0.335306
4.250319 0.335306
4.251549 0.335306
4.252780 0.335306
4.254010 0.335306
4.255241 0.335306
4.256471 0.335306
4.257702 0.335306
4.258932 0.335306
4.260163 0.335306
4.261393 0.335306
4.262624 0.335306
4.263854 0.335306
4.265085 0.337278
4.266315 0.337278
4.267545 0.339250
4.268776 0.339250
4.270006 0.341223
4.271237 0.341223
4.272467 0.341223
4.273698 0.341223
4.274928 0.343195
4.276159 0.343195
4.277389 0.343195
4.278620 0.343195
4.279850 0.343195
4.281080 0.343195
4.282311 0.343195
4.283541 0.345168
4.284772 0.345168
4.286002 0.345168
4.287233 0.347140
4.288463 0.347140
4.289694 0.347140
4.290924 0.347140
4.292155 0.347140
4.293385 0.347140
4.294615 0.347140
4.295846 0.347140
4.297076 0.347140
4.298307 0.347140
4.299537 0.351085
4.300768 0.351085
4.301998 0.351085
4.303229 0.351085
4.304459 0.351085
4.305690 0.351085
4.306920 0.351085
4.308151 0.351085
4.309381 0.351085
4.310611 0.351085
4.311842 0.351085
4.313072 0.351085
4.314303 0.351085
4.315533 0.353057
4.316764 0.353057
4.317994 0.353057
4.319225 0.353057
4.320455 0.355030
4.321686 0.355030
4.322916 0.355030
4.324146 0.355030
4.325377 0.357002
4.326607 0.357002
4.327838 0.357002
4.329068 0.357002
4.330299 0.357002
4.331529 0.357002
4.332760 0.358974
4.333990 0.358974
4.335221 0.358974
4.336451 0.358974
4.337681 0.358974
4.338912 0.358974
4.340142 0.358974
4.341373 0.358974
4.342603 0.358974
4.343834 0.358974
4.345064 0.358974
4.346295 0.358974
4.347525 0.358974
4.348756 0.360947
4.349986 0.362919
4.351217 0.364892
4.352447 0.364892
4.353677 0.364892
4.354908 0.364892
4.356138 0.368836
4.357369 0.368836
4.358599 0.370809
4.359830 0.370809
4.361060 0.374753
4.362291 0.374753
4.363521 0.374753
4.364752 0.378698
4.365982 0.378698
4.367212 0.378698
4.368443 0.378698
4.369673 0.378698
4.370904 0.378698
4.372134 0.378698
4.373365 0.378698
4.374595 0.378698
4.375826 0.378698
4.377056 0.378698
4.378287 0.378698
4.379517 0.378698
4.380747 0.378698
4.381978 0.378698
4.383208 0.380671
4.384439 0.380671
4.385669 0.380671
4.386900 0.380671
4.388130 0.380671
4.389361 0.382643
4.390591 0.382643
4.391822 0.382643
4.393052 0.384615
4.394283 0.384615
4.395513 0.384615
4.396743 0.384615
4.397974 0.384615
4.399204 0.384615
4.400435 0.384615
4.401665 0.384615
4.402896 0.388560
4.404126 0.388560
4.405357 0.388560
4.406587 0.388560
4.407818 0.388560
4.409048 0.388560
4.410278 0.388560
4.411509 0.390533
4.412739 0.392505
4.413970 0.392505
4.415200 0.392505
4.416431 0.392505
4.417661 0.392505
4.418892 0.392505
4.420122 0.392505
4.421353 0.392505
4.422583 0.392505
4.423813 0.392505
4.425044 0.394477
4.426274 0.394477
4.427505 0.394477
4.428735 0.398422
4.429966 0.398422
4.431196 0.400394
4.432427 0.400394
4.433657 0.400394
4.434888 0.400394
4.436118 0.400394
4.437349 0.400394
4.438579 0.400394
4.439809 0.400394
4.441040 0.400394
4.442270 0.400394
4.443501 0.400394
4.444731 0.400394
4.445962 0.400394
4.447192 0.400394
4.448423 0.400394
4.449653 0.400394
4.450884 0.402367
4.452114 0.402367
4.453344 0.402367
4.454575 0.402367
4.455805 0.402367
4.457036 0.402367
4.458266 0.402367
4.459497 0.402367
4.460727 0.402367
4.461958 0.402367
4.463188 0.402367
4.464419 0.402367
4.465649 0.402367
4.466879 0.402367
4.468110 0.402367
4.469340 0.402367
4.470571 0.402367
4.471801 0.402367
4.473032 0.402367
4.474262 0.402367
4.475493 0.404339
4.476723 0.404339
4.477954 0.404339
4.479184 0.408284
4.480415 0.408284
4.481645 0.408284
4.482875 0.408284
4.484106 0.408284
4.485336 0.408284
4.486567 0.408284
4.487797 0.408284
4.489028 0.408284
4.490258 0.408284
4.491489 0.408284
4.492719 0.408284
4.493950 0.408284
4.495180 0.408284
4.496410 0.408284
4.497641 0.408284
4.498871 0.408284
4.500102 0.408284
4.501332 0.410256
4.502563 0.412229
4.503793 0.412229
4.505024 0.412229
4.506254 0.412229
4.507485 0.412229
4.508715 0.412229
4.509946 0.412229
4.511176 0.412229
4.512406 0.412229
4.513637 0.412229
4.514867 0.412229
4.516098 0.412229
4.517328 0.414201
4.518559 0.414201
4.519789 0.414201
4.521020 0.414201
4.522250 0.414201
4.523481 0.414201
4.524711 0.414201
4.525941 0.414201
4.527172 0.414201
4.528402 0.414201
4.529633 0.414201
4.530863 0.414201
4.532094 0.414201
4.533324 0.414201
4.534555 0.416174
4.535785 0.416174
4.537016 0.418146
4.538246 0.418146
4.539476 0.420118
4.540707 0.420118
4.541937 0.420118
4.543168 0.422091
4.544398 0.422091
4.545629 0.422091
4.546859 0.422091
4.548090 0.422091
4.549320 0.424063
4.550551 0.424063
4.551781 0.424063
4.553012 0.424063
4.554242 0.424063
4.555472 0.424063
4.556703 0.424063
4.557933 0.426036
4.559164 0.426036
4.560394 0.426036
4.561625 0.426036
4.562855 0.426036
4.564086 0.426036
4.565316 0.428008
4.566547 0.428008
4.567777 0.429980
4.569007 0.429980
4.570238 0.431953
4.571468 0.433925
4.572699 0.433925
4.573929 0.433925
4.575160 0.433925
4.576390 0.435897
4.577621 0.435897
4.578851 0.435897
4.580082 0.437870
4.581312 0.437870
4.582542 0.437870
4.583773 0.437870
4.585003 0.437870
4.586234 0.437870
4.587464 0.439842
4.588695 0.439842
4.589925 0.439842
4.591156 0.439842
4.592386 0.441815
4.593617 0.441815
4.594847 0.441815
4.596078 0.441815
4.597308 0.441815
4.598538 0.441815
4.599769 0.441815
4.600999 0.441815
4.602230 0.441815
4.603460 0.441815
4.604691 0.441815
4.605921 0.443787
4.607152 0.443787
4.608382 0.443787
4.609613 0.443787
4.610843 0.443787
4.612073 0.443787
4.613304 0.443787
4.614534 0.443787
4.615765 0.443787
4.616995 0.443787
4.618226 0.443787
4.619456 0.443787
4.620687 0.443787
4.621917 0.445759
4.623148 0.445759
4.624378 0.445759
4.625608 0.445759
4.626839 0.447732
4.628069 0.447732
4.629300 0.449704
4.630530 0.451677
4.631761 0.451677
4.632991 0.451677
4.634222 0.451677
4.635452 0.453649
4.636683 0.455621
4.637913 0.455621
4.639144 0.457594
4.640374 0.457594
4.641604 0.457594
4.642835 0.457594
4.644065 0.461538
4.645296 0.461538
4.646526 0.461538
4.647757 0.461538
4.648987 0.461538
4.650218 0.461538
4.651448 0.463511
4.652679 0.463511
4.653909 0.463511
4.655139 0.463511
4.656370 0.463511
4.657600 0.463511
4.658831 0.465483
4.660061 0.465483
4.661292 0.465483
4.662522 0.465483
4.663753 0.467456
4.664983 0.467456
4.666214 0.467456
4.667444 0.467456
4.668674 0.467456
4.669905 0.467456
4.671135 0.467456
4.672366 0.467456
4.673596 0.467456
4.674827 0.467456
4.676057 0.467456
4.677288 0.471400
4.678518 0.473373
4.679749 0.473373
4.680979 0.473373
4.682210 0.475345
4.683440 0.475345
4.684670 0.475345
4.685901 0.475345
4.687131 0.477318
4.688362 0.477318
4.689592 0.477318
4.690823 0.477318
4.692053 0.477318
4.693284 0.477318
4.694514 0.479290
4.695745 0.479290
4.696975 0.479290
4.698205 0.479290
4.699436 0.479290
4.700666 0.479290
4.701897 0.479290
4.703127 0.481262
4.704358 0.483235
4.705588 0.485207
4.706819 0.489152
4.708049 0.489152
4.709280 0.489152
4.710510 0.491124
4.711740 0.491124
4.712971 0.491124
4.714201 0.493097
4.715432 0.493097
4.716662 0.493097
4.717893 0.493097
4.719123 0.493097
4.720354 0.493097
4.721584 0.493097
4.722815 0.493097
4.724045 0.493097
4.725276 0.493097
4.726506 0.493097
4.727736 0.493097
4.728967 0.493097
4.730197 0.493097
4.731428 0.493097
4.732658 0.495069
4.733889 0.495069
4.735119 0.495069
4.736350 0.495069
4.737580 0.495069
4.738811 0.495069
4.740041 0.495069
4.741271 0.497041
4.742502 0.497041
4.743732 0.497041
4.744963 0.497041
4.746193 0.497041
4.747424 0.499014
4.748654 0.499014
4.749885 0.499014
4.751115 0.499014
4.752346 0.500986
4.753576 0.502959
4.754806 0.502959
4.756037 0.502959
4.757267 0.502959
4.758498 0.502959
4.759728 0.502959
4.760959 0.502959
4.762189 0.502959
4.763420 0.502959
4.764650 0.502959
4.765881 0.502959
4.767111 0.502959
4.768342 0.502959
4.769572 0.502959
4.770802 0.502959
4.772033 0.504931
4.773263 0.504931
4.774494 0.504931
4.775724 0.504931
4.776955 0.504931
4.778185 0.504931
4.779416 0.504931
4.780646 0.504931
4.781877 0.504931
4.783107 0.504931
4.784337 0.504931
4.785568 0.506903
4.786798 0.506903
4.788029 0.506903
4.789259 0.506903
4.790490 0.508876
4.791720 0.508876
4.792951 0.508876
4.794181 0.508876
4.795412 0.510848
4.796642 0.510848
4.797872 0.514793
4.799103 0.514793
4.800333 0.516765
4.801564 0.518738
4.802794 0.518738
4.804025 0.520710
4.805255 0.520710
4.806486 0.520710
4.807716 0.520710
4.808947 0.520710
4.810177 0.522682
4.811408 0.522682
4.812638 0.522682
4.813868 0.522682
4.815099 0.522682
4.816329 0.522682
4.817560 0.522682
4.818790 0.522682
4.820021 0.522682
4.821251 0.522682
4.822482 0.522682
4.823712 0.522682
4.824943 0.522682
4.826173 0.522682
4.827403 0.522682
4.828634 0.522682
4.829864 0.522682
4.831095 0.524655
4.832325 0.524655
4.833556 0.524655
4.834786 0.524655
4.836017 0.524655
4.837247 0.524655
4.838478 0.524655
4.839708 0.524655
4.840938 0.524655
4.842169 0.524655
4.843399 0.524655
4.844630 0.524655
4.845860 0.524655
4.847091 0.524655
4.848321 0.526627
4.849552 0.526627
4.850782 0.526627
4.852013 0.526627
4.853243 0.528600
4.854474 0.528600
4.855704 0.528600
4.856934 0.528600
4.858165 0.528600
4.859395 0.528600
4.860626 0.528600
4.861856 0.530572
4.863087 0.532544
4.864317 0.534517
4.865548 0.534517
4.866778 0.534517
4.868009 0.534517
4.869239 0.534517
4.870469 0.534517
4.871700 0.534517
4.872930 0.534517
4.874161 0.534517
4.875391 0.534517
4.876622 0.536489
4.877852 0.536489
4.879083 0.538462
4.880313 0.538462
4.881544 0.538462
4.882774 0.538462
4.884004 0.538462
4.885235 0.540434
4.886465 0.542406
4.887696 0.542406
4.888926 0.544379
4.890157 0.544379
4.891387 0.546351
4.892618 0.546351
4.893848 0.548323
4.895079 0.548323
4.896309 0.548323
4.897540 0.548323
4.898770 0.548323
4.900000 0.548323
4.901231 0.548323
4.902461 0.548323
4.903692 0.548323
4.904922 0.548323
4.906153 0.550296
4.907383 0.550296
4.908614 0.550296
4.909844 0.552268
4.911075 0.552268
4.912305 0.554241
4.913535 0.554241
4.914766 0.554241
4.915996 0.554241
4.917227 0.554241
4.918457 0.554241
4.919688 0.554241
4.920918 0.554241
4.922149 0.556213
4.923379 0.556213
4.924610 0.556213
4.925840 0.556213
4.927070 0.558185
4.928301 0.558185
4.929531 0.558185
4.930762 0.558185
4.931992 0.558185
4.933223 0.558185
4.934453 0.558185
4.935684 0.558185
4.936914 0.558185
4.938145 0.558185
4.939375 0.558185
4.940606 0.558185
4.941836 0.558185
4.943066 0.558185
4.944297 0.558185
4.945527 0.560158
4.946758 0.560158
4.947988 0.562130
4.949219 0.562130
4.950449 0.562130
4.951680 0.562130
4.952910 0.562130
4.954141 0.562130
4.955371 0.562130
4.956601 0.562130
4.957832 0.562130
4.959062 0.562130
4.960293 0.562130
4.961523 0.562130
4.962754 0.562130
4.963984 0.562130
4.965215 0.562130
4.966445 0.562130
4.967676 0.562130
4.968906 0.562130
4.970136 0.564103
4.971367 0.564103
4.972597 0.564103
4.973828 0.564103
4.975058 0.564103
4.976289 0.564103
4.977519 0.564103
4.978750 0.564103
4.979980 0.564103
4.981211 0.564103
4.982441 0.564103
4.983672 0.564103
4.984902 0.564103
4.986132 0.564103
4.987363 0.564103
4.988593 0.564103
4.989824 0.564103
4.991054 0.564103
4.992285 0.564103
4.993515 0.564103
4.994746 0.564103
4.995976 0.564103
4.997207 0.564103
4.998437 0.564103
4.999667 0.564103
5.000898 0.564103
5.002128 0.564103
5.003359 0.564103
5.004589 0.564103
5.005820 0.568047
5.007050 0.568047
5.008281 0.568047
5.009511 0.568047
5.010742 0.568047
5.011972 0.568047
5.013202 0.568047
5.014433 0.568047
5.015663 0.568047
5.016894 0.568047
5.018124 0.568047
5.019355 0.568047
5.020585 0.568047
5.021816 0.568047
5.023046 0.568047
5.024277 0.570020
5.025507 0.570020
5.026738 0.570020
5.027968 0.570020
5.029198 0.570020
5.030429 0.570020
5.031659 0.570020
5.032890 0.570020
5.034120 0.571992
5.035351 0.571992
5.036581 0.571992
5.037812 0.571992
5.039042 0.571992
5.040273 0.573964
5.041503 0.573964
5.042733 0.573964
5.043964 0.573964
5.045194 0.575937
5.046425 0.575937
5.047655 0.575937
5.048886 0.577909
5.050116 0.577909
5.051347 0.577909
5.052577 0.577909
5.053808 0.577909
5.055038 0.577909
5.056269 0.577909
5.057499 0.579882
5.058729 0.579882
5.059960 0.579882
5.061190 0.579882
5.062421 0.579882
5.063651 0.579882
5.064882 0.579882
5.066112 0.579882
5.067343 0.579882
5.068573 0.579882
5.069804 0.579882
5.071034 0.579882
5.072264 0.581854
5.073495 0.581854
5.074725 0.581854
5.075956 0.581854
5.077186 0.583826
5.078417 0.583826
5.079647 0.583826
5.080878 0.583826
5.082108 0.583826
5.083339 0.583826
5.084569 0.583826
5.085799 0.583826
5.087030 0.583826
5.088260 0.585799
5.089491 0.585799
5.090721 0.585799
5.091952 0.585799
5.093182 0.585799
5.094413 0.585799
5.095643 0.585799
5.096874 0.585799
5.098104 0.585799
5.099335 0.585799
5.100565 0.585799
5.101795 0.585799
5.103026 0.585799
5.104256 0.585799
5.105487 0.585799
5.106717 0.585799
5.107948 0.585799
5.109178 0.587771
5.110409 0.587771
5.111639 0.589744
5.112870 0.589744
5.114100 0.589744
5.115330 0.589744
5.116561 0.589744
5.117791 0.589744
5.119022 0.591716
5.120252 0.591716
5.121483 0.593688
5.122713 0.593688
5.123944 0.593688
5.125174 0.593688
5.126405 0.593688
5.127635 0.595661
5.128865 0.595661
5.130096 0.595661
5.131326 0.597633
5.132557 0.597633
5.133787 0.597633
5.135018 0.597633
5.136248 0.601578
5.137479 0.601578
5.138709 0.601578
5.139940 0.601578
5.141170 0.603550
5.142401 0.603550
5.143631 0.605523
5.144861 0.605523
5.146092 0.605523
5.147322 0.605523
5.148553 0.605523
5.149783 0.605523
5.151014 0.605523
5.152244 0.607495
5.153475 0.607495
5.154705 0.609467
5.155936 0.609467
5.157166 0.609467
5.158396 0.609467
5.159627 0.609467
5.160857 0.609467
5.162088 0.609467
5.163318 0.609467
5.164549 0.609467
5.165779 0.609467
5.167010 0.609467
5.168240 0.609467
5.169471 0.611440
5.170701 0.611440
5.171931 0.611440
5.173162 0.611440
5.174392 0.613412
5.175623 0.613412
5.176853 0.613412
5.178084 0.613412
5.179314 0.613412
5.180545 0.615385
5.181775 0.615385
5.183006 0.615385
5.184236 0.615385
5.185467 0.615385
5.186697 0.615385
5.187927 0.615385
5.189158 0.615385
5.190388 0.615385
5.191619 0.615385
5.192849 0.615385
5.194080 0.615385
5.195310 0.615385
5.196541 0.615385
5.197771 0.615385
5.199002 0.615385
5.200232 0.617357
5.201462 0.617357
5.202693 0.619329
5.203923 0.619329
5.205154 0.619329
5.206384 0.621302
5.207615 0.623274
5.208845 0.625247
5.210076 0.625247
5.211306 0.625247
5.212537 0.625247
5.213767 0.625247
5.214997 0.625247
5.216228 0.627219
5.217458 0.627219
5.218689 0.631164
5.219919 0.633136
5.221150 0.635108
5.222380 0.635108
5.223611 0.635108
5.224841 0.635108
5.226072 0.635108
5.227302 0.635108
5.228533 0.635108
5.229763 0.635108
5.230993 0.637081
5.232224 0.637081
5.233454 0.637081
5.234685 0.637081
5.235915 0.637081
5.237146 0.639053
5.238376 0.639053
5.239607 0.639053
5.240837 0.641026
5.242068 0.641026
5.243298 0.641026
5.244528 0.641026
5.245759 0.641026
5.246989 0.641026
5.248220 0.641026
5.249450 0.641026
5.250681 0.641026
5.251911 0.641026
5.253142 0.641026
5.254372 0.641026
5.255603 0.641026
5.256833 0.644970
5.258063 0.644970
5.259294 0.644970
5.260524 0.644970
5.261755 0.644970
5.262985 0.644970
5.264216 0.644970
5.265446 0.644970
5.266677 0.644970
5.267907 0.644970
5.269138 0.646943
5.270368 0.648915
5.271599 0.648915
5.272829 0.648915
5.274059 0.650888
5.275290 0.650888
5.276520 0.650888
5.277751 0.650888
5.278981 0.650888
5.280212 0.650888
5.281442 0.650888
5.282673 0.650888
5.283903 0.650888
5.285134 0.650888
5.286364 0.650888
5.287594 0.650888
5.288825 0.650888
5.290055 0.650888
5.291286 0.650888
5.292516 0.650888
5.293747 0.652860
5.294977 0.652860
5.296208 0.652860
5.297438 0.652860
5.298669 0.654832
5.299899 0.654832
5.301129 0.654832
5.302360 0.654832
5.303590 0.654832
5.304821 0.654832
5.306051 0.654832
5.307282 0.654832
5.308512 0.654832
5.309743 0.654832
5.310973 0.654832
5.312204 0.654832
5.313434 0.654832
5.314665 0.654832
5.315895 0.654832
5.317125 0.654832
5.318356 0.654832
5.319586 0.654832
5.320817 0.654832
5.322047 0.654832
5.323278 0.654832
5.324508 0.654832
5.325739 0.654832
5.326969 0.656805
5.328200 0.658777
5.329430 0.658777
5.330660 0.658777
5.331891 0.658777
5.333121 0.658777
5.334352 0.658777
5.335582 0.658777
5.336813 0.658777
5.338043 0.660750
5.339274 0.660750
5.340504 0.660750
5.341735 0.660750
5.342965 0.660750
5.344195 0.660750
5.345426 0.660750
5.346656 0.660750
5.347887 0.660750
5.349117 0.660750
5.350348 0.660750
5.351578 0.660750
5.352809 0.662722
5.354039 0.662722
5.355270 0.662722
5.356500 0.662722
5.357731 0.662722
5.358961 0.664694
5.360191 0.664694
5.361422 0.664694
5.362652 0.664694
5.363883 0.664694
5.365113 0.664694
5.366344 0.666667
5.367574 0.666667
5.368805 0.666667
5.370035 0.666667
5.371266 0.666667
5.372496 0.666667
5.373726 0.666667
5.374957 0.666667
5.376187 0.666667
5.377418 0.666667
5.378648 0.666667
5.379879 0.666667
5.381109 0.666667
5.382340 0.666667
5.383570 0.666667
5.384801 0.666667
5.386031 0.666667
5.387261 0.666667
5.388492 0.666667
5.389722 0.670611
5.390953 0.670611
5.392183 0.670611
5.393414 0.670611
5.394644 0.670611
5.395875 0.674556
5.397105 0.674556
5.398336 0.674556
5.399566 0.674556
5.400797 0.674556
5.402027 0.674556
5.403257 0.674556
5.404488 0.674556
5.405718 0.674556
5.406949 0.674556
5.408179 0.674556
5.409410 0.674556
5.410640 0.674556
5.411871 0.674556
5.413101 0.674556
5.414332 0.674556
5.415562 0.674556
5.416792 0.674556
5.418023 0.674556
5.419253 0.674556
5.420484 0.674556
5.421714 0.674556
5.422945 0.674556
5.424175 0.674556
5.425406 0.674556
5.426636 0.674556
5.427867 0.674556
5.429097 0.674556
5.430327 0.674556
5.431558 0.674556
5.432788 0.674556
5.434019 0.674556
5.435249 0.674556
5.436480 0.674556
5.437710 0.674556
5.438941 0.674556
5.440171 0.674556
5.441402 0.674556
5.442632 0.674556
5.443863 0.674556
5.445093 0.674556
5.446323 0.674556
5.447554 0.674556
5.448784 0.674556
5.450015 0.674556
5.451245 0.674556
5.452476 0.674556
5.453706 0.674556
5.454937 0.674556
5.456167 0.674556
5.457398 0.674556
5.458628 0.674556
5.459858 0.674556
5.461089 0.674556
5.462319 0.676529
5.463550 0.676529
5.464780 0.676529
5.466011 0.676529
5.467241 0.676529
5.468472 0.676529
5.469702 0.676529
5.470933 0.678501
5.472163 0.678501
5.473393 0.678501
5.474624 0.678501
5.475854 0.678501
5.477085 0.678501
5.478315 0.678501
5.479546 0.678501
5.480776 0.678501
5.482007 0.678501
5.483237 0.678501
5.484468 0.678501
5.485698 0.678501
5.486929 0.678501
5.488159 0.678501
5.489389 0.678501
5.490620 0.680473
5.491850 0.680473
5.493081 0.680473
5.494311 0.680473
5.495542 0.680473
5.496772 0.680473
5.498003 0.680473
5.499233 0.682446
5.500464 0.684418
5.501694 0.684418
5.502924 0.684418
5.504155 0.684418
5.505385 0.684418
5.506616 0.684418
5.507846 0.684418
5.509077 0.684418
5.510307 0.684418
5.511538 0.684418
5.512768 0.684418
5.513999 0.686391
5.515229 0.688363
5.516459 0.688363
5.517690 0.688363
5.518920 0.688363
5.520151 0.688363
5.521381 0.688363
5.522612 0.688363
5.523842 0.688363
5.525073 0.688363
5.526303 0.688363
5.527534 0.688363
5.528764 0.688363
5.529995 0.688363
5.531225 0.688363
5.532455 0.688363
5.533686 0.690335
5.534916 0.690335
5.536147 0.690335
5.537377 0.690335
5.538608 0.690335
5.539838 0.690335
5.541069 0.690335
5.542299 0.692308
5.543530 0.692308
5.544760 0.692308
5.545990 0.694280
5.547221 0.694280
5.548451 0.694280
5.549682 0.694280
5.550912 0.694280
5.552143 0.694280
5.553373 0.694280
5.554604 0.694280
5.555834 0.694280
5.557065 0.694280
5.558295 0.694280
5.559525 0.694280
5.560756 0.694280
5.561986 0.694280
5.563217 0.694280
5.564447 0.694280
5.565678 0.694280
5.566908 0.694280
5.568139 0.694280
5.569369 0.694280
5.570600 0.694280
5.571830 0.694280
5.573061 0.694280
5.574291 0.694280
5.575521 0.694280
5.576752 0.694280
5.577982 0.694280
5.579213 0.694280
5.580443 0.694280
5.581674 0.696252
5.582904 0.696252
5.584135 0.698225
5.585365 0.700197
5.586596 0.700197
5.587826 0.700197
5.589056 0.700197
5.590287 0.700197
5.591517 0.700197
5.592748 0.700197
5.593978 0.700197
5.595209 0.700197
5.596439 0.700197
5.597670 0.702170
5.598900 0.702170
5.600131 0.702170
5.601361 0.702170
5.602592 0.702170
5.603822 0.702170
5.605052 0.702170
5.606283 0.702170
5.607513 0.702170
5.608744 0.702170
5.609974 0.704142
5.611205 0.704142
5.612435 0.704142
5.613666 0.704142
5.614896 0.706114
5.616127 0.706114
5.617357 0.706114
5.618587 0.706114
5.619818 0.706114
5.621048 0.706114
5.622279 0.706114
5.623509 0.706114
5.624740 0.706114
5.625970 0.706114
5.627201 0.706114
5.628431 0.706114
5.629662 0.708087
5.630892 0.708087
5.632122 0.708087
5.633353 0.708087
5.634583 0.710059
5.635814 0.710059
5.637044 0.710059
5.638275 0.710059
5.639505 0.710059
5.640736 0.710059
5.641966 0.710059
5.643197 0.710059
5.644427 0.710059
5.645658 0.710059
5.646888 0.710059
5.648118 0.710059
5.649349 0.710059
5.650579 0.710059
5.651810 0.710059
5.653040 0.710059
5.654271 0.710059
5.655501 0.710059
5.656732 0.710059
5.657962 0.710059
5.659193 0.710059
5.660423 0.710059
5.661653 0.710059
5.662884 0.710059
5.664114 0.710059
5.665345 0.710059
5.666575 0.710059
5.667806 0.710059
5.669036 0.710059
5.670267 0.710059
5.671497 0.712032
5.672728 0.712032
5.673958 0.712032
5.675188 0.712032
5.676419 0.712032
5.677649 0.712032
5.678880 0.712032
5.680110 0.714004
5.681341 0.714004
5.682571 0.714004
5.683802 0.714004
5.685032 0.715976
5.686263 0.715976
5.687493 0.715976
5.688724 0.715976
5.689954 0.715976
5.691184 0.715976
5.692415 0.715976
5.693645 0.715976
5.694876 0.717949
5.696106 0.717949
5.697337 0.717949
5.698567 0.717949
5.699798 0.719921
5.701028 0.719921
5.702259 0.719921
5.703489 0.719921
5.704719 0.719921
5.705950 0.719921
5.707180 0.719921
5.708411 0.719921
5.709641 0.719921
5.710872 0.721893
5.712102 0.721893
5.713333 0.721893
5.714563 0.721893
5.715794 0.721893
5.717024 0.721893
5.718254 0.721893
5.719485 0.721893
5.720715 0.721893
5.721946 0.721893
5.723176 0.721893
5.724407 0.721893
5.725637 0.721893
5.726868 0.721893
5.728098 0.721893
5.729329 0.721893
5.730559 0.721893
5.731790 0.721893
5.733020 0.721893
5.734250 0.721893
5.735481 0.721893
5.736711 0.721893
5.737942 0.723866
5.739172 0.723866
5.740403 0.723866
5.741633 0.723866
5.742864 0.723866
5.744094 0.723866
5.745325 0.723866
5.746555 0.725838
5.747785 0.725838
5.749016 0.725838
5.750246 0.725838
5.751477 0.725838
5.752707 0.725838
5.753938 0.725838
5.755168 0.725838
5.756399 0.725838
5.757629 0.725838
5.758860 0.725838
5.760090 0.727811
5.761320 0.727811
5.762551 0.727811
5.763781 0.729783
5.765012 0.729783
5.766242 0.729783
5.767473 0.729783
5.768703 0.729783
5.769934 0.729783
5.771164 0.731755
5.772395 0.731755
5.773625 0.731755
5.774856 0.731755
5.776086 0.731755
5.777316 0.731755
5.778547 0.735700
5.779777 0.735700
5.781008 0.735700
5.782238 0.735700
5.783469 0.735700
5.784699 0.735700
5.785930 0.735700
5.787160 0.735700
5.788391 0.735700
5.789621 0.735700
5.790851 0.735700
5.792082 0.735700
5.793312 0.735700
5.794543 0.737673
5.795773 0.737673
5.797004 0.739645
5.798234 0.739645
5.799465 0.739645
5.800695 0.739645
5.801926 0.739645
5.803156 0.739645
5.804386 0.739645
5.805617 0.739645
5.806847 0.739645
5.808078 0.739645
5.809308 0.739645
5.810539 0.739645
5.811769 0.741617
5.813000 0.741617
5.814230 0.741617
5.815461 0.741617
5.816691 0.741617
5.817922 0.741617
5.819152 0.741617
5.820382 0.741617
5.821613 0.741617
5.822843 0.741617
5.824074 0.743590
5.825304 0.743590
5.826535 0.743590
5.827765 0.743590
5.828996 0.743590
5.830226 0.743590
5.831457 0.743590
5.832687 0.743590
5.833917 0.745562
5.835148 0.745562
5.836378 0.745562
5.837609 0.745562
5.838839 0.745562
5.840070 0.745562
5.841300 0.745562
5.842531 0.745562
5.843761 0.747535
5.844992 0.747535
5.846222 0.749507
5.847452 0.749507
5.848683 0.749507
5.849913 0.751479
5.851144 0.751479
5.852374 0.751479
5.853605 0.751479
5.854835 0.751479
5.856066 0.751479
5.857296 0.751479
5.858527 0.751479
5.859757 0.751479
5.860988 0.751479
5.862218 0.751479
5.863448 0.751479
5.864679 0.751479
5.865909 0.751479
5.867140 0.751479
5.868370 0.751479
5.869601 0.751479
5.870831 0.753452
5.872062 0.753452
5.873292 0.753452
5.874523 0.753452
5.875753 0.753452
5.876983 0.753452
5.878214 0.753452
5.879444 0.753452
5.880675 0.753452
5.881905 0.753452
5.883136 0.753452
5.884366 0.753452
5.885597 0.753452
5.886827 0.755424
5.888058 0.755424
5.889288 0.755424
5.890518 0.755424
5.891749 0.755424
5.892979 0.755424
5.894210 0.755424
5.895440 0.755424
5.896671 0.755424
5.897901 0.755424
5.899132 0.755424
5.900362 0.755424
5.901593 0.755424
5.902823 0.755424
5.904054 0.755424
5.905284 0.755424
5.906514 0.755424
5.907745 0.757396
5.908975 0.759369
5.910206 0.759369
5.911436 0.759369
5.912667 0.759369
5.913897 0.759369
5.915128 0.759369
5.916358 0.759369
5.917589 0.759369
5.918819 0.759369
5.920049 0.761341
5.921280 0.761341
5.922510 0.761341
5.923741 0.761341
5.924971 0.761341
5.926202 0.761341
5.927432 0.761341
5.928663 0.761341
5.929893 0.761341
5.931124 0.761341
5.932354 0.763314
5.933584 0.763314
5.934815 0.763314
5.936045 0.763314
5.937276 0.763314
5.938506 0.763314
5.939737 0.763314
5.940967 0.765286
5.942198 0.765286
5.943428 0.765286
5.944659 0.765286
5.945889 0.767258
5.947120 0.767258
5.948350 0.767258
5.949580 0.767258
5.950811 0.767258
5.952041 0.767258
5.953272 0.767258
5.954502 0.767258
5.955733 0.769231
5.956963 0.769231
5.958194 0.769231
5.959424 0.769231
5.960655 0.769231
5.961885 0.769231
5.963115 0.769231
5.964346 0.769231
5.965576 0.769231
5.966807 0.771203
5.968037 0.771203
5.969268 0.771203
5.970498 0.771203
5.971729 0.771203
5.972959 0.771203
5.974190 0.771203
5.975420 0.771203
5.976650 0.771203
5.977881 0.771203
5.979111 0.771203
5.980342 0.771203
5.981572 0.771203
5.982803 0.771203
5.984033 0.771203
5.985264 0.771203
5.986494 0.771203
5.987725 0.771203
5.988955 0.771203
5.990186 0.771203
5.991416 0.771203
5.992646 0.773176
5.993877 0.773176
5.995107 0.773176
5.996338 0.773176
5.997568 0.773176
5.998799 0.773176
6.000029 0.773176
6.001260 0.773176
6.002490 0.773176
6.003721 0.773176
6.004951 0.773176
6.006181 0.773176
6.007412 0.773176
6.008642 0.773176
6.009873 0.773176
6.011103 0.773176
6.012334 0.773176
6.013564 0.773176
6.014795 0.773176
6.016025 0.773176
6.017256 0.773176
6.018486 0.773176
6.019716 0.775148
6.020947 0.775148
6.022177 0.775148
6.023408 0.775148
6.024638 0.775148
6.025869 0.775148
6.027099 0.775148
6.028330 0.775148
6.029560 0.775148
6.030791 0.775148
6.032021 0.775148
6.033252 0.775148
6.034482 0.779093
6.035712 0.781065
6.036943 0.781065
6.038173 0.783037
6.039404 0.783037
6.040634 0.783037
6.041865 0.785010
6.043095 0.785010
6.044326 0.785010
6.045556 0.785010
6.046787 0.786982
6.048017 0.786982
6.049247 0.786982
6.050478 0.786982
6.051708 0.786982
6.052939 0.788955
6.054169 0.788955
6.055400 0.788955
6.056630 0.788955
6.057861 0.790927
6.059091 0.790927
6.060322 0.792899
6.061552 0.792899
6.062782 0.792899
6.064013 0.794872
6.065243 0.794872
6.066474 0.794872
6.067704 0.794872
6.068935 0.794872
6.070165 0.794872
6.071396 0.794872
6.072626 0.794872
6.073857 0.794872
6.075087 0.794872
6.076318 0.794872
6.077548 0.794872
6.078778 0.794872
6.080009 0.794872
6.081239 0.794872
6.082470 0.794872
6.083700 0.794872
6.084931 0.796844
6.086161 0.798817
6.087392 0.798817
6.088622 0.798817
6.089853 0.798817
6.091083 0.798817
6.092313 0.798817
6.093544 0.798817
6.094774 0.798817
6.096005 0.798817
6.097235 0.798817
6.098466 0.798817
6.099696 0.798817
6.100927 0.798817
6.102157 0.798817
6.103388 0.800789
6.104618 0.802761
6.105848 0.802761
6.107079 0.802761
6.108309 0.804734
6.109540 0.804734
6.110770 0.804734
6.112001 0.804734
6.113231 0.806706
6.114462 0.806706
6.115692 0.806706
6.116923 0.806706
6.118153 0.806706
6.119384 0.806706
6.120614 0.806706
6.121844 0.806706
6.123075 0.806706
6.124305 0.806706
6.125536 0.806706
6.126766 0.806706
6.127997 0.806706
6.129227 0.806706
6.130458 0.808679
6.131688 0.808679
6.132919 0.808679
6.134149 0.808679
6.135379 0.810651
6.136610 0.810651
6.137840 0.810651
6.139071 0.810651
6.140301 0.810651
6.141532 0.810651
6.142762 0.810651
6.143993 0.810651
6.145223 0.810651
6.146454 0.810651
6.147684 0.810651
6.148915 0.812623
6.150145 0.812623
6.151375 0.812623
6.152606 0.812623
6.153836 0.812623
6.155067 0.812623
6.156297 0.812623
6.157528 0.812623
6.158758 0.812623
6.159989 0.812623
6.161219 0.812623
6.162450 0.812623
6.163680 0.814596
6.164910 0.814596
6.166141 0.814596
6.167371 0.814596
6.168602 0.816568
6.169832 0.816568
6.171063 0.816568
6.172293 0.816568
6.173524 0.816568
6.174754 0.816568
6.175985 0.816568
6.177215 0.818540
6.178445 0.818540
6.179676 0.818540
6.180906 0.818540
6.182137 0.820513
6.183367 0.820513
6.184598 0.820513
6.185828 0.820513
6.187059 0.820513
6.188289 0.820513
6.189520 0.820513
6.190750 0.820513
6.191981 0.820513
6.193211 0.820513
6.194441 0.820513
6.195672 0.822485
6.196902 0.822485
6.198133 0.822485
6.199363 0.822485
6.200594 0.822485
6.201824 0.822485
6.203055 0.822485
6.204285 0.822485
6.205516 0.822485
6.206746 0.822485
6.207976 0.824458
6.209207 0.824458
6.210437 0.824458
6.211668 0.824458
6.212898 0.824458
6.214129 0.824458
6.215359 0.826430
6.216590 0.826430
6.217820 0.826430
6.219051 0.826430
6.220281 0.826430
6.221511 0.826430
6.222742 0.826430
6.223972 0.826430
6.225203 0.826430
6.226433 0.826430
6.227664 0.826430
6.228894 0.826430
6.230125 0.826430
6.231355 0.826430
6.232586 0.826430
6.233816 0.830375
6.235047 0.830375
6.236277 0.830375
6.237507 0.830375
6.238738 0.830375
6.239968 0.830375
6.241199 0.830375
6.242429 0.830375
6.243660 0.830375
6.244890 0.830375
6.246121 0.830375
6.247351 0.830375
6.248582 0.830375
6.249812 0.830375
6.251042 0.830375
6.252273 0.830375
6.253503 0.830375
6.254734 0.830375
6.255964 0.830375
6.257195 0.830375
6.258425 0.830375
6.259656 0.830375
6.260886 0.830375
6.262117 0.830375
6.263347 0.830375
6.264577 0.830375
6.265808 0.830375
6.267038 0.830375
6.268269 0.830375
6.269499 0.830375
6.270730 0.830375
6.271960 0.830375
6.273191 0.830375
6.274421 0.830375
6.275652 0.830375
6.276882 0.830375
6.278113 0.830375
6.279343 0.830375
6.280573 0.830375
6.281804 0.830375
6.283034 0.830375
6.284265 0.830375
6.285495 0.830375
6.286726 0.830375
6.287956 0.830375
6.289187 0.830375
6.290417 0.830375
6.291648 0.830375
6.292878 0.830375
6.294108 0.830375
6.295339 0.830375
6.296569 0.830375
6.297800 0.830375
6.299030 0.832347
6.300261 0.832347
6.301491 0.832347
6.302722 0.832347
6.303952 0.832347
6.305183 0.832347
6.306413 0.832347
6.307643 0.834320
6.308874 0.834320
6.310104 0.834320
6.311335 0.834320
6.312565 0.834320
6.313796 0.834320
6.315026 0.834320
6.316257 0.834320
6.317487 0.834320
6.318718 0.834320
6.319948 0.834320
6.321179 0.834320
6.322409 0.834320
6.323639 0.834320
6.324870 0.836292
6.326100 0.836292
6.327331 0.836292
6.328561 0.836292
6.329792 0.836292
6.331022 0.836292
6.332253 0.836292
6.333483 0.836292
6.334714 0.836292
6.335944 0.836292
6.337174 0.836292
6.338405 0.838264
6.339635 0.838264
6.340866 0.838264
6.342096 0.838264
6.343327 0.838264
6.344557 0.838264
6.345788 0.838264
6.347018 0.838264
6.348249 0.838264
6.349479 0.838264
6.350709 0.840237
6.351940 0.840237
6.353170 0.840237
6.354401 0.840237
6.355631 0.840237
6.356862 0.840237
6.358092 0.840237
6.359323 0.840237
6.360553 0.840237
6.361784 0.840237
6.363014 0.840237
6.364245 0.840237
6.365475 0.840237
6.366705 0.840237
6.367936 0.840237
6.369166 0.840237
6.370397 0.840237
6.371627 0.840237
6.372858 0.840237
6.374088 0.840237
6.375319 0.842209
6.376549 0.842209
6.377780 0.842209
6.379010 0.842209
6.380240 0.844181
6.381471 0.844181
6.382701 0.844181
6.383932 0.844181
6.385162 0.844181
6.386393 0.844181
6.387623 0.844181
6.388854 0.844181
6.390084 0.844181
6.391315 0.844181
6.392545 0.844181
6.393775 0.844181
6.395006 0.844181
6.396236 0.844181
6.397467 0.844181
6.398697 0.844181
6.399928 0.844181
6.401158 0.844181
6.402389 0.844181
6.403619 0.844181
6.404850 0.844181
6.406080 0.844181
6.407311 0.844181
6.408541 0.844181
6.409771 0.846154
6.411002 0.846154
6.412232 0.846154
6.413463 0.846154
6.414693 0.848126
6.415924 0.848126
6.417154 0.848126
6.418385 0.850099
6.419615 0.850099
6.420846 0.850099
6.422076 0.850099
6.423306 0.850099
6.424537 0.850099
6.425767 0.850099
6.426998 0.850099
6.428228 0.850099
6.429459 0.850099
6.430689 0.850099
6.431920 0.850099
6.433150 0.850099
6.434381 0.850099
6.435611 0.850099
6.436841 0.850099
6.438072 0.850099
6.439302 0.850099
6.440533 0.850099
6.441763 0.850099
6.442994 0.850099
6.444224 0.850099
6.445455 0.850099
6.446685 0.852071
6.447916 0.852071
6.449146 0.852071
6.450377 0.852071
6.451607 0.852071
6.452837 0.854043
6.454068 0.854043
6.455298 0.854043
6.456529 0.854043
6.457759 0.854043
6.458990 0.854043
6.460220 0.854043
6.461451 0.854043
6.462681 0.854043
6.463912 0.854043
6.465142 0.854043
6.466372 0.854043
6.467603 0.854043
6.468833 0.854043
6.470064 0.854043
6.471294 0.854043
6.472525 0.854043
6.473755 0.854043
6.474986 0.854043
6.476216 0.854043
6.477447 0.854043
6.478677 0.854043
6.479907 0.854043
6.481138 0.854043
6.482368 0.854043
6.483599 0.854043
6.484829 0.854043
6.486060 0.854043
6.487290 0.854043
6.488521 0.854043
6.489751 0.854043
6.490982 0.854043
6.492212 0.854043
6.493443 0.854043
6.494673 0.854043
6.495903 0.854043
6.497134 0.854043
6.498364 0.854043
6.499595 0.854043
6.500825 0.854043
6.502056 0.854043
6.503286 0.854043
6.504517 0.854043
6.505747 0.854043
6.506978 0.854043
6.508208 0.854043
6.509438 0.854043
6.510669 0.854043
6.511899 0.856016
6.513130 0.856016
6.514360 0.856016
6.515591 0.856016
6.516821 0.857988
6.518052 0.857988
6.519282 0.857988
6.520513 0.857988
6.521743 0.857988
6.522973 0.857988
6.524204 0.857988
6.525434 0.857988
6.526665 0.857988
6.527895 0.857988
6.529126 0.859961
6.530356 0.859961
6.531587 0.859961
6.532817 0.859961
6.534048 0.861933
6.535278 0.861933
6.536509 0.861933
6.537739 0.861933
6.538969 0.861933
6.540200 0.861933
6.541430 0.861933
6.542661 0.861933
6.543891 0.863905
6.545122 0.863905
6.546352 0.863905
6.547583 0.863905
6.548813 0.863905
6.550044 0.863905
6.551274 0.863905
6.552504 0.863905
6.553735 0.863905
6.554965 0.863905
6.556196 0.863905
6.557426 0.863905
6.558657 0.863905
6.559887 0.863905
6.561118 0.863905
6.562348 0.863905
6.563579 0.863905
6.564809 0.863905
6.566039 0.865878
6.567270 0.865878
6.568500 0.865878
6.569731 0.865878
6.570961 0.865878
6.572192 0.865878
6.573422 0.865878
6.574653 0.865878
6.575883 0.865878
6.577114 0.865878
6.578344 0.865878
6.579575 0.865878
6.580805 0.865878
6.582035 0.865878
6.583266 0.865878
6.584496 0.865878
6.585727 0.865878
6.586957 0.865878
6.588188 0.865878
6.589418 0.865878
6.590649 0.865878
6.591879 0.865878
6.593110 0.865878
6.594340 0.865878
6.595570 0.865878
6.596801 0.867850
6.598031 0.867850
6.599262 0.867850
6.600492 0.867850
6.601723 0.867850
6.602953 0.867850
6.604184 0.867850
6.605414 0.867850
6.606645 0.869822
6.607875 0.869822
6.609105 0.869822
6.610336 0.871795
6.611566 0.871795
6.612797 0.871795
6.614027 0.871795
6.615258 0.871795
6.616488 0.871795
6.617719 0.871795
6.618949 0.871795
6.620180 0.871795
6.621410 0.871795
6.622641 0.871795
6.623871 0.871795
6.625101 0.871795
6.626332 0.871795
6.627562 0.871795
6.628793 0.871795
6.630023 0.871795
6.631254 0.871795
6.632484 0.871795
6.633715 0.871795
6.634945 0.871795
6.636176 0.871795
6.637406 0.871795
6.638636 0.871795
6.639867 0.871795
6.641097 0.871795
6.642328 0.871795
6.643558 0.871795
6.644789 0.871795
6.646019 0.871795
6.647250 0.871795
6.648480 0.871795
6.649711 0.871795
6.650941 0.871795
6.652171 0.871795
6.653402 0.871795
6.654632 0.871795
6.655863 0.871795
6.657093 0.871795
6.658324 0.871795
6.659554 0.871795
6.660785 0.871795
6.662015 0.871795
6.663246 0.871795
6.664476 0.871795
6.665707 0.871795
6.666937 0.871795
6.668167 0.871795
6.669398 0.873767
6.670628 0.875740
6.671859 0.875740
6.673089 0.875740
6.674320 0.875740
6.675550 0.875740
6.676781 0.875740
6.678011 0.875740
6.679242 0.877712
6.680472 0.877712
6.681702 0.877712
6.682933 0.877712
6.684163 0.877712
6.685394 0.877712
6.686624 0.877712
6.687855 0.877712
6.689085 0.877712
6.690316 0.877712
6.691546 0.877712
6.692777 0.877712
6.694007 0.877712
6.695238 0.877712
6.696468 0.877712
6.697698 0.877712
6.698929 0.877712
6.700159 0.877712
6.701390 0.877712
6.702620 0.877712
6.703851 0.877712
6.705081 0.877712
6.706312 0.877712
6.707542 0.877712
6.708773 0.877712
6.710003 0.877712
6.711233 0.877712
6.712464 0.877712
6.713694 0.877712
6.714925 0.877712
6.716155 0.877712
6.717386 0.877712
6.718616 0.877712
6.719847 0.877712
6.721077 0.877712
6.722308 0.877712
6.723538 0.877712
6.724768 0.879684
6.725999 0.879684
6.727229 0.879684
6.728460 0.879684
6.729690 0.879684
6.730921 0.879684
6.732151 0.879684
6.733382 0.879684
6.734612 0.879684
6.735843 0.879684
6.737073 0.879684
6.738304 0.879684
6.739534 0.879684
6.740764 0.879684
6.741995 0.879684
6.743225 0.879684
6.744456 0.879684
6.745686 0.879684
6.746917 0.879684
6.748147 0.879684
6.749378 0.879684
6.750608 0.879684
6.751839 0.879684
6.753069 0.879684
6.754299 0.879684
6.755530 0.879684
6.756760 0.879684
6.757991 0.879684
6.759221 0.879684
6.760452 0.879684
6.761682 0.879684
6.762913 0.881657
6.764143 0.881657
6.765374 0.881657
6.766604 0.881657
6.767834 0.881657
6.769065 0.881657
6.770295 0.881657
6.771526 0.881657
6.772756 0.881657
6.773987 0.881657
6.775217 0.881657
6.776448 0.881657
6.777678 0.881657
6.778909 0.881657
6.780139 0.881657
6.781370 0.883629
6.782600 0.885602
6.783830 0.885602
6.785061 0.885602
6.786291 0.885602
6.787522 0.885602
6.788752 0.885602
6.789983 0.885602
6.791213 0.885602
6.792444 0.885602
6.793674 0.885602
6.794905 0.885602
6.796135 0.885602
6.797365 0.885602
6.798596 0.885602
6.799826 0.885602
6.801057 0.885602
6.802287 0.885602
6.803518 0.885602
6.804748 0.885602
6.805979 0.885602
6.807209 0.885602
6.808440 0.885602
6.809670 0.885602
6.810900 0.885602
6.812131 0.885602
6.813361 0.885602
6.814592 0.885602
6.815822 0.885602
6.817053 0.885602
6.818283 0.885602
6.819514 0.887574
6.820744 0.887574
6.821975 0.887574
6.823205 0.887574
6.824436 0.887574
6.825666 0.887574
6.826896 0.887574
6.828127 0.887574
6.829357 0.887574
6.830588 0.887574
6.831818 0.887574
6.833049 0.887574
6.834279 0.887574
6.835510 0.887574
6.836740 0.889546
6.837971 0.889546
6.839201 0.889546
6.840431 0.889546
6.841662 0.889546
6.842892 0.889546
6.844123 0.889546
6.845353 0.889546
6.846584 0.889546
6.847814 0.889546
6.849045 0.889546
6.850275 0.889546
6.851506 0.889546
6.852736 0.889546
6.853966 0.889546
6.855197 0.889546
6.856427 0.889546
6.857658 0.889546
6.858888 0.889546
6.860119 0.889546
6.861349 0.889546
6.862580 0.889546
6.863810 0.889546
6.865041 0.889546
6.866271 0.889546
6.867502 0.889546
6.868732 0.889546
6.869962 0.889546
6.871193 0.889546
6.872423 0.889546
6.873654 0.889546
6.874884 0.889546
6.876115 0.889546
6.877345 0.889546
6.878576 0.889546
6.879806 0.889546
6.881037 0.889546
6.882267 0.889546
6.883497 0.889546
6.884728 0.889546
6.885958 0.889546
6.887189 0.889546
6.888419 0.889546
6.889650 0.889546
6.890880 0.889546
6.892111 0.889546
6.893341 0.889546
6.894572 0.889546
6.895802 0.889546
6.897032 0.889546
6.898263 0.889546
6.899493 0.889546
6.900724 0.889546
6.901954 0.889546
6.903185 0.889546
6.904415 0.889546
6.905646 0.889546
6.906876 0.891519
6.908107 0.891519
6.909337 0.891519
6.910568 0.891519
6.911798 0.891519
6.913028 0.891519
6.914259 0.891519
6.915489 0.891519
6.916720 0.891519
6.917950 0.891519
6.919181 0.891519
6.920411 0.891519
6.921642 0.891519
6.922872 0.891519
6.924103 0.891519
6.925333 0.891519
6.926563 0.891519
6.927794 0.891519
6.929024 0.891519
6.930255 0.891519
6.931485 0.891519
6.932716 0.891519
6.933946 0.891519
6.935177 0.891519
6.936407 0.891519
6.937638 0.891519
6.938868 0.891519
6.940098 0.891519
6.941329 0.891519
6.942559 0.891519
6.943790 0.891519
6.945020 0.891519
6.946251 0.893491
6.947481 0.893491
6.948712 0.893491
6.949942 0.893491
6.951173 0.893491
6.952403 0.893491
6.953634 0.893491
6.954864 0.893491
6.956094 0.893491
6.957325 0.893491
6.958555 0.893491
6.959786 0.893491
6.961016 0.893491
6.962247 0.893491
6.963477 0.893491
6.964708 0.893491
6.965938 0.893491
6.967169 0.893491
6.968399 0.893491
6.969629 0.893491
6.970860 0.893491
6.972090 0.893491
6.973321 0.893491
6.974551 0.893491
6.975782 0.895464
6.977012 0.895464
6.978243 0.895464
6.979473 0.895464
6.980704 0.895464
6.981934 0.895464
6.983164 0.895464
6.984395 0.895464
6.985625 0.895464
6.986856 0.895464
6.988086 0.895464
6.989317 0.895464
6.990547 0.895464
6.991778 0.895464
6.993008 0.895464
6.994239 0.897436
6.995469 0.897436
6.996700 0.897436
6.997930 0.897436
6.999160 0.897436
7.000391 0.897436
7.001621 0.897436
7.002852 0.897436
7.004082 0.897436
7.005313 0.897436
7.006543 0.899408
7.007774 0.899408
7.009004 0.899408
7.010235 0.899408
7.011465 0.899408
7.012695 0.899408
7.013926 0.899408
7.015156 0.899408
7.016387 0.899408
7.017617 0.899408
7.018848 0.899408
7.020078 0.899408
7.021309 0.899408
7.022539 0.899408
7.023770 0.899408
7.025000 0.899408
7.026230 0.899408
7.027461 0.899408
7.028691 0.899408
7.029922 0.899408
7.031152 0.899408
7.032383 0.899408
7.033613 0.899408
7.034844 0.899408
7.036074 0.899408
7.037305 0.899408
7.038535 0.899408
7.039766 0.899408
7.040996 0.899408
7.042226 0.899408
7.043457 0.899408
7.044687 0.899408
7.045918 0.899408
7.047148 0.899408
7.048379 0.899408
7.049609 0.899408
7.050840 0.899408
7.052070 0.899408
7.053301 0.899408
7.054531 0.899408
7.055761 0.899408
7.056992 0.899408
7.058222 0.899408
7.059453 0.899408
7.060683 0.899408
7.061914 0.899408
7.063144 0.899408
7.064375 0.899408
7.065605 0.899408
7.066836 0.899408
7.068066 0.899408
7.069296 0.899408
7.070527 0.899408
7.071757 0.899408
7.072988 0.899408
7.074218 0.899408
7.075449 0.899408
7.076679 0.899408
7.077910 0.899408
7.079140 0.899408
7.080371 0.899408
7.081601 0.899408
7.082832 0.899408
7.084062 0.899408
7.085292 0.899408
7.086523 0.899408
7.087753 0.899408
7.088984 0.899408
7.090214 0.901381
7.091445 0.901381
7.092675 0.901381
7.093906 0.901381
7.095136 0.901381
7.096367 0.903353
7.097597 0.903353
7.098827 0.903353
7.100058 0.903353
7.101288 0.903353
7.102519 0.903353
7.103749 0.903353
7.104980 0.903353
7.106210 0.903353
7.107441 0.903353
7.108671 0.903353
7.109902 0.903353
7.111132 0.903353
7.112362 0.903353
7.113593 0.903353
7.114823 0.903353
7.116054 0.903353
7.117284 0.903353
7.118515 0.903353
7.119745 0.903353
7.120976 0.903353
7.122206 0.903353
7.123437 0.903353
7.124667 0.903353
7.125898 0.903353
7.127128 0.903353
7.128358 0.903353
7.129589 0.903353
7.130819 0.903353
7.132050 0.903353
7.133280 0.903353
7.134511 0.903353
7.135741 0.903353
7.136972 0.903353
7.138202 0.903353
7.139433 0.903353
7.140663 0.903353
7.141893 0.903353
7.143124 0.903353
7.144354 0.903353
7.145585 0.903353
7.146815 0.903353
7.148046 0.905325
7.149276 0.905325
7.150507 0.905325
7.151737 0.905325
7.152968 0.905325
7.154198 0.905325
7.155428 0.905325
7.156659 0.905325
7.157889 0.905325
7.159120 0.905325
7.160350 0.905325
7.161581 0.905325
7.162811 0.905325
7.164042 0.905325
7.165272 0.905325
7.166503 0.905325
7.167733 0.905325
7.168964 0.905325
7.170194 0.905325
7.171424 0.905325
7.172655 0.905325
7.173885 0.905325
7.175116 0.905325
7.176346 0.905325
7.177577 0.905325
7.178807 0.905325
7.180038 0.905325
7.181268 0.905325
7.182499 0.905325
7.183729 0.905325
7.184959 0.905325
7.186190 0.905325
7.187420 0.905325
7.188651 0.905325
7.189881 0.905325
7.191112 0.905325
7.192342 0.905325
7.193573 0.905325
7.194803 0.905325
7.196034 0.905325
7.197264 0.905325
7.198494 0.905325
7.199725 0.905325
7.200955 0.905325
7.202186 0.905325
7.203416 0.905325
7.204647 0.905325
7.205877 0.905325
7.207108 0.905325
7.208338 0.905325
7.209569 0.905325
7.210799 0.905325
7.212030 0.905325
7.213260 0.905325
7.214490 0.905325
7.215721 0.905325
7.216951 0.905325
7.218182 0.905325
7.219412 0.905325
7.220643 0.905325
7.221873 0.905325
7.223104 0.905325
7.224334 0.907298
7.225565 0.907298
7.226795 0.907298
7.228025 0.907298
7.229256 0.907298
7.230486 0.907298
7.231717 0.907298
7.232947 0.907298
7.234178 0.907298
7.235408 0.909270
7.236639 0.909270
7.237869 0.909270
7.239100 0.909270
7.240330 0.911243
7.241561 0.911243
7.242791 0.913215
7.244021 0.913215
7.245252 0.913215
7.246482 0.913215
7.247713 0.913215
7.248943 0.913215
7.250174 0.913215
7.251404 0.913215
7.252635 0.913215
7.253865 0.913215
7.255096 0.913215
7.256326 0.913215
7.257556 0.913215
7.258787 0.913215
7.260017 0.915187
7.261248 0.915187
7.262478 0.915187
7.263709 0.915187
7.264939 0.915187
7.266170 0.915187
7.267400 0.915187
7.268631 0.915187
7.269861 0.915187
7.271091 0.915187
7.272322 0.915187
7.273552 0.915187
7.274783 0.915187
7.276013 0.915187
7.277244 0.915187
7.278474 0.915187
7.279705 0.915187
7.280935 0.915187
7.282166 0.915187
7.283396 0.915187
7.284627 0.915187
7.285857 0.915187
7.287087 0.915187
7.288318 0.915187
7.289548 0.915187
7.290779 0.915187
7.292009 0.915187
7.293240 0.915187
7.294470 0.915187
7.295701 0.915187
7.296931 0.915187
7.298162 0.915187
7.299392 0.915187
7.300622 0.915187
7.301853 0.915187
7.303083 0.915187
7.304314 0.915187
7.305544 0.915187
7.306775 0.915187
7.308005 0.915187
7.309236 0.915187
7.310466 0.915187
7.311697 0.915187
7.312927 0.915187
7.314157 0.915187
7.315388 0.915187
7.316618 0.915187
7.317849 0.915187
7.319079 0.915187
7.320310 0.915187
7.321540 0.915187
7.322771 0.915187
7.324001 0.915187
7.325232 0.915187
7.326462 0.915187
7.327693 0.915187
7.328923 0.917160
7.330153 0.917160
7.331384 0.917160
7.332614 0.917160
7.333845 0.917160
7.335075 0.917160
7.336306 0.917160
7.337536 0.917160
7.338767 0.917160
7.339997 0.917160
7.341228 0.917160
7.342458 0.917160
7.343688 0.917160
7.344919 0.917160
7.346149 0.917160
7.347380 0.917160
7.348610 0.917160
7.349841 0.917160
7.351071 0.917160
7.352302 0.917160
7.353532 0.917160
7.354763 0.917160
7.355993 0.917160
7.357223 0.917160
7.358454 0.917160
7.359684 0.919132
7.360915 0.919132
7.362145 0.919132
7.363376 0.919132
7.364606 0.919132
7.365837 0.919132
7.367067 0.919132
7.368298 0.919132
7.369528 0.919132
7.370759 0.919132
7.371989 0.919132
7.373219 0.919132
7.374450 0.919132
7.375680 0.919132
7.376911 0.919132
7.378141 0.919132
7.379372 0.919132
7.380602 0.919132
7.381833 0.919132
7.383063 0.919132
7.384294 0.919132
7.385524 0.919132
7.386754 0.919132
7.387985 0.919132
7.389215 0.919132
7.390446 0.919132
7.391676 0.919132
7.392907 0.919132
7.394137 0.919132
7.395368 0.921105
7.396598 0.921105
7.397829 0.921105
7.399059 0.921105
7.400289 0.921105
7.401520 0.921105
7.402750 0.921105
7.403981 0.921105
7.405211 0.921105
7.406442 0.921105
7.407672 0.921105
7.408903 0.921105
7.410133 0.921105
7.411364 0.921105
7.412594 0.921105
7.413825 0.921105
7.415055 0.921105
7.416285 0.921105
7.417516 0.921105
7.418746 0.921105
7.419977 0.921105
7.421207 0.921105
7.422438 0.921105
7.423668 0.921105
7.424899 0.921105
7.426129 0.921105
7.427360 0.921105
7.428590 0.921105
7.429820 0.921105
7.431051 0.921105
7.432281 0.921105
7.433512 0.921105
7.434742 0.921105
7.435973 0.921105
7.437203 0.921105
7.438434 0.921105
7.439664 0.921105
7.440895 0.923077
7.442125 0.923077
7.443355 0.923077
7.444586 0.923077
7.445816 0.923077
7.447047 0.923077
7.448277 0.923077
7.449508 0.923077
7.450738 0.923077
7.451969 0.923077
7.453199 0.923077
7.454430 0.923077
7.455660 0.923077
7.456891 0.923077
7.458121 0.923077
7.459351 0.923077
7.460582 0.923077
7.461812 0.923077
7.463043 0.923077
7.464273 0.923077
7.465504 0.923077
7.466734 0.923077
7.467965 0.923077
7.469195 0.923077
7.470426 0.923077
7.471656 0.923077
7.472886 0.923077
7.474117 0.923077
7.475347 0.923077
7.476578 0.923077
7.477808 0.923077
7.479039 0.923077
7.480269 0.923077
7.481500 0.923077
7.482730 0.923077
7.483961 0.923077
7.485191 0.923077
7.486421 0.925049
7.487652 0.925049
7.488882 0.925049
7.490113 0.925049
7.491343 0.925049
7.492574 0.925049
7.493804 0.925049
7.495035 0.925049
7.496265 0.925049
7.497496 0.925049
7.498726 0.925049
7.499957 0.925049
7.501187 0.925049
7.502417 0.925049
7.503648 0.925049
7.504878 0.925049
7.506109 0.925049
7.507339 0.925049
7.508570 0.925049
7.509800 0.925049
7.511031 0.925049
7.512261 0.925049
7.513492 0.925049
7.514722 0.925049
7.515952 0.925049
7.517183 0.925049
7.518413 0.925049
7.519644 0.925049
7.520874 0.925049
7.522105 0.925049
7.523335 0.925049
7.524566 0.925049
7.525796 0.925049
7.527027 0.925049
7.528257 0.925049
7.529487 0.925049
7.530718 0.925049
7.531948 0.925049
7.533179 0.925049
7.534409 0.925049
7.535640 0.925049
7.536870 0.925049
7.538101 0.925049
7.539331 0.925049
7.540562 0.925049
7.541792 0.925049
7.543023 0.925049
7.544253 0.925049
7.545483 0.925049
7.546714 0.925049
7.547944 0.925049
7.549175 0.925049
7.550405 0.925049
7.551636 0.925049
7.552866 0.925049
7.554097 0.925049
7.555327 0.925049
7.556558 0.925049
7.557788 0.925049
7.559018 0.927022
7.560249 0.927022
7.561479 0.927022
7.562710 0.927022
7.563940 0.927022
7.565171 0.927022
7.566401 0.927022
7.567632 0.927022
7.568862 0.927022
7.570093 0.927022
7.571323 0.927022
7.572553 0.927022
7.573784 0.927022
7.575014 0.927022
7.576245 0.927022
7.577475 0.927022
7.578706 0.927022
7.579936 0.927022
7.581167 0.927022
7.582397 0.927022
7.583628 0.927022
7.584858 0.927022
7.586089 0.927022
7.587319 0.927022
7.588549 0.927022
7.589780 0.927022
7.591010 0.927022
7.592241 0.927022
7.593471 0.927022
7.594702 0.927022
7.595932 0.927022
7.597163 0.927022
7.598393 0.927022
7.599624 0.927022
7.600854 0.928994
7.602084 0.928994
7.603315 0.928994
7.604545 0.928994
7.605776 0.928994
7.607006 0.928994
7.608237 0.928994
7.609467 0.928994
7.610698 0.928994
7.611928 0.928994
7.613159 0.928994
7.614389 0.928994
7.615619 0.928994
7.616850 0.928994
7.618080 0.928994
7.619311 0.928994
7.620541 0.928994
7.621772 0.928994
7.623002 0.928994
7.624233 0.928994
7.625463 0.928994
7.626694 0.928994
7.627924 0.928994
7.629155 0.928994
7.630385 0.928994
7.631615 0.930966
7.632846 0.932939
7.634076 0.932939
7.635307 0.932939
7.636537 0.932939
7.637768 0.932939
7.638998 0.932939
7.640229 0.932939
7.641459 0.932939
7.642690 0.932939
7.643920 0.932939
7.645150 0.932939
7.646381 0.932939
7.647611 0.932939
7.648842 0.932939
7.650072 0.932939
7.651303 0.932939
7.652533 0.932939
7.653764 0.932939
7.654994 0.932939
7.656225 0.932939
7.657455 0.932939
7.658685 0.932939
7.659916 0.932939
7.661146 0.932939
7.662377 0.932939
7.663607 0.932939
7.664838 0.932939
7.666068 0.932939
7.667299 0.932939
7.668529 0.932939
7.669760 0.932939
7.670990 0.932939
7.672221 0.932939
7.673451 0.932939
7.674681 0.932939
7.675912 0.932939
7.677142 0.932939
7.678373 0.932939
7.679603 0.932939
7.680834 0.932939
7.682064 0.932939
7.683295 0.932939
7.684525 0.932939
7.685756 0.932939
7.686986 0.932939
7.688216 0.932939
7.689447 0.932939
7.690677 0.932939
7.691908 0.932939
7.693138 0.932939
7.694369 0.932939
7.695599 0.932939
7.696830 0.932939
7.698060 0.932939
7.699291 0.932939
7.700521 0.932939
7.701751 0.932939
7.702982 0.932939
7.704212 0.932939
7.705443 0.932939
7.706673 0.932939
7.707904 0.932939
7.709134 0.932939
7.710365 0.932939
7.711595 0.932939
7.712826 0.932939
7.714056 0.932939
7.715287 0.932939
7.716517 0.932939
7.717747 0.932939
7.718978 0.934911
7.720208 0.934911
7.721439 0.934911
7.722669 0.934911
7.723900 0.934911
7.725130 0.934911
7.726361 0.934911
7.727591 0.934911
7.728822 0.934911
7.730052 0.934911
7.731282 0.934911
7.732513 0.934911
7.733743 0.934911
7.734974 0.934911
7.736204 0.934911
7.737435 0.934911
7.738665 0.934911
7.739896 0.934911
7.741126 0.934911
7.742357 0.934911
7.743587 0.934911
7.744817 0.936884
7.746048 0.936884
7.747278 0.936884
7.748509 0.936884
7.749739 0.936884
7.750970 0.936884
7.752200 0.936884
7.753431 0.936884
7.754661 0.938856
7.755892 0.938856
7.757122 0.938856
7.758353 0.938856
7.759583 0.938856
7.760813 0.938856
7.762044 0.938856
7.763274 0.938856
7.764505 0.938856
7.765735 0.938856
7.766966 0.938856
7.768196 0.938856
7.769427 0.938856
7.770657 0.938856
7.771888 0.938856
7.773118 0.938856
7.774348 0.938856
7.775579 0.938856
7.776809 0.938856
7.778040 0.938856
7.779270 0.938856
7.780501 0.938856
7.781731 0.938856
7.782962 0.938856
7.784192 0.938856
7.785423 0.938856
7.786653 0.938856
7.787884 0.938856
7.789114 0.938856
7.790344 0.938856
7.791575 0.938856
7.792805 0.938856
7.794036 0.938856
7.795266 0.938856
7.796497 0.938856
7.797727 0.938856
7.798958 0.938856
7.800188 0.938856
7.801419 0.938856
7.802649 0.938856
7.803879 0.938856
7.805110 0.938856
7.806340 0.938856
7.807571 0.938856
7.808801 0.938856
7.810032 0.938856
7.811262 0.938856
7.812493 0.938856
7.813723 0.938856
7.814954 0.938856
7.816184 0.938856
7.817414 0.938856
7.818645 0.938856
7.819875 0.938856
7.821106 0.938856
7.822336 0.938856
7.823567 0.938856
7.824797 0.938856
7.826028 0.938856
7.827258 0.938856
7.828489 0.938856
7.829719 0.940828
7.830950 0.940828
7.832180 0.940828
7.833410 0.940828
7.834641 0.940828
7.835871 0.940828
7.837102 0.940828
7.838332 0.940828
7.839563 0.940828
7.840793 0.940828
7.842024 0.940828
7.843254 0.940828
7.844485 0.940828
7.845715 0.940828
7.846945 0.940828
7.848176 0.942801
7.849406 0.942801
7.850637 0.942801
7.851867 0.942801
7.853098 0.942801
7.854328 0.942801
7.855559 0.942801
7.856789 0.942801
7.858020 0.942801
7.859250 0.942801
7.860480 0.942801
7.861711 0.942801
7.862941 0.942801
7.864172 0.942801
7.865402 0.942801
7.866633 0.942801
7.867863 0.942801
7.869094 0.942801
7.870324 0.942801
7.871555 0.942801
7.872785 0.942801
7.874016 0.942801
7.875246 0.942801
7.876476 0.942801
7.877707 0.942801
7.878937 0.942801
7.880168 0.942801
7.881398 0.942801
7.882629 0.942801
7.883859 0.942801
7.885090 0.942801
7.886320 0.944773
7.887551 0.944773
7.888781 0.944773
7.890011 0.944773
7.891242 0.944773
7.892472 0.944773
7.893703 0.944773
7.894933 0.944773
7.896164 0.944773
7.897394 0.944773
7.898625 0.944773
7.899855 0.944773
7.901086 0.944773
7.902316 0.944773
7.903546 0.944773
7.904777 0.944773
7.906007 0.946746
7.907238 0.946746
7.908468 0.946746
7.909699 0.946746
7.910929 0.946746
7.912160 0.946746
7.913390 0.946746
7.914621 0.946746
7.915851 0.946746
7.917082 0.946746
7.918312 0.946746
7.919542 0.946746
7.920773 0.946746
7.922003 0.946746
7.923234 0.946746
7.924464 0.946746
7.925695 0.946746
7.926925 0.946746
7.928156 0.946746
7.929386 0.946746
7.930617 0.946746
7.931847 0.946746
7.933077 0.946746
7.934308 0.946746
7.935538 0.946746
7.936769 0.946746
7.937999 0.946746
7.939230 0.946746
7.940460 0.946746
7.941691 0.946746
7.942921 0.946746
7.944152 0.946746
7.945382 0.946746
7.946612 0.946746
7.947843 0.946746
7.949073 0.946746
7.950304 0.946746
7.951534 0.946746
7.952765 0.946746
7.953995 0.948718
7.955226 0.948718
7.956456 0.948718
7.957687 0.948718
7.958917 0.948718
7.960148 0.948718
7.961378 0.948718
7.962608 0.948718
7.963839 0.948718
7.965069 0.948718
7.966300 0.948718
7.967530 0.948718
7.968761 0.948718
7.969991 0.948718
7.971222 0.948718
7.972452 0.948718
7.973683 0.948718
7.974913 0.948718
7.976143 0.948718
7.977374 0.948718
7.978604 0.948718
7.979835 0.948718
7.981065 0.948718
7.982296 0.948718
7.983526 0.948718
7.984757 0.948718
7.985987 0.948718
7.987218 0.948718
7.988448 0.948718
7.989678 0.948718
7.990909 0.948718
7.992139 0.948718
7.993370 0.948718
7.994600 0.948718
7.995831 0.948718
7.997061 0.948718
7.998292 0.948718
7.999522 0.948718
