1.760155 0.001667
1.762136 0.001667
1.764118 0.001667
1.766099 0.001667
1.768081 0.001667
1.770062 0.001667
1.772044 0.001667
1.774025 0.001667
1.776007 0.001667
1.777988 0.001667
1.779970 0.001667
1.781951 0.001667
1.783933 0.001667
1.785914 0.001667
1.787896 0.001667
1.789877 0.001667
1.791859 0.001667
1.793840 0.001667
1.795822 0.001667
1.797803 0.001667
1.799785 0.001667
1.801766 0.001667
1.803748 0.001667
1.805729 0.001667
1.807711 0.001667
1.809692 0.001667
1.811674 0.001667
1.813655 0.001667
1.815637 0.001667
1.817618 0.001667
1.819600 0.001667
1.821581 0.001667
1.823563 0.001667
1.825544 0.001667
1.827526 0.001667
1.829507 0.001667
1.831489 0.001667
1.833470 0.001667
1.835452 0.001667
1.837433 0.001667
1.839415 0.001667
1.841396 0.001667
1.843378 0.001667
1.845359 0.001667
1.847341 0.001667
1.849322 0.001667
1.851304 0.001667
1.853285 0.001667
1.855267 0.001667
1.857248 0.001667
1.859230 0.001667
1.861211 0.001667
1.863193 0.001667
1.865174 0.001667
1.867156 0.001667
1.869137 0.001667
1.871119 0.001667
1.873100 0.001667
1.875082 0.001667
1.877063 0.001667
1.879045 0.001667
1.881026 0.001667
1.883008 0.001667
1.884989 0.001667
1.886971 0.001667
1.888952 0.001667
1.890934 0.001667
1.892915 0.001667
1.894897 0.001667
1.896878 0.001667
1.898860 0.001667
1.900841 0.001667
1.902823 0.001667
1.904804 0.001667
1.906786 0.001667
1.908767 0.001667
1.910749 0.001667
1.912730 0.001667
1.914712 0.001667
1.916693 0.001667
1.918675 0.001667
1.920656 0.001667
1.922638 0.001667
1.924619 0.001667
1.926601 0.001667
1.928582 0.001667
1.930564 0.001667
1.932545 0.001667
1.934527 0.001667
1.936508 0.001667
1.938490 0.001667
1.940471 0.001667
1.942453 0.001667
1.944434 0.001667
1.946416 0.001667
1.948397 0.001667
1.950379 0.001667
1.952360 0.001667
1.954342 0.001667
1.956323 0.001667
1.958305 0.001667
1.960286 0.001667
1.962268 0.001667
1.964249 0.001667
1.966231 0.001667
1.968212 0.001667
1.970194 0.001667
1.972175 0.001667
1.974157 0.001667
1.976138 0.001667
1.978120 0.001667
1.980101 0.001667
1.982083 0.001667
1.984064 0.001667
1.986046 0.001667
1.988027 0.001667
1.990009 0.001667
1.991990 0.001667
1.993972 0.001667
1.995953 0.001667
1.997935 0.001667
1.999916 0.001667
2.001898 0.001667
2.003879 0.001667
2.005861 0.001667
2.007842 0.001667
2.009824 0.001667
2.011805 0.001667
2.013787 0.001667
2.015768 0.001667
2.017750 0.001667
2.019731 0.001667
2.021713 0.001667
2.023694 0.001667
2.025676 0.001667
2.027657 0.001667
2.029639 0.001667
2.031620 0.001667
2.033602 0.001667
2.035583 0.001667
2.037565 0.001667
2.039546 0.001667
2.041528 0.001667
2.043509 0.001667
2.045491 0.001667
2.047472 0.001667
2.049454 0.001667
2.051435 0.001667
2.053417 0.001667
2.055398 0.001667
2.057380 0.001667
2.059361 0.001667
2.061343 0.001667
2.063324 0.001667
2.065306 0.001667
2.067287 0.001667
2.069269 0.001667
2.071250 0.001667
2.073232 0.001667
2.075213 0.001667
2.077195 0.001667
2.079176 0.001667
2.081158 0.001667
2.083139 0.001667
2.085121 0.001667
2.087102 0.001667
2.089084 0.001667
2.091065 0.001667
2.093047 0.001667
2.095028 0.001667
2.097010 0.001667
2.098991 0.001667
2.100973 0.001667
2.102954 0.001667
2.104936 0.001667
2.106917 0.001667
2.108899 0.001667
2.110880 0.001667
2.112862 0.001667
2.114843 0.001667
2.116825 0.001667
2.118806 0.001667
2.120788 0.001667
2.122769 0.001667
2.124751 0.001667
2.126732 0.001667
2.128714 0.001667
2.130695 0.001667
2.132677 0.001667
2.134658 0.001667
2.136640 0.001667
2.138621 0.001667
2.140603 0.001667
2.142584 0.001667
2.144566 0.001667
2.146547 0.001667
2.148529 0.001667
2.150510 0.001667
2.152492 0.001667
2.154473 0.001667
2.156455 0.001667
2.158436 0.001667
2.160418 0.001667
2.162399 0.001667
2.164381 0.001667
2.166362 0.001667
2.168344 0.001667
2.170325 0.001667
2.172307 0.001667
2.174288 0.001667
2.176270 0.001667
2.178251 0.001667
2.180233 0.001667
2.182214 0.001667
2.184196 0.001667
2.186177 0.001667
2.188159 0.001667
2.190140 0.001667
2.192122 0.001667
2.194103 0.001667
2.196085 0.001667
2.198066 0.001667
2.200048 0.003333
2.202029 0.003333
2.204011 0.003333
2.205992 0.003333
2.207974 0.003333
2.209955 0.003333
2.211937 0.003333
2.213918 0.003333
2.215900 0.003333
2.217881 0.003333
2.219863 0.003333
2.221844 0.003333
2.223826 0.003333
2.225807 0.003333
2.227789 0.003333
2.229770 0.003333
2.231752 0.003333
2.233733 0.003333
2.235715 0.003333
2.237696 0.003333
2.239678 0.003333
2.241659 0.003333
2.243641 0.003333
2.245622 0.003333
2.247604 0.003333
2.249585 0.003333
2.251567 0.003333
2.253548 0.003333
2.255529 0.003333
2.257511 0.003333
2.259492 0.003333
2.261474 0.003333
2.263455 0.003333
2.265437 0.003333
2.267418 0.003333
2.269400 0.003333
2.271381 0.003333
2.273363 0.003333
2.275344 0.003333
2.277326 0.003333
2.279307 0.003333
2.281289 0.003333
2.283270 0.003333
2.285252 0.003333
2.287233 0.003333
2.289215 0.003333
2.291196 0.003333
2.293178 0.003333
2.295159 0.003333
2.297141 0.003333
2.299122 0.005000
2.301104 0.005000
2.303085 0.005000
2.305067 0.005000
2.307048 0.005000
2.309030 0.005000
2.311011 0.005000
2.312993 0.005000
2.314974 0.005000
2.316956 0.005000
2.318937 0.005000
2.320919 0.005000
2.322900 0.005000
2.324882 0.005000
2.326863 0.005000
2.328845 0.005000
2.330826 0.005000
2.332808 0.005000
2.334789 0.005000
2.336771 0.005000
2.338752 0.005000
2.340734 0.005000
2.342715 0.005000
2.344697 0.005000
2.346678 0.005000
2.348660 0.005000
2.350641 0.005000
2.352623 0.005000
2.354604 0.005000
2.356586 0.005000
2.358567 0.005000
2.360549 0.005000
2.362530 0.005000
2.364512 0.005000
2.366493 0.005000
2.368475 0.005000
2.370456 0.005000
2.372438 0.005000
2.374419 0.005000
2.376401 0.005000
2.378382 0.005000
2.380364 0.005000
2.382345 0.005000
2.384327 0.005000
2.386308 0.005000
2.388290 0.005000
2.390271 0.005000
2.392253 0.005000
2.394234 0.005000
2.396216 0.005000
2.398197 0.005000
2.400179 0.005000
2.402160 0.005000
2.404142 0.005000
2.406123 0.008333
2.408105 0.008333
2.410086 0.008333
2.412068 0.008333
2.414049 0.008333
2.416031 0.008333
2.418012 0.008333
2.419994 0.008333
2.421975 0.008333
2.423957 0.008333
2.425938 0.008333
2.427920 0.008333
2.429901 0.008333
2.431883 0.008333
2.433864 0.008333
2.435846 0.008333
2.437827 0.008333
2.439809 0.008333
2.441790 0.008333
2.443772 0.008333
2.445753 0.008333
2.447735 0.008333
2.449716 0.008333
2.451698 0.008333
2.453679 0.008333
2.455661 0.010000
2.457642 0.011667
2.459624 0.011667
2.461605 0.013333
2.463587 0.013333
2.465568 0.013333
2.467550 0.013333
2.469531 0.013333
2.471513 0.013333
2.473494 0.013333
2.475476 0.013333
2.477457 0.013333
2.479439 0.015000
2.481420 0.015000
2.483402 0.015000
2.485383 0.015000
2.487365 0.015000
2.489346 0.015000
2.491328 0.015000
2.493309 0.015000
2.495291 0.015000
2.497272 0.015000
2.499254 0.016667
2.501235 0.016667
2.503217 0.016667
2.505198 0.016667
2.507180 0.016667
2.509161 0.016667
2.511143 0.016667
2.513124 0.016667
2.515106 0.018333
2.517087 0.018333
2.519069 0.018333
2.521050 0.021667
2.523032 0.021667
2.525013 0.021667
2.526995 0.021667
2.528976 0.021667
2.530958 0.021667
2.532939 0.021667
2.534921 0.021667
2.536902 0.021667
2.538884 0.021667
2.540865 0.021667
2.542847 0.021667
2.544828 0.021667
2.546810 0.021667
2.548791 0.021667
2.550773 0.021667
2.552754 0.021667
2.554736 0.021667
2.556717 0.021667
2.558699 0.021667
2.560680 0.021667
2.562662 0.023333
2.564643 0.023333
2.566625 0.023333
2.568606 0.023333
2.570588 0.023333
2.572569 0.023333
2.574551 0.025000
2.576532 0.025000
2.578514 0.025000
2.580495 0.025000
2.582477 0.025000
2.584458 0.025000
2.586440 0.025000
2.588421 0.025000
2.590403 0.025000
2.592384 0.025000
2.594366 0.026667
2.596347 0.026667
2.598329 0.026667
2.600310 0.026667
2.602292 0.026667
2.604273 0.028333
2.606255 0.028333
2.608236 0.028333
2.610218 0.028333
2.612199 0.028333
2.614181 0.030000
2.616162 0.030000
2.618144 0.030000
2.620125 0.030000
2.622107 0.030000
2.624088 0.030000
2.626070 0.031667
2.628051 0.031667
2.630033 0.031667
2.632014 0.031667
2.633996 0.031667
2.635977 0.031667
2.637959 0.031667
2.639940 0.031667
2.641922 0.031667
2.643903 0.031667
2.645885 0.031667
2.647866 0.031667
2.649848 0.031667
2.651829 0.031667
2.653811 0.031667
2.655792 0.031667
2.657774 0.031667
2.659755 0.031667
2.661737 0.031667
2.663718 0.031667
2.665700 0.031667
2.667681 0.031667
2.669663 0.031667
2.671644 0.031667
2.673626 0.031667
2.675607 0.031667
2.677589 0.031667
2.679570 0.031667
2.681552 0.031667
2.683533 0.031667
2.685515 0.033333
2.687496 0.033333
2.689478 0.033333
2.691459 0.035000
2.693441 0.035000
2.695422 0.035000
2.697404 0.035000
2.699385 0.035000
2.701367 0.035000
2.703348 0.035000
2.705330 0.035000
2.707311 0.035000
2.709293 0.035000
2.711274 0.035000
2.713256 0.036667
2.715237 0.036667
2.717219 0.038333
2.719200 0.038333
2.721182 0.038333
2.723163 0.040000
2.725145 0.040000
2.727126 0.040000
2.729108 0.040000
2.731089 0.040000
2.733071 0.040000
2.735052 0.040000
2.737034 0.040000
2.739015 0.040000
2.740997 0.041667
2.742978 0.041667
2.744960 0.043333
2.746941 0.043333
2.748923 0.043333
2.750904 0.045000
2.752886 0.045000
2.754867 0.045000
2.756849 0.046667
2.758830 0.046667
2.760812 0.046667
2.762793 0.046667
2.764775 0.046667
2.766756 0.046667
2.768738 0.048333
2.770719 0.048333
2.772701 0.048333
2.774682 0.048333
2.776664 0.048333
2.778645 0.048333
2.780627 0.050000
2.782608 0.050000
2.784590 0.050000
2.786571 0.050000
2.788553 0.050000
2.790534 0.050000
2.792516 0.050000
2.794497 0.050000
2.796479 0.050000
2.798460 0.050000
2.800442 0.050000
2.802423 0.053333
2.804405 0.055000
2.806386 0.056667
2.808368 0.056667
2.810349 0.056667
2.812331 0.056667
2.814312 0.056667
2.816294 0.056667
2.818275 0.056667
2.820257 0.056667
2.822238 0.056667
2.824220 0.056667
2.826201 0.056667
2.828183 0.056667
2.830164 0.056667
2.832146 0.056667
2.834127 0.056667
2.836109 0.056667
2.838090 0.056667
2.840072 0.056667
2.842053 0.056667
2.844035 0.056667
2.846016 0.058333
2.847998 0.058333
2.849979 0.058333
2.851961 0.058333
2.853942 0.058333
2.855924 0.058333
2.857905 0.058333
2.859887 0.060000
2.861868 0.060000
2.863850 0.060000
2.865831 0.060000
2.867813 0.060000
2.869794 0.060000
2.871776 0.060000
2.873757 0.060000
2.875739 0.060000
2.877720 0.060000
2.879702 0.063333
2.881683 0.063333
2.883665 0.063333
2.885646 0.063333
2.887628 0.063333
2.889609 0.063333
2.891591 0.065000
2.893572 0.065000
2.895554 0.065000
2.897535 0.065000
2.899517 0.065000
2.901498 0.065000
2.903480 0.065000
2.905461 0.066667
2.907443 0.066667
2.909424 0.068333
2.911406 0.068333
2.913387 0.068333
2.915369 0.068333
2.917350 0.068333
2.919332 0.068333
2.921313 0.068333
2.923295 0.070000
2.925276 0.071667
2.927258 0.073333
2.929239 0.073333
2.931221 0.073333
2.933202 0.073333
2.935184 0.075000
2.937165 0.075000
2.939147 0.075000
2.941128 0.075000
2.943110 0.075000
2.945091 0.075000
2.947073 0.075000
2.949054 0.075000
2.951036 0.076667
2.953017 0.076667
2.954999 0.076667
2.956980 0.076667
2.958962 0.076667
2.960943 0.078333
2.962925 0.080000
2.964906 0.081667
2.966888 0.081667
2.968869 0.081667
2.970851 0.081667
2.972832 0.081667
2.974814 0.081667
2.976795 0.081667
2.978777 0.081667
2.980758 0.085000
2.982740 0.085000
2.984721 0.085000
2.986703 0.085000
2.988684 0.086667
2.990666 0.086667
2.992647 0.086667
2.994629 0.086667
2.996610 0.086667
2.998592 0.086667
3.000573 0.086667
3.002555 0.086667
3.004536 0.088333
3.006518 0.088333
3.008499 0.091667
3.010481 0.093333
3.012462 0.095000
3.014444 0.096667
3.016425 0.096667
3.018407 0.096667
3.020388 0.096667
3.022370 0.096667
3.024351 0.096667
3.026333 0.096667
3.028314 0.096667
3.030296 0.096667
3.032277 0.096667
3.034259 0.098333
3.036240 0.098333
3.038222 0.098333
3.040203 0.100000
3.042185 0.101667
3.044166 0.101667
3.046148 0.103333
3.048129 0.103333
3.050111 0.103333
3.052092 0.103333
3.054074 0.103333
3.056055 0.103333
3.058037 0.103333
3.060018 0.105000
3.062000 0.105000
3.063981 0.106667
3.065963 0.106667
3.067944 0.106667
3.069926 0.106667
3.071907 0.106667
3.073889 0.106667
3.075870 0.106667
3.077852 0.106667
3.079833 0.108333
3.081815 0.108333
3.083796 0.108333
3.085778 0.108333
3.087759 0.108333
3.089741 0.108333
3.091722 0.108333
3.093704 0.108333
3.095685 0.108333
3.097667 0.110000
3.099648 0.110000
3.101630 0.111667
3.103611 0.111667
3.105593 0.111667
3.107574 0.113333
3.109556 0.115000
3.111537 0.115000
3.113519 0.118333
3.115500 0.118333
3.117482 0.118333
3.119463 0.118333
3.121445 0.120000
3.123426 0.121667
3.125408 0.121667
3.127389 0.121667
3.129371 0.121667
3.131352 0.121667
3.133334 0.121667
3.135315 0.121667
3.137297 0.121667
3.139278 0.123333
3.141260 0.123333
3.143241 0.123333
3.145223 0.123333
3.147204 0.125000
3.149186 0.126667
3.151167 0.126667
3.153149 0.126667
3.155130 0.126667
3.157112 0.126667
3.159093 0.128333
3.161075 0.130000
3.163056 0.130000
3.165038 0.130000
3.167019 0.130000
3.169001 0.131667
3.170982 0.131667
3.172964 0.133333
3.174945 0.133333
3.176927 0.133333
3.178908 0.135000
3.180890 0.136667
3.182871 0.138333
3.184853 0.138333
3.186834 0.138333
3.188816 0.138333
3.190797 0.138333
3.192779 0.138333
3.194760 0.138333
3.196742 0.140000
3.198723 0.140000
3.200705 0.140000
3.202686 0.140000
3.204668 0.141667
3.206649 0.141667
3.208631 0.141667
3.210612 0.141667
3.212594 0.143333
3.214575 0.143333
3.216557 0.145000
3.218538 0.145000
3.220520 0.145000
3.222501 0.145000
3.224483 0.145000
3.226464 0.146667
3.228446 0.146667
3.230427 0.146667
3.232409 0.146667
3.234390 0.146667
3.236372 0.146667
3.238353 0.146667
3.240335 0.148333
3.242316 0.148333
3.244298 0.148333
3.246279 0.151667
3.248261 0.151667
3.250242 0.153333
3.252224 0.153333
3.254205 0.153333
3.256187 0.155000
3.258168 0.155000
3.260150 0.155000
3.262131 0.155000
3.264113 0.156667
3.266094 0.160000
3.268076 0.160000
3.270057 0.160000
3.272039 0.163333
3.274020 0.163333
3.276002 0.168333
3.277983 0.168333
3.279965 0.170000
3.281946 0.170000
3.283928 0.170000
3.285909 0.171667
3.287891 0.173333
3.289872 0.173333
3.291854 0.176667
3.293835 0.178333
3.295817 0.178333
3.297798 0.181667
3.299780 0.181667
3.301761 0.183333
3.303743 0.185000
3.305724 0.186667
3.307706 0.186667
3.309687 0.186667
3.311669 0.186667
3.313650 0.186667
3.315632 0.186667
3.317613 0.186667
3.319595 0.186667
3.321576 0.186667
3.323558 0.186667
3.325539 0.186667
3.327521 0.188333
3.329502 0.188333
3.331484 0.191667
3.333465 0.191667
3.335447 0.191667
3.337428 0.193333
3.339410 0.193333
3.341391 0.193333
3.343373 0.193333
3.345354 0.196667
3.347336 0.198333
3.349317 0.198333
3.351299 0.200000
3.353280 0.200000
3.355262 0.200000
3.357243 0.200000
3.359225 0.200000
3.361206 0.200000
3.363188 0.201667
3.365169 0.201667
3.367151 0.201667
3.369132 0.201667
3.371114 0.201667
3.373095 0.203333
3.375077 0.205000
3.377058 0.205000
3.379039 0.205000
3.381021 0.205000
3.383002 0.205000
3.384984 0.205000
3.386965 0.206667
3.388947 0.206667
3.390928 0.206667
3.392910 0.206667
3.394891 0.206667
3.396873 0.206667
3.398854 0.206667
3.400836 0.208333
3.402817 0.208333
3.404799 0.208333
3.406780 0.208333
3.408762 0.210000
3.410743 0.210000
3.412725 0.210000
3.414706 0.210000
3.416688 0.213333
3.418669 0.213333
3.420651 0.213333
3.422632 0.213333
3.424614 0.215000
3.426595 0.215000
3.428577 0.215000
3.430558 0.215000
3.432540 0.215000
3.434521 0.216667
3.436503 0.216667
3.438484 0.220000
3.440466 0.221667
3.442447 0.221667
3.444429 0.221667
3.446410 0.223333
3.448392 0.228333
3.450373 0.230000
3.452355 0.230000
3.454336 0.230000
3.456318 0.231667
3.458299 0.231667
3.460281 0.233333
3.462262 0.233333
3.464244 0.233333
3.466225 0.233333
3.468207 0.235000
3.470188 0.238333
3.472170 0.238333
3.474151 0.240000
3.476133 0.241667
3.478114 0.241667
3.480096 0.241667
3.482077 0.241667
3.484059 0.241667
3.486040 0.243333
3.488022 0.243333
3.490003 0.245000
3.491985 0.245000
3.493966 0.245000
3.495948 0.245000
3.497929 0.246667
3.499911 0.246667
3.501892 0.246667
3.503874 0.246667
3.505855 0.246667
3.507837 0.250000
3.509818 0.250000
3.511800 0.250000
3.513781 0.250000
3.515763 0.250000
3.517744 0.251667
3.519726 0.253333
3.521707 0.253333
3.523689 0.253333
3.525670 0.256667
3.527652 0.258333
3.529633 0.258333
3.531615 0.260000
3.533596 0.260000
3.535578 0.260000
3.537559 0.260000
3.539541 0.261667
3.541522 0.261667
3.543504 0.261667
3.545485 0.261667
3.547467 0.261667
3.549448 0.261667
3.551430 0.261667
3.553411 0.263333
3.555393 0.265000
3.557374 0.268333
3.559356 0.270000
3.561337 0.270000
3.563319 0.271667
3.565300 0.273333
3.567282 0.273333
3.569263 0.273333
3.571245 0.273333
3.573226 0.276667
3.575208 0.280000
3.577189 0.280000
3.579171 0.280000
3.581152 0.280000
3.583134 0.280000
3.585115 0.280000
3.587097 0.280000
3.589078 0.281667
3.591060 0.283333
3.593041 0.285000
3.595023 0.286667
3.597004 0.288333
3.598986 0.288333
3.600967 0.288333
3.602949 0.288333
3.604930 0.290000
3.606912 0.290000
3.608893 0.290000
3.610875 0.290000
3.612856 0.291667
3.614838 0.293333
3.616819 0.293333
3.618801 0.293333
3.620782 0.293333
3.622764 0.293333
3.624745 0.295000
3.626727 0.295000
3.628708 0.296667
3.630690 0.298333
3.632671 0.298333
3.634653 0.301667
3.636634 0.301667
3.638616 0.301667
3.640597 0.305000
3.642579 0.306667
3.644560 0.310000
3.646542 0.310000
3.648523 0.310000
3.650505 0.310000
3.652486 0.310000
3.654468 0.310000
3.656449 0.310000
3.658431 0.310000
3.660412 0.311667
3.662394 0.313333
3.664375 0.315000
3.666357 0.316667
3.668338 0.320000
3.670320 0.323333
3.672301 0.323333
3.674283 0.325000
3.676264 0.325000
3.678246 0.325000
3.680227 0.325000
3.682209 0.325000
3.684190 0.325000
3.686172 0.330000
3.688153 0.330000
3.690135 0.331667
3.692116 0.331667
3.694098 0.333333
3.696079 0.333333
3.698061 0.333333
3.700042 0.333333
3.702024 0.336667
3.704005 0.336667
3.705987 0.336667
3.707968 0.336667
3.709950 0.336667
3.711931 0.336667
3.713913 0.336667
3.715894 0.338333
3.717876 0.338333
3.719857 0.338333
3.721839 0.340000
3.723820 0.340000
3.725802 0.340000
3.727783 0.340000
3.729765 0.341667
3.731746 0.341667
3.733728 0.341667
3.735709 0.341667
3.737691 0.341667
3.739672 0.341667
3.741654 0.343333
3.743635 0.343333
3.745617 0.343333
3.747598 0.345000
3.749580 0.346667
3.751561 0.346667
3.753543 0.350000
3.755524 0.350000
3.757506 0.351667
3.759487 0.351667
3.761469 0.351667
3.763450 0.351667
3.765432 0.351667
3.767413 0.353333
3.769395 0.353333
3.771376 0.353333
3.773358 0.353333
3.775339 0.353333
3.777321 0.356667
3.779302 0.356667
3.781284 0.356667
3.783265 0.356667
3.785247 0.356667
3.787228 0.356667
3.789210 0.358333
3.791191 0.358333
3.793173 0.358333
3.795154 0.358333
3.797136 0.358333
3.799117 0.358333
3.801099 0.358333
3.803080 0.358333
3.805062 0.358333
3.807043 0.358333
3.809025 0.358333
3.811006 0.358333
3.812988 0.358333
3.814969 0.360000
3.816951 0.361667
3.818932 0.363333
3.820914 0.363333
3.822895 0.363333
3.824877 0.363333
3.826858 0.365000
3.828840 0.366667
3.830821 0.368333
3.832803 0.368333
3.834784 0.370000
3.836766 0.370000
3.838747 0.370000
3.840729 0.370000
3.842710 0.371667
3.844692 0.373333
3.846673 0.373333
3.848655 0.375000
3.850636 0.375000
3.852618 0.375000
3.854599 0.375000
3.856581 0.375000
3.858562 0.375000
3.860544 0.378333
3.862525 0.378333
3.864507 0.378333
3.866488 0.381667
3.868470 0.381667
3.870451 0.381667
3.872433 0.381667
3.874414 0.383333
3.876396 0.385000
3.878377 0.385000
3.880359 0.385000
3.882340 0.385000
3.884322 0.385000
3.886303 0.385000
3.888285 0.388333
3.890266 0.388333
3.892248 0.390000
3.894229 0.390000
3.896211 0.390000
3.898192 0.390000
3.900174 0.390000
3.902155 0.390000
3.904137 0.390000
3.906118 0.390000
3.908100 0.391667
3.910081 0.391667
3.912063 0.391667
3.914044 0.391667
3.916026 0.393333
3.918007 0.393333
3.919989 0.393333
3.921970 0.393333
3.923952 0.395000
3.925933 0.396667
3.927915 0.396667
3.929896 0.396667
3.931878 0.398333
3.933859 0.398333
3.935841 0.398333
3.937822 0.400000
3.939804 0.401667
3.941785 0.401667
3.943767 0.401667
3.945748 0.401667
3.947730 0.403333
3.949711 0.403333
3.951693 0.403333
3.953674 0.403333
3.955656 0.405000
3.957637 0.405000
3.959619 0.405000
3.961600 0.406667
3.963582 0.408333
3.965563 0.408333
3.967545 0.408333
3.969526 0.408333
3.971508 0.408333
3.973489 0.410000
3.975471 0.410000
3.977452 0.410000
3.979434 0.410000
3.981415 0.410000
3.983397 0.411667
3.985378 0.413333
3.987360 0.413333
3.989341 0.415000
3.991323 0.416667
3.993304 0.416667
3.995286 0.416667
3.997267 0.416667
3.999249 0.418333
4.001230 0.418333
4.003212 0.418333
4.005193 0.418333
4.007175 0.418333
4.009156 0.418333
4.011138 0.418333
4.013119 0.418333
4.015101 0.418333
4.017082 0.418333
4.019064 0.420000
4.021045 0.420000
4.023027 0.421667
4.025008 0.423333
4.026990 0.423333
4.028971 0.423333
4.030953 0.423333
4.032934 0.423333
4.034916 0.426667
4.036897 0.428333
4.038879 0.428333
4.040860 0.428333
4.042842 0.431667
4.044823 0.433333
4.046805 0.438333
4.048786 0.438333
4.050768 0.440000
4.052749 0.440000
4.054731 0.440000
4.056712 0.440000
4.058694 0.440000
4.060675 0.440000
4.062657 0.440000
4.064638 0.440000
4.066620 0.440000
4.068601 0.440000
4.070583 0.440000
4.072564 0.440000
4.074546 0.440000
4.076527 0.440000
4.078509 0.441667
4.080490 0.441667
4.082472 0.441667
4.084453 0.441667
4.086435 0.441667
4.088416 0.443333
4.090398 0.445000
4.092379 0.445000
4.094361 0.445000
4.096342 0.446667
4.098324 0.450000
4.100305 0.455000
4.102287 0.455000
4.104268 0.455000
4.106250 0.455000
4.108231 0.455000
4.110213 0.455000
4.112194 0.455000
4.114176 0.455000
4.116157 0.455000
4.118139 0.456667
4.120120 0.458333
4.122102 0.458333
4.124083 0.458333
4.126065 0.458333
4.128046 0.458333
4.130028 0.458333
4.132009 0.458333
4.133991 0.458333
4.135972 0.458333
4.137954 0.458333
4.139935 0.458333
4.141917 0.458333
4.143898 0.460000
4.145880 0.460000
4.147861 0.460000
4.149843 0.460000
4.151824 0.461667
4.153806 0.465000
4.155787 0.465000
4.157769 0.468333
4.159750 0.468333
4.161732 0.468333
4.163713 0.468333
4.165695 0.470000
4.167676 0.470000
4.169658 0.471667
4.171639 0.471667
4.173621 0.471667
4.175602 0.473333
4.177584 0.476667
4.179565 0.476667
4.181547 0.476667
4.183528 0.476667
4.185510 0.478333
4.187491 0.478333
4.189473 0.478333
4.191454 0.480000
4.193436 0.480000
4.195417 0.481667
4.197399 0.481667
4.199380 0.483333
4.201362 0.483333
4.203343 0.483333
4.205325 0.486667
4.207306 0.488333
4.209288 0.490000
4.211269 0.491667
4.213251 0.493333
4.215232 0.495000
4.217214 0.495000
4.219195 0.496667
4.221177 0.498333
4.223158 0.500000
4.225140 0.501667
4.227121 0.503333
4.229103 0.503333
4.231084 0.503333
4.233066 0.503333
4.235047 0.503333
4.237029 0.503333
4.239010 0.505000
4.240992 0.505000
4.242973 0.505000
4.244955 0.505000
4.246936 0.505000
4.248918 0.508333
4.250899 0.508333
4.252881 0.508333
4.254862 0.510000
4.256844 0.511667
4.258825 0.511667
4.260807 0.511667
4.262788 0.511667
4.264770 0.511667
4.266751 0.511667
4.268733 0.511667
4.270714 0.513333
4.272696 0.513333
4.274677 0.513333
4.276659 0.513333
4.278640 0.513333
4.280622 0.513333
4.282603 0.513333
4.284585 0.515000
4.286566 0.515000
4.288548 0.516667
4.290529 0.516667
4.292511 0.516667
4.294492 0.518333
4.296474 0.520000
4.298455 0.520000
4.300437 0.521667
4.302418 0.523333
4.304400 0.523333
4.306381 0.526667
4.308363 0.526667
4.310344 0.528333
4.312326 0.528333
4.314307 0.530000
4.316289 0.530000
4.318270 0.530000
4.320252 0.530000
4.322233 0.531667
4.324215 0.533333
4.326196 0.533333
4.328178 0.533333
4.330159 0.533333
4.332141 0.535000
4.334122 0.535000
4.336104 0.535000
4.338085 0.535000
4.340067 0.540000
4.342048 0.541667
4.344030 0.541667
4.346011 0.541667
4.347993 0.541667
4.349974 0.541667
4.351956 0.545000
4.353937 0.545000
4.355919 0.545000
4.357900 0.548333
4.359882 0.553333
4.361863 0.555000
4.363845 0.555000
4.365826 0.556667
4.367808 0.556667
4.369789 0.556667
4.371771 0.556667
4.373752 0.558333
4.375734 0.558333
4.377715 0.558333
4.379697 0.558333
4.381678 0.558333
4.383660 0.560000
4.385641 0.561667
4.387623 0.563333
4.389604 0.563333
4.391586 0.565000
4.393567 0.565000
4.395549 0.565000
4.397530 0.565000
4.399512 0.568333
4.401493 0.568333
4.403475 0.568333
4.405456 0.568333
4.407438 0.568333
4.409419 0.570000
4.411401 0.571667
4.413382 0.571667
4.415364 0.571667
4.417345 0.571667
4.419327 0.573333
4.421308 0.573333
4.423290 0.573333
4.425271 0.573333
4.427253 0.573333
4.429234 0.573333
4.431216 0.573333
4.433197 0.576667
4.435179 0.576667
4.437160 0.576667
4.439142 0.576667
4.441123 0.578333
4.443105 0.578333
4.445086 0.578333
4.447068 0.580000
4.449049 0.581667
4.451031 0.581667
4.453012 0.581667
4.454994 0.581667
4.456975 0.581667
4.458957 0.581667
4.460938 0.581667
4.462920 0.583333
4.464901 0.583333
4.466883 0.583333
4.468864 0.583333
4.470846 0.583333
4.472827 0.583333
4.474809 0.583333
4.476790 0.583333
4.478772 0.585000
4.480753 0.585000
4.482735 0.585000
4.484716 0.585000
4.486698 0.585000
4.488679 0.585000
4.490661 0.586667
4.492642 0.588333
4.494624 0.588333
4.496605 0.588333
4.498586 0.590000
4.500568 0.593333
4.502549 0.596667
4.504531 0.596667
4.506512 0.596667
4.508494 0.598333
4.510475 0.598333
4.512457 0.598333
4.514438 0.598333
4.516420 0.601667
4.518401 0.601667
4.520383 0.605000
4.522364 0.605000
4.524346 0.605000
4.526327 0.606667
4.528309 0.608333
4.530290 0.608333
4.532272 0.608333
4.534253 0.608333
4.536235 0.608333
4.538216 0.608333
4.540198 0.608333
4.542179 0.610000
4.544161 0.610000
4.546142 0.610000
4.548124 0.610000
4.550105 0.610000
4.552087 0.610000
4.554068 0.610000
4.556050 0.610000
4.558031 0.610000
4.560013 0.610000
4.561994 0.610000
4.563976 0.610000
4.565957 0.611667
4.567939 0.611667
4.569920 0.613333
4.571902 0.613333
4.573883 0.613333
4.575865 0.613333
4.577846 0.613333
4.579828 0.613333
4.581809 0.613333
4.583791 0.613333
4.585772 0.613333
4.587754 0.615000
4.589735 0.615000
4.591717 0.615000
4.593698 0.615000
4.595680 0.615000
4.597661 0.615000
4.599643 0.615000
4.601624 0.615000
4.603606 0.615000
4.605587 0.618333
4.607569 0.618333
4.609550 0.618333
4.611532 0.618333
4.613513 0.618333
4.615495 0.620000
4.617476 0.623333
4.619458 0.625000
4.621439 0.625000
4.623421 0.625000
4.625402 0.625000
4.627384 0.625000
4.629365 0.625000
4.631347 0.625000
4.633328 0.626667
4.635310 0.626667
4.637291 0.626667
4.639273 0.626667
4.641254 0.630000
4.643236 0.630000
4.645217 0.631667
4.647199 0.633333
4.649180 0.633333
4.651162 0.633333
4.653143 0.635000
4.655125 0.635000
4.657106 0.635000
4.659088 0.635000
4.661069 0.635000
4.663051 0.635000
4.665032 0.635000
4.667014 0.635000
4.668995 0.635000
4.670977 0.635000
4.672958 0.635000
4.674940 0.635000
4.676921 0.635000
4.678903 0.635000
4.680884 0.636667
4.682866 0.638333
4.684847 0.638333
4.686829 0.638333
4.688810 0.638333
4.690792 0.638333
4.692773 0.638333
4.694755 0.638333
4.696736 0.638333
4.698718 0.638333
4.700699 0.640000
4.702681 0.640000
4.704662 0.640000
4.706644 0.640000
4.708625 0.641667
4.710607 0.641667
4.712588 0.645000
4.714570 0.645000
4.716551 0.645000
4.718533 0.646667
4.720514 0.646667
4.722496 0.646667
4.724477 0.646667
4.726459 0.648333
4.728440 0.650000
4.730422 0.651667
4.732403 0.651667
4.734385 0.651667
4.736366 0.651667
4.738348 0.653333
4.740329 0.653333
4.742311 0.653333
4.744292 0.653333
4.746274 0.653333
4.748255 0.653333
4.750237 0.653333
4.752218 0.653333
4.754200 0.655000
4.756181 0.656667
4.758163 0.656667
4.760144 0.658333
4.762126 0.658333
4.764107 0.658333
4.766089 0.661667
4.768070 0.661667
4.770052 0.663333
4.772033 0.665000
4.774015 0.665000
4.775996 0.665000
4.777978 0.665000
4.779959 0.665000
4.781941 0.666667
4.783922 0.668333
4.785904 0.670000
4.787885 0.670000
4.789867 0.670000
4.791848 0.670000
4.793830 0.670000
4.795811 0.670000
4.797793 0.670000
4.799774 0.670000
4.801756 0.670000
4.803737 0.670000
4.805719 0.671667
4.807700 0.671667
4.809682 0.673333
4.811663 0.673333
4.813645 0.673333
4.815626 0.673333
4.817608 0.673333
4.819589 0.673333
4.821571 0.673333
4.823552 0.673333
4.825534 0.673333
4.827515 0.673333
4.829497 0.673333
4.831478 0.673333
4.833460 0.673333
4.835441 0.673333
4.837423 0.675000
4.839404 0.675000
4.841386 0.676667
4.843367 0.676667
4.845349 0.676667
4.847330 0.680000
4.849312 0.681667
4.851293 0.683333
4.853275 0.683333
4.855256 0.683333
4.857238 0.683333
4.859219 0.683333
4.861201 0.685000
4.863182 0.685000
4.865164 0.686667
4.867145 0.686667
4.869127 0.686667
4.871108 0.686667
4.873090 0.686667
4.875071 0.686667
4.877053 0.686667
4.879034 0.686667
4.881016 0.686667
4.882997 0.686667
4.884979 0.686667
4.886960 0.686667
4.888942 0.686667
4.890923 0.688333
4.892905 0.688333
4.894886 0.688333
4.896868 0.688333
4.898849 0.688333
4.900831 0.688333
4.902812 0.690000
4.904794 0.690000
4.906775 0.690000
4.908757 0.690000
4.910738 0.690000
4.912720 0.690000
4.914701 0.690000
4.916683 0.690000
4.918664 0.690000
4.920646 0.690000
4.922627 0.690000
4.924609 0.690000
4.926590 0.690000
4.928572 0.690000
4.930553 0.691667
4.932535 0.691667
4.934516 0.693333
4.936498 0.693333
4.938479 0.693333
4.940461 0.695000
4.942442 0.695000
4.944424 0.695000
4.946405 0.696667
4.948387 0.696667
4.950368 0.696667
4.952350 0.696667
4.954331 0.698333
4.956313 0.698333
4.958294 0.698333
4.960276 0.700000
4.962257 0.700000
4.964239 0.701667
4.966220 0.701667
4.968202 0.703333
4.970183 0.703333
4.972165 0.703333
4.974146 0.705000
4.976128 0.705000
4.978109 0.705000
4.980091 0.706667
4.982072 0.706667
4.984054 0.706667
4.986035 0.708333
4.988017 0.708333
4.989998 0.708333
4.991980 0.708333
4.993961 0.708333
4.995943 0.708333
4.997924 0.708333
4.999906 0.708333
5.001887 0.710000
5.003869 0.710000
5.005850 0.710000
5.007832 0.710000
5.009813 0.710000
5.011795 0.710000
5.013776 0.711667
5.015758 0.711667
5.017739 0.711667
5.019721 0.711667
5.021702 0.711667
5.023684 0.711667
5.025665 0.711667
5.027647 0.711667
5.029628 0.711667
5.031610 0.711667
5.033591 0.711667
5.035573 0.711667
5.037554 0.711667
5.039536 0.711667
5.041517 0.711667
5.043499 0.713333
5.045480 0.713333
5.047462 0.715000
5.049443 0.715000
5.051425 0.716667
5.053406 0.716667
5.055388 0.716667
5.057369 0.716667
5.059351 0.716667
5.061332 0.716667
5.063314 0.716667
5.065295 0.716667
5.067277 0.716667
5.069258 0.716667
5.071240 0.716667
5.073221 0.716667
5.075203 0.718333
5.077184 0.720000
5.079166 0.720000
5.081147 0.721667
5.083129 0.721667
5.085110 0.723333
5.087092 0.725000
5.089073 0.725000
5.091055 0.725000
5.093036 0.725000
5.095018 0.726667
5.096999 0.726667
5.098981 0.726667
5.100962 0.726667
5.102944 0.728333
5.104925 0.728333
5.106907 0.728333
5.108888 0.728333
5.110870 0.730000
5.112851 0.730000
5.114833 0.730000
5.116814 0.730000
5.118796 0.731667
5.120777 0.731667
5.122759 0.731667
5.124740 0.731667
5.126722 0.731667
5.128703 0.733333
5.130685 0.733333
5.132666 0.736667
5.134648 0.738333
5.136629 0.738333
5.138611 0.738333
5.140592 0.740000
5.142574 0.740000
5.144555 0.740000
5.146537 0.740000
5.148518 0.741667
5.150500 0.741667
5.152481 0.743333
5.154463 0.743333
5.156444 0.743333
5.158426 0.743333
5.160407 0.745000
5.162389 0.745000
5.164370 0.746667
5.166352 0.746667
5.168333 0.746667
5.170315 0.750000
5.172296 0.751667
5.174278 0.751667
5.176259 0.751667
5.178241 0.751667
5.180222 0.753333
5.182204 0.753333
5.184185 0.755000
5.186167 0.755000
5.188148 0.758333
5.190130 0.758333
5.192111 0.758333
5.194093 0.758333
5.196074 0.758333
5.198056 0.758333
5.200037 0.758333
5.202019 0.758333
5.204000 0.758333
5.205982 0.758333
5.207963 0.758333
5.209945 0.758333
5.211926 0.758333
5.213908 0.758333
5.215889 0.758333
5.217871 0.758333
5.219852 0.758333
5.221834 0.758333
5.223815 0.758333
5.225797 0.758333
5.227778 0.758333
5.229760 0.760000
5.231741 0.760000
5.233723 0.760000
5.235704 0.760000
5.237686 0.760000
5.239667 0.760000
5.241649 0.760000
5.243630 0.760000
5.245612 0.763333
5.247593 0.763333
5.249575 0.763333
5.251556 0.763333
5.253538 0.763333
5.255519 0.763333
5.257501 0.763333
5.259482 0.763333
5.261464 0.763333
5.263445 0.763333
5.265427 0.765000
5.267408 0.765000
5.269390 0.765000
5.271371 0.765000
5.273353 0.765000
5.275334 0.765000
5.277316 0.765000
5.279297 0.765000
5.281279 0.765000
5.283260 0.766667
5.285242 0.766667
5.287223 0.768333
5.289205 0.770000
5.291186 0.770000
5.293168 0.770000
5.295149 0.770000
5.297131 0.770000
5.299112 0.770000
5.301094 0.771667
5.303075 0.773333
5.305057 0.775000
5.307038 0.776667
5.309020 0.776667
5.311001 0.776667
5.312983 0.776667
5.314964 0.776667
5.316946 0.776667
5.318927 0.776667
5.320909 0.776667
5.322890 0.776667
5.324872 0.776667
5.326853 0.776667
5.328835 0.776667
5.330816 0.776667
5.332798 0.778333
5.334779 0.778333
5.336761 0.778333
5.338742 0.780000
5.340724 0.780000
5.342705 0.780000
5.344687 0.781667
5.346668 0.781667
5.348650 0.783333
5.350631 0.783333
5.352613 0.785000
5.354594 0.785000
5.356576 0.785000
5.358557 0.785000
5.360539 0.785000
5.362520 0.785000
5.364502 0.785000
5.366483 0.785000
5.368465 0.785000
5.370446 0.785000
5.372428 0.785000
5.374409 0.785000
5.376391 0.785000
5.378372 0.785000
5.380354 0.785000
5.382335 0.785000
5.384317 0.785000
5.386298 0.786667
5.388280 0.786667
5.390261 0.786667
5.392243 0.786667
5.394224 0.786667
5.396206 0.786667
5.398187 0.786667
5.400169 0.786667
5.402150 0.786667
5.404132 0.786667
5.406113 0.786667
5.408095 0.786667
5.410076 0.786667
5.412058 0.786667
5.414039 0.786667
5.416021 0.786667
5.418002 0.786667
5.419984 0.786667
5.421965 0.786667
5.423947 0.786667
5.425928 0.786667
5.427910 0.786667
5.429891 0.786667
5.431873 0.786667
5.433854 0.786667
5.435836 0.786667
5.437817 0.786667
5.439799 0.786667
5.441780 0.786667
5.443762 0.786667
5.445743 0.786667
5.447725 0.786667
5.449706 0.786667
5.451688 0.786667
5.453669 0.786667
5.455651 0.786667
5.457632 0.786667
5.459614 0.786667
5.461595 0.786667
5.463577 0.786667
5.465558 0.788333
5.467540 0.788333
5.469521 0.788333
5.471503 0.788333
5.473484 0.788333
5.475466 0.788333
5.477447 0.788333
5.479429 0.788333
5.481410 0.788333
5.483392 0.790000
5.485373 0.790000
5.487355 0.790000
5.489336 0.790000
5.491318 0.790000
5.493299 0.790000
5.495281 0.790000
5.497262 0.790000
5.499244 0.791667
5.501225 0.791667
5.503207 0.791667
5.505188 0.791667
5.507170 0.791667
5.509151 0.791667
5.511133 0.793333
5.513114 0.793333
5.515096 0.793333
5.517077 0.793333
5.519059 0.793333
5.521040 0.793333
5.523022 0.793333
5.525003 0.793333
5.526985 0.793333
5.528966 0.795000
5.530948 0.795000
5.532929 0.796667
5.534911 0.796667
5.536892 0.796667
5.538874 0.798333
5.540855 0.800000
5.542837 0.800000
5.544818 0.800000
5.546800 0.800000
5.548781 0.800000
5.550763 0.800000
5.552744 0.801667
5.554726 0.801667
5.556707 0.801667
5.558689 0.801667
5.560670 0.801667
5.562652 0.801667
5.564633 0.801667
5.566615 0.801667
5.568596 0.803333
5.570578 0.803333
5.572559 0.803333
5.574541 0.803333
5.576522 0.803333
5.578504 0.805000
5.580485 0.805000
5.582467 0.805000
5.584448 0.805000
5.586430 0.805000
5.588411 0.805000
5.590393 0.805000
5.592374 0.805000
5.594356 0.805000
5.596337 0.805000
5.598319 0.805000
5.600300 0.805000
5.602282 0.805000
5.604263 0.805000
5.606245 0.805000
5.608226 0.805000
5.610208 0.805000
5.612189 0.805000
5.614171 0.805000
5.616152 0.806667
5.618133 0.806667
5.620115 0.808333
5.622096 0.808333
5.624078 0.808333
5.626059 0.808333
5.628041 0.808333
5.630022 0.808333
5.632004 0.808333
5.633985 0.808333
5.635967 0.808333
5.637948 0.808333
5.639930 0.808333
5.641911 0.808333
5.643893 0.808333
5.645874 0.811667
5.647856 0.811667
5.649837 0.811667
5.651819 0.811667
5.653800 0.811667
5.655782 0.811667
5.657763 0.811667
5.659745 0.811667
5.661726 0.811667
5.663708 0.811667
5.665689 0.811667
5.667671 0.811667
5.669652 0.813333
5.671634 0.813333
5.673615 0.813333
5.675597 0.813333
5.677578 0.813333
5.679560 0.813333
5.681541 0.813333
5.683523 0.816667
5.685504 0.816667
5.687486 0.818333
5.689467 0.818333
5.691449 0.818333
5.693430 0.818333
5.695412 0.818333
5.697393 0.818333
5.699375 0.820000
5.701356 0.820000
5.703338 0.820000
5.705319 0.820000
5.707301 0.820000
5.709282 0.820000
5.711264 0.820000
5.713245 0.820000
5.715227 0.820000
5.717208 0.820000
5.719190 0.820000
5.721171 0.820000
5.723153 0.820000
5.725134 0.820000
5.727116 0.821667
5.729097 0.821667
5.731079 0.821667
5.733060 0.823333
5.735042 0.823333
5.737023 0.823333
5.739005 0.823333
5.740986 0.823333
5.742968 0.823333
5.744949 0.823333
5.746931 0.823333
5.748912 0.823333
5.750894 0.825000
5.752875 0.825000
5.754857 0.825000
5.756838 0.825000
5.758820 0.825000
5.760801 0.825000
5.762783 0.825000
5.764764 0.825000
5.766746 0.826667
5.768727 0.826667
5.770709 0.826667
5.772690 0.826667
5.774672 0.826667
5.776653 0.826667
5.778635 0.826667
5.780616 0.826667
5.782598 0.826667
5.784579 0.826667
5.786561 0.826667
5.788542 0.826667
5.790524 0.826667
5.792505 0.826667
5.794487 0.826667
5.796468 0.826667
5.798450 0.826667
5.800431 0.826667
5.802413 0.826667
5.804394 0.826667
5.806376 0.826667
5.808357 0.826667
5.810339 0.826667
5.812320 0.828333
5.814302 0.828333
5.816283 0.828333
5.818265 0.830000
5.820246 0.830000
5.822228 0.830000
5.824209 0.830000
5.826191 0.830000
5.828172 0.830000
5.830154 0.830000
5.832135 0.830000
5.834117 0.830000
5.836098 0.830000
5.838080 0.830000
5.840061 0.830000
5.842043 0.830000
5.844024 0.831667
5.846006 0.831667
5.847987 0.831667
5.849969 0.833333
5.851950 0.833333
5.853932 0.833333
5.855913 0.833333
5.857895 0.833333
5.859876 0.833333
5.861858 0.833333
5.863839 0.833333
5.865821 0.835000
5.867802 0.835000
5.869784 0.835000
5.871765 0.835000
5.873747 0.835000
5.875728 0.835000
5.877710 0.835000
5.879691 0.835000
5.881673 0.835000
5.883654 0.835000
5.885636 0.835000
5.887617 0.835000
5.889599 0.835000
5.891580 0.835000
5.893562 0.835000
5.895543 0.835000
5.897525 0.835000
5.899506 0.835000
5.901488 0.835000
5.903469 0.835000
5.905451 0.835000
5.907432 0.835000
5.909414 0.835000
5.911395 0.835000
5.913377 0.835000
5.915358 0.836667
5.917340 0.836667
5.919321 0.836667
5.921303 0.836667
5.923284 0.836667
5.925266 0.838333
5.927247 0.838333
5.929229 0.838333
5.931210 0.838333
5.933192 0.838333
5.935173 0.840000
5.937155 0.840000
5.939136 0.840000
5.941118 0.840000
5.943099 0.840000
5.945081 0.840000
5.947062 0.840000
5.949044 0.840000
5.951025 0.840000
5.953007 0.841667
5.954988 0.841667
5.956970 0.841667
5.958951 0.841667
5.960933 0.841667
5.962914 0.841667
5.964896 0.843333
5.966877 0.843333
5.968859 0.843333
5.970840 0.843333
5.972822 0.843333
5.974803 0.843333
5.976785 0.843333
5.978766 0.843333
5.980748 0.843333
5.982729 0.843333
5.984711 0.845000
5.986692 0.845000
5.988674 0.845000
5.990655 0.845000
5.992637 0.845000
5.994618 0.845000
5.996600 0.845000
5.998581 0.846667
6.000563 0.846667
6.002544 0.846667
6.004526 0.846667
6.006507 0.846667
6.008489 0.848333
6.010470 0.848333
6.012452 0.848333
6.014433 0.848333
6.016415 0.848333
6.018396 0.848333
6.020378 0.848333
6.022359 0.848333
6.024341 0.848333
6.026322 0.848333
6.028304 0.848333
6.030285 0.848333
6.032267 0.848333
6.034248 0.850000
6.036230 0.851667
6.038211 0.851667
6.040193 0.851667
6.042174 0.851667
6.044156 0.851667
6.046137 0.851667
6.048119 0.851667
6.050100 0.851667
6.052082 0.851667
6.054063 0.851667
6.056045 0.851667
6.058026 0.851667
6.060008 0.851667
6.061989 0.851667
6.063971 0.853333
6.065952 0.853333
6.067934 0.853333
6.069915 0.853333
6.071897 0.853333
6.073878 0.853333
6.075860 0.853333
6.077841 0.853333
6.079823 0.853333
6.081804 0.855000
6.083786 0.855000
6.085767 0.855000
6.087749 0.856667
6.089730 0.856667
6.091712 0.856667
6.093693 0.856667
6.095675 0.856667
6.097656 0.856667
6.099638 0.856667
6.101619 0.856667
6.103601 0.858333
6.105582 0.860000
6.107564 0.860000
6.109545 0.860000
6.111527 0.860000
6.113508 0.860000
6.115490 0.860000
6.117471 0.860000
6.119453 0.860000
6.121434 0.860000
6.123416 0.860000
6.125397 0.860000
6.127379 0.860000
6.129360 0.861667
6.131342 0.863333
6.133323 0.863333
6.135305 0.863333
6.137286 0.863333
6.139268 0.863333
6.141249 0.863333
6.143231 0.863333
6.145212 0.863333
6.147194 0.863333
6.149175 0.863333
6.151157 0.863333
6.153138 0.863333
6.155120 0.863333
6.157101 0.863333
6.159083 0.865000
6.161064 0.865000
6.163046 0.865000
6.165027 0.865000
6.167009 0.865000
6.168990 0.865000
6.170972 0.865000
6.172953 0.866667
6.174935 0.866667
6.176916 0.866667
6.178898 0.866667
6.180879 0.866667
6.182861 0.866667
6.184842 0.866667
6.186824 0.866667
6.188805 0.866667
6.190787 0.866667
6.192768 0.866667
6.194750 0.866667
6.196731 0.866667
6.198713 0.866667
6.200694 0.866667
6.202676 0.866667
6.204657 0.866667
6.206639 0.866667
6.208620 0.866667
6.210602 0.866667
6.212583 0.868333
6.214565 0.868333
6.216546 0.868333
6.218528 0.868333
6.220509 0.868333
6.222491 0.868333
6.224472 0.868333
6.226454 0.868333
6.228435 0.870000
6.230417 0.870000
6.232398 0.870000
6.234380 0.870000
6.236361 0.870000
6.238343 0.870000
6.240324 0.870000
6.242306 0.870000
6.244287 0.870000
6.246269 0.870000
6.248250 0.870000
6.250232 0.870000
6.252213 0.870000
6.254195 0.870000
6.256176 0.870000
6.258158 0.871667
6.260139 0.871667
6.262121 0.873333
6.264102 0.873333
6.266084 0.873333
6.268065 0.873333
6.270047 0.873333
6.272028 0.873333
6.274010 0.873333
6.275991 0.875000
6.277973 0.875000
6.279954 0.875000
6.281936 0.875000
6.283917 0.876667
6.285899 0.876667
6.287880 0.876667
6.289862 0.878333
6.291843 0.880000
6.293825 0.881667
6.295806 0.881667
6.297788 0.881667
6.299769 0.881667
6.301751 0.881667
6.303732 0.881667
6.305714 0.881667
6.307695 0.881667
6.309677 0.881667
6.311658 0.881667
6.313640 0.883333
6.315621 0.883333
6.317603 0.883333
6.319584 0.883333
6.321566 0.883333
6.323547 0.883333
6.325529 0.883333
6.327510 0.883333
6.329492 0.883333
6.331473 0.883333
6.333455 0.883333
6.335436 0.883333
6.337418 0.883333
6.339399 0.883333
6.341381 0.883333
6.343362 0.885000
6.345344 0.885000
6.347325 0.885000
6.349307 0.885000
6.351288 0.885000
6.353270 0.886667
6.355251 0.888333
6.357233 0.888333
6.359214 0.888333
6.361196 0.888333
6.363177 0.888333
6.365159 0.888333
6.367140 0.888333
6.369122 0.888333
6.371103 0.888333
6.373085 0.888333
6.375066 0.888333
6.377048 0.888333
6.379029 0.888333
6.381011 0.888333
6.382992 0.888333
6.384974 0.888333
6.386955 0.890000
6.388937 0.890000
6.390918 0.890000
6.392900 0.890000
6.394881 0.890000
6.396863 0.890000
6.398844 0.890000
6.400826 0.890000
6.402807 0.890000
6.404789 0.890000
6.406770 0.890000
6.408752 0.891667
6.410733 0.891667
6.412715 0.891667
6.414696 0.891667
6.416678 0.891667
6.418659 0.891667
6.420641 0.891667
6.422622 0.891667
6.424604 0.891667
6.426585 0.891667
6.428567 0.891667
6.430548 0.893333
6.432530 0.893333
6.434511 0.893333
6.436493 0.893333
6.438474 0.893333
6.440456 0.893333
6.442437 0.893333
6.444419 0.893333
6.446400 0.893333
6.448382 0.893333
6.450363 0.893333
6.452345 0.893333
6.454326 0.893333
6.456308 0.893333
6.458289 0.893333
6.460271 0.895000
6.462252 0.895000
6.464234 0.895000
6.466215 0.895000
6.468197 0.895000
6.470178 0.895000
6.472160 0.895000
6.474141 0.895000
6.476123 0.895000
6.478104 0.895000
6.480086 0.895000
6.482067 0.895000
6.484049 0.895000
6.486030 0.895000
6.488012 0.895000
6.489993 0.895000
6.491975 0.895000
6.493956 0.896667
6.495938 0.896667
6.497919 0.896667
6.499901 0.896667
6.501882 0.898333
6.503864 0.898333
6.505845 0.898333
6.507827 0.898333
6.509808 0.898333
6.511790 0.898333
6.513771 0.898333
6.515753 0.898333
6.517734 0.900000
6.519716 0.900000
6.521697 0.900000
6.523679 0.900000
6.525660 0.900000
6.527642 0.900000
6.529623 0.900000
6.531605 0.900000
6.533586 0.900000
6.535568 0.900000
6.537549 0.900000
6.539531 0.900000
6.541512 0.901667
6.543494 0.901667
6.545475 0.901667
6.547457 0.901667
6.549438 0.901667
6.551420 0.901667
6.553401 0.901667
6.555383 0.901667
6.557364 0.901667
6.559346 0.901667
6.561327 0.901667
6.563309 0.901667
6.565290 0.903333
6.567272 0.903333
6.569253 0.903333
6.571235 0.903333
6.573216 0.903333
6.575198 0.903333
6.577179 0.903333
6.579161 0.903333
6.581142 0.903333
6.583124 0.903333
6.585105 0.903333
6.587087 0.903333
6.589068 0.903333
6.591050 0.903333
6.593031 0.903333
6.595013 0.903333
6.596994 0.903333
6.598976 0.903333
6.600957 0.903333
6.602939 0.903333
6.604920 0.903333
6.606902 0.903333
6.608883 0.903333
6.610865 0.905000
6.612846 0.905000
6.614828 0.908333
6.616809 0.908333
6.618791 0.908333
6.620772 0.908333
6.622754 0.908333
6.624735 0.908333
6.626717 0.908333
6.628698 0.908333
6.630680 0.908333
6.632661 0.908333
6.634643 0.908333
6.636624 0.908333
6.638606 0.908333
6.640587 0.908333
6.642569 0.910000
6.644550 0.910000
6.646532 0.910000
6.648513 0.910000
6.650495 0.911667
6.652476 0.911667
6.654458 0.911667
6.656439 0.911667
6.658421 0.911667
6.660402 0.911667
6.662384 0.911667
6.664365 0.911667
6.666347 0.911667
6.668328 0.911667
6.670310 0.911667
6.672291 0.911667
6.674273 0.911667
6.676254 0.911667
6.678236 0.911667
6.680217 0.911667
6.682199 0.911667
6.684180 0.913333
6.686162 0.913333
6.688143 0.913333
6.690125 0.913333
6.692106 0.913333
6.694088 0.913333
6.696069 0.913333
6.698051 0.913333
6.700032 0.913333
6.702014 0.913333
6.703995 0.913333
6.705977 0.915000
6.707958 0.915000
6.709940 0.916667
6.711921 0.916667
6.713903 0.916667
6.715884 0.916667
6.717866 0.918333
6.719847 0.918333
6.721829 0.918333
6.723810 0.918333
6.725792 0.918333
6.727773 0.918333
6.729755 0.918333
6.731736 0.918333
6.733718 0.918333
6.735699 0.918333
6.737681 0.918333
6.739662 0.918333
6.741643 0.918333
6.743625 0.918333
6.745606 0.918333
6.747588 0.918333
6.749569 0.918333
6.751551 0.918333
6.753532 0.918333
6.755514 0.918333
6.757495 0.918333
6.759477 0.918333
6.761458 0.920000
6.763440 0.920000
6.765421 0.920000
6.767403 0.920000
6.769384 0.920000
6.771366 0.920000
6.773347 0.920000
6.775329 0.920000
6.777310 0.920000
6.779292 0.920000
6.781273 0.920000
6.783255 0.920000
6.785236 0.920000
6.787218 0.920000
6.789199 0.920000
6.791181 0.920000
6.793162 0.920000
6.795144 0.920000
6.797125 0.920000
6.799107 0.920000
6.801088 0.920000
6.803070 0.920000
6.805051 0.920000
6.807033 0.920000
6.809014 0.920000
6.810996 0.920000
6.812977 0.920000
6.814959 0.921667
6.816940 0.921667
6.818922 0.921667
6.820903 0.921667
6.822885 0.923333
6.824866 0.923333
6.826848 0.925000
6.828829 0.925000
6.830811 0.925000
6.832792 0.925000
6.834774 0.925000
6.836755 0.925000
6.838737 0.925000
6.840718 0.925000
6.842700 0.925000
6.844681 0.926667
6.846663 0.926667
6.848644 0.926667
6.850626 0.926667
6.852607 0.926667
6.854589 0.926667
6.856570 0.926667
6.858552 0.928333
6.860533 0.928333
6.862515 0.928333
6.864496 0.928333
6.866478 0.928333
6.868459 0.930000
6.870441 0.930000
6.872422 0.930000
6.874404 0.930000
6.876385 0.930000
6.878367 0.931667
6.880348 0.931667
6.882330 0.931667
6.884311 0.931667
6.886293 0.931667
6.888274 0.933333
6.890256 0.933333
6.892237 0.933333
6.894219 0.933333
6.896200 0.933333
6.898182 0.933333
6.900163 0.935000
6.902145 0.935000
6.904126 0.935000
6.906108 0.936667
6.908089 0.936667
6.910071 0.936667
6.912052 0.936667
6.914034 0.936667
6.916015 0.936667
6.917997 0.936667
6.919978 0.936667
6.921960 0.936667
6.923941 0.936667
6.925923 0.936667
6.927904 0.936667
6.929886 0.936667
6.931867 0.936667
6.933849 0.936667
6.935830 0.936667
6.937812 0.936667
6.939793 0.936667
6.941775 0.936667
6.943756 0.936667
6.945738 0.936667
6.947719 0.936667
6.949701 0.936667
6.951682 0.936667
6.953664 0.936667
6.955645 0.936667
6.957627 0.936667
6.959608 0.936667
6.961590 0.936667
6.963571 0.936667
6.965553 0.936667
6.967534 0.936667
6.969516 0.936667
6.971497 0.936667
6.973479 0.936667
6.975460 0.938333
6.977442 0.938333
6.979423 0.938333
6.981405 0.938333
6.983386 0.938333
6.985368 0.938333
6.987349 0.938333
6.989331 0.938333
6.991312 0.938333
6.993294 0.938333
6.995275 0.938333
6.997257 0.938333
6.999238 0.938333
7.001220 0.938333
7.003201 0.940000
7.005183 0.940000
7.007164 0.940000
7.009146 0.940000
7.011127 0.940000
7.013109 0.940000
7.015090 0.940000
7.017072 0.940000
7.019053 0.940000
7.021035 0.940000
7.023016 0.940000
7.024998 0.940000
7.026979 0.940000
7.028961 0.940000
7.030942 0.940000
7.032924 0.940000
7.034905 0.940000
7.036887 0.940000
7.038868 0.940000
7.040850 0.940000
7.042831 0.940000
7.044813 0.940000
7.046794 0.940000
7.048776 0.940000
7.050757 0.940000
7.052739 0.940000
7.054720 0.940000
7.056702 0.940000
7.058683 0.940000
7.060665 0.940000
7.062646 0.940000
7.064628 0.940000
7.066609 0.940000
7.068591 0.940000
7.070572 0.940000
7.072554 0.940000
7.074535 0.940000
7.076517 0.940000
7.078498 0.940000
7.080480 0.940000
7.082461 0.941667
7.084443 0.941667
7.086424 0.941667
7.088406 0.941667
7.090387 0.943333
7.092369 0.943333
7.094350 0.943333
7.096332 0.943333
7.098313 0.943333
7.100295 0.943333
7.102276 0.943333
7.104258 0.943333
7.106239 0.943333
7.108221 0.943333
7.110202 0.943333
7.112184 0.943333
7.114165 0.943333
7.116147 0.943333
7.118128 0.943333
7.120110 0.943333
7.122091 0.943333
7.124073 0.943333
7.126054 0.943333
7.128036 0.943333
7.130017 0.943333
7.131999 0.943333
7.133980 0.943333
7.135962 0.943333
7.137943 0.943333
7.139925 0.943333
7.141906 0.943333
7.143888 0.943333
7.145869 0.943333
7.147851 0.943333
7.149832 0.943333
7.151814 0.943333
7.153795 0.943333
7.155777 0.943333
7.157758 0.943333
7.159740 0.943333
7.161721 0.943333
7.163703 0.943333
7.165684 0.943333
7.167666 0.943333
7.169647 0.943333
7.171629 0.943333
7.173610 0.943333
7.175592 0.943333
7.177573 0.943333
7.179555 0.943333
7.181536 0.943333
7.183518 0.943333
7.185499 0.943333
7.187481 0.943333
7.189462 0.943333
7.191444 0.943333
7.193425 0.943333
7.195407 0.943333
7.197388 0.943333
7.199370 0.943333
7.201351 0.943333
7.203333 0.943333
7.205314 0.943333
7.207296 0.943333
7.209277 0.943333
7.211259 0.943333
7.213240 0.943333
7.215222 0.943333
7.217203 0.943333
7.219185 0.943333
7.221166 0.943333
7.223148 0.943333
7.225129 0.943333
7.227111 0.943333
7.229092 0.943333
7.231074 0.943333
7.233055 0.943333
7.235037 0.943333
7.237018 0.943333
7.239000 0.943333
7.240981 0.945000
7.242963 0.945000
7.244944 0.945000
7.246926 0.945000
7.248907 0.945000
7.250889 0.945000
7.252870 0.945000
7.254852 0.945000
7.256833 0.945000
7.258815 0.945000
7.260796 0.945000
7.262778 0.945000
7.264759 0.945000
7.266741 0.945000
7.268722 0.945000
7.270704 0.945000
7.272685 0.945000
7.274667 0.945000
7.276648 0.946667
7.278630 0.946667
7.280611 0.946667
7.282593 0.946667
7.284574 0.946667
7.286556 0.946667
7.288537 0.946667
7.290519 0.946667
7.292500 0.946667
7.294482 0.946667
7.296463 0.946667
7.298445 0.946667
7.300426 0.946667
7.302408 0.946667
7.304389 0.948333
7.306371 0.948333
7.308352 0.948333
7.310334 0.948333
7.312315 0.948333
7.314297 0.948333
7.316278 0.948333
7.318260 0.948333
7.320241 0.948333
7.322223 0.948333
7.324204 0.948333
7.326186 0.948333
7.328167 0.948333
7.330149 0.948333
7.332130 0.950000
7.334112 0.950000
7.336093 0.950000
7.338075 0.950000
7.340056 0.950000
7.342038 0.950000
7.344019 0.950000
7.346001 0.950000
7.347982 0.950000
7.349964 0.950000
7.351945 0.950000
7.353927 0.951667
7.355908 0.951667
7.357890 0.951667
7.359871 0.951667
7.361853 0.951667
7.363834 0.951667
7.365816 0.951667
7.367797 0.951667
7.369779 0.951667
7.371760 0.951667
7.373742 0.951667
7.375723 0.951667
7.377705 0.951667
7.379686 0.951667
7.381668 0.951667
7.383649 0.951667
7.385631 0.951667
7.387612 0.951667
7.389594 0.951667
7.391575 0.951667
7.393557 0.951667
7.395538 0.951667
7.397520 0.951667
7.399501 0.951667
7.401483 0.951667
7.403464 0.951667
7.405446 0.951667
7.407427 0.951667
7.409409 0.951667
7.411390 0.951667
7.413372 0.951667
7.415353 0.951667
7.417335 0.951667
7.419316 0.951667
7.421298 0.951667
7.423279 0.951667
7.425261 0.951667
7.427242 0.951667
7.429224 0.951667
7.431205 0.951667
7.433187 0.951667
7.435168 0.951667
7.437150 0.953333
7.439131 0.953333
7.441113 0.953333
7.443094 0.953333
7.445076 0.953333
7.447057 0.953333
7.449039 0.953333
7.451020 0.953333
7.453002 0.953333
7.454983 0.953333
7.456965 0.953333
7.458946 0.953333
7.460928 0.953333
7.462909 0.953333
7.464891 0.953333
7.466872 0.953333
7.468854 0.953333
7.470835 0.953333
7.472817 0.953333
7.474798 0.953333
7.476780 0.953333
7.478761 0.953333
7.480743 0.953333
7.482724 0.953333
7.484706 0.953333
7.486687 0.953333
7.488669 0.953333
7.490650 0.953333
7.492632 0.953333
7.494613 0.953333
7.496595 0.953333
7.498576 0.955000
7.500558 0.955000
7.502539 0.955000
7.504521 0.955000
7.506502 0.955000
7.508484 0.955000
7.510465 0.955000
7.512447 0.955000
7.514428 0.955000
7.516410 0.955000
7.518391 0.955000
7.520373 0.955000
7.522354 0.955000
7.524336 0.955000
7.526317 0.955000
7.528299 0.955000
7.530280 0.955000
7.532262 0.955000
7.534243 0.955000
7.536225 0.955000
7.538206 0.955000
7.540188 0.955000
7.542169 0.955000
7.544151 0.955000
7.546132 0.955000
7.548114 0.955000
7.550095 0.955000
7.552077 0.955000
7.554058 0.955000
7.556040 0.955000
7.558021 0.955000
7.560003 0.955000
7.561984 0.955000
7.563966 0.955000
7.565947 0.955000
7.567929 0.955000
7.569910 0.955000
7.571892 0.956667
7.573873 0.956667
7.575855 0.956667
7.577836 0.958333
7.579818 0.958333
7.581799 0.958333
7.583781 0.958333
7.585762 0.958333
7.587744 0.960000
7.589725 0.960000
7.591707 0.960000
7.593688 0.960000
7.595670 0.960000
7.597651 0.960000
7.599633 0.960000
7.601614 0.960000
7.603596 0.960000
7.605577 0.960000
7.607559 0.960000
7.609540 0.960000
7.611522 0.960000
7.613503 0.960000
7.615485 0.960000
7.617466 0.960000
7.619448 0.960000
7.621429 0.960000
7.623411 0.960000
7.625392 0.960000
7.627374 0.960000
7.629355 0.960000
7.631337 0.960000
7.633318 0.960000
7.635300 0.960000
7.637281 0.960000
7.639263 0.960000
7.641244 0.960000
7.643226 0.960000
7.645207 0.960000
7.647189 0.960000
7.649170 0.960000
7.651152 0.960000
7.653133 0.960000
7.655115 0.961667
7.657096 0.961667
7.659078 0.961667
7.661059 0.961667
7.663041 0.961667
7.665022 0.961667
7.667004 0.961667
7.668985 0.961667
7.670967 0.961667
7.672948 0.961667
7.674930 0.961667
7.676911 0.961667
7.678893 0.961667
7.680874 0.961667
7.682856 0.961667
7.684837 0.961667
7.686819 0.961667
7.688800 0.961667
7.690782 0.961667
7.692763 0.961667
7.694745 0.961667
7.696726 0.961667
7.698708 0.961667
7.700689 0.961667
7.702671 0.961667
7.704652 0.961667
7.706634 0.961667
7.708615 0.961667
7.710597 0.963333
7.712578 0.965000
7.714560 0.965000
7.716541 0.965000
7.718523 0.965000
7.720504 0.965000
7.722486 0.965000
7.724467 0.965000
7.726449 0.965000
7.728430 0.965000
7.730412 0.965000
7.732393 0.965000
7.734375 0.965000
7.736356 0.965000
7.738338 0.965000
7.740319 0.965000
7.742301 0.965000
7.744282 0.965000
7.746264 0.965000
7.748245 0.965000
7.750227 0.965000
7.752208 0.965000
7.754190 0.965000
7.756171 0.965000
7.758153 0.965000
7.760134 0.965000
7.762116 0.965000
7.764097 0.965000
7.766079 0.965000
7.768060 0.965000
7.770042 0.965000
7.772023 0.965000
7.774005 0.965000
7.775986 0.965000
7.777968 0.965000
7.779949 0.965000
7.781931 0.965000
7.783912 0.965000
7.785894 0.965000
7.787875 0.965000
7.789857 0.965000
7.791838 0.965000
7.793820 0.965000
7.795801 0.965000
7.797783 0.965000
7.799764 0.965000
7.801746 0.965000
7.803727 0.965000
7.805709 0.965000
7.807690 0.965000
7.809672 0.965000
7.811653 0.965000
7.813635 0.965000
7.815616 0.965000
7.817598 0.965000
7.819579 0.965000
7.821561 0.965000
7.823542 0.965000
7.825524 0.965000
7.827505 0.965000
7.829487 0.965000
7.831468 0.965000
7.833450 0.965000
7.835431 0.965000
7.837413 0.965000
7.839394 0.965000
7.841376 0.965000
7.843357 0.965000
7.845339 0.966667
7.847320 0.966667
7.849302 0.966667
7.851283 0.966667
7.853265 0.966667
7.855246 0.966667
7.857228 0.966667
7.859209 0.966667
7.861190 0.966667
7.863172 0.966667
7.865153 0.966667
7.867135 0.966667
7.869116 0.966667
7.871098 0.966667
7.873079 0.966667
7.875061 0.966667
7.877042 0.966667
7.879024 0.966667
7.881005 0.966667
7.882987 0.966667
7.884968 0.966667
7.886950 0.966667
7.888931 0.966667
7.890913 0.966667
7.892894 0.966667
7.894876 0.966667
7.896857 0.966667
7.898839 0.966667
7.900820 0.966667
7.902802 0.966667
7.904783 0.966667
7.906765 0.966667
7.908746 0.968333
7.910728 0.968333
7.912709 0.968333
7.914691 0.968333
7.916672 0.968333
7.918654 0.968333
7.920635 0.968333
7.922617 0.968333
7.924598 0.968333
7.926580 0.968333
7.928561 0.968333
7.930543 0.968333
7.932524 0.968333
7.934506 0.968333
7.936487 0.968333
7.938469 0.968333
7.940450 0.970000
7.942432 0.971667
7.944413 0.971667
7.946395 0.971667
7.948376 0.971667
7.950358 0.971667
7.952339 0.971667
7.954321 0.971667
7.956302 0.971667
7.958284 0.971667
7.960265 0.971667
7.962247 0.971667
7.964228 0.971667
7.966210 0.971667
7.968191 0.971667
7.970173 0.971667
7.972154 0.973333
7.974136 0.975000
7.976117 0.975000
7.978099 0.975000
7.980080 0.975000
7.982062 0.975000
7.984043 0.975000
7.986025 0.975000
7.988006 0.975000
7.989988 0.975000
7.991969 0.975000
7.993951 0.975000
7.995932 0.975000
7.997914 0.975000
7.999895 0.975000
