2.010179 0.001667
2.019497 0.001667
2.028816 0.003333
2.038135 0.003333
2.047454 0.003333
2.056772 0.003333
2.066091 0.003333
2.075410 0.003333
2.084728 0.003333
2.094047 0.003333
2.103366 0.003333
2.112684 0.003333
2.122003 0.003333
2.131322 0.003333
2.140641 0.003333
2.149959 0.003333
2.159278 0.003333
2.168597 0.003333
2.177915 0.005000
2.187234 0.005000
2.196553 0.005000
2.205871 0.005000
2.215190 0.005000
2.224509 0.005000
2.233827 0.005000
2.243146 0.005000
2.252465 0.005000
2.261784 0.005000
2.271102 0.005000
2.280421 0.005000
2.289740 0.005000
2.299058 0.005000
2.308377 0.005000
2.317696 0.005000
2.327014 0.006667
2.336333 0.006667
2.345652 0.006667
2.354971 0.006667
2.364289 0.008333
2.373608 0.008333
2.382927 0.008333
2.392245 0.008333
2.401564 0.008333
2.410883 0.008333
2.420201 0.010000
2.429520 0.010000
2.438839 0.010000
2.448158 0.010000
2.457476 0.010000
2.466795 0.010000
2.476114 0.010000
2.485432 0.010000
2.494751 0.010000
2.504070 0.010000
2.513388 0.010000
2.522707 0.011667
2.532026 0.011667
2.541345 0.011667
2.550663 0.011667
2.559982 0.011667
2.569301 0.013333
2.578619 0.013333
2.587938 0.015000
2.597257 0.016667
2.606575 0.016667
2.615894 0.016667
2.625213 0.018333
2.634532 0.018333
2.643850 0.018333
2.653169 0.020000
2.662488 0.021667
2.671806 0.021667
2.681125 0.023333
2.690444 0.028333
2.699762 0.028333
2.709081 0.028333
2.718400 0.028333
2.727719 0.028333
2.737037 0.030000
2.746356 0.031667
2.755675 0.031667
2.764993 0.035000
2.774312 0.035000
2.783631 0.035000
2.792949 0.038333
2.802268 0.040000
2.811587 0.040000
2.820906 0.040000
2.830224 0.041667
2.839543 0.041667
2.848862 0.041667
2.858180 0.041667
2.867499 0.041667
2.876818 0.043333
2.886136 0.045000
2.895455 0.045000
2.904774 0.048333
2.914093 0.050000
2.923411 0.050000
2.932730 0.050000
2.942049 0.050000
2.951367 0.051667
2.960686 0.051667
2.970005 0.053333
2.979323 0.055000
2.988642 0.055000
2.997961 0.055000
3.007280 0.056667
3.016598 0.056667
3.025917 0.056667
3.035236 0.058333
3.044554 0.065000
3.053873 0.066667
3.063192 0.066667
3.072510 0.068333
3.081829 0.070000
3.091148 0.075000
3.100467 0.076667
3.109785 0.076667
3.119104 0.078333
3.128423 0.078333
3.137741 0.080000
3.147060 0.080000
3.156379 0.083333
3.165697 0.086667
3.175016 0.086667
3.184335 0.088333
3.193653 0.090000
3.202972 0.091667
3.212291 0.095000
3.221610 0.095000
3.230928 0.098333
3.240247 0.098333
3.249566 0.103333
3.258884 0.105000
3.268203 0.105000
3.277522 0.106667
3.286840 0.106667
3.296159 0.108333
3.305478 0.110000
3.314797 0.111667
3.324115 0.115000
3.333434 0.115000
3.342753 0.115000
3.352071 0.116667
3.361390 0.116667
3.370709 0.116667
3.380027 0.120000
3.389346 0.123333
3.398665 0.123333
3.407984 0.128333
3.417302 0.131667
3.426621 0.133333
3.435940 0.135000
3.445258 0.136667
3.454577 0.140000
3.463896 0.141667
3.473214 0.145000
3.482533 0.146667
3.491852 0.146667
3.501171 0.151667
3.510489 0.153333
3.519808 0.156667
3.529127 0.156667
3.538445 0.160000
3.547764 0.160000
3.557083 0.161667
3.566401 0.163333
3.575720 0.165000
3.585039 0.168333
3.594358 0.173333
3.603676 0.175000
3.612995 0.175000
3.622314 0.180000
3.631632 0.185000
3.640951 0.186667
3.650270 0.188333
3.659588 0.190000
3.668907 0.190000
3.678226 0.191667
3.687545 0.193333
3.696863 0.195000
3.706182 0.196667
3.715501 0.198333
3.724819 0.198333
3.734138 0.198333
3.743457 0.203333
3.752775 0.208333
3.762094 0.210000
3.771413 0.210000
3.780732 0.211667
3.790050 0.211667
3.799369 0.215000
3.808688 0.215000
3.818006 0.218333
3.827325 0.221667
3.836644 0.221667
3.845962 0.223333
3.855281 0.226667
3.864600 0.231667
3.873919 0.231667
3.883237 0.233333
3.892556 0.236667
3.901875 0.238333
3.911193 0.240000
3.920512 0.241667
3.929831 0.246667
3.939149 0.248333
3.948468 0.251667
3.957787 0.255000
3.967106 0.256667
3.976424 0.256667
3.985743 0.260000
3.995062 0.261667
4.004380 0.261667
4.013699 0.266667
4.023018 0.266667
4.032336 0.273333
4.041655 0.273333
4.050974 0.275000
4.060293 0.275000
4.069611 0.280000
4.078930 0.286667
4.088249 0.286667
4.097567 0.291667
4.106886 0.291667
4.116205 0.293333
4.125523 0.296667
4.134842 0.300000
4.144161 0.303333
4.153479 0.303333
4.162798 0.305000
4.172117 0.306667
4.181436 0.306667
4.190754 0.306667
4.200073 0.306667
4.209392 0.308333
4.218710 0.311667
4.228029 0.311667
4.237348 0.311667
4.246666 0.311667
4.255985 0.318333
4.265304 0.318333
4.274623 0.320000
4.283941 0.323333
4.293260 0.325000
4.302579 0.328333
4.311897 0.330000
4.321216 0.330000
4.330535 0.331667
4.339853 0.331667
4.349172 0.335000
4.358491 0.335000
4.367810 0.336667
4.377128 0.341667
4.386447 0.345000
4.395766 0.350000
4.405084 0.351667
4.414403 0.351667
4.423722 0.356667
4.433040 0.358333
4.442359 0.358333
4.451678 0.361667
4.460997 0.365000
4.470315 0.368333
4.479634 0.371667
4.488953 0.375000
4.498271 0.378333
4.507590 0.378333
4.516909 0.380000
4.526227 0.390000
4.535546 0.393333
4.544865 0.393333
4.554184 0.395000
4.563502 0.395000
4.572821 0.395000
4.582140 0.400000
4.591458 0.400000
4.600777 0.400000
4.610096 0.400000
4.619414 0.401667
4.628733 0.403333
4.638052 0.403333
4.647371 0.408333
4.656689 0.411667
4.666008 0.411667
4.675327 0.415000
4.684645 0.418333
4.693964 0.420000
4.703283 0.421667
4.712601 0.423333
4.721920 0.425000
4.731239 0.426667
4.740558 0.428333
4.749876 0.430000
4.759195 0.433333
4.768514 0.433333
4.777832 0.435000
4.787151 0.436667
4.796470 0.438333
4.805788 0.440000
4.815107 0.445000
4.824426 0.446667
4.833745 0.448333
4.843063 0.451667
4.852382 0.451667
4.861701 0.451667
4.871019 0.453333
4.880338 0.456667
4.889657 0.458333
4.898975 0.458333
4.908294 0.461667
4.917613 0.466667
4.926932 0.466667
4.936250 0.473333
4.945569 0.475000
4.954888 0.475000
4.964206 0.475000
4.973525 0.475000
4.982844 0.481667
4.992162 0.481667
5.001481 0.486667
5.010800 0.488333
5.020119 0.488333
5.029437 0.490000
5.038756 0.490000
5.048075 0.491667
5.057393 0.493333
5.066712 0.493333
5.076031 0.495000
5.085349 0.498333
5.094668 0.500000
5.103987 0.506667
5.113306 0.510000
5.122624 0.510000
5.131943 0.510000
5.141262 0.511667
5.150580 0.513333
5.159899 0.515000
5.169218 0.516667
5.178536 0.520000
5.187855 0.523333
5.197174 0.525000
5.206492 0.525000
5.215811 0.525000
5.225130 0.526667
5.234449 0.526667
5.243767 0.526667
5.253086 0.528333
5.262405 0.530000
5.271723 0.531667
5.281042 0.535000
5.290361 0.536667
5.299679 0.540000
5.308998 0.540000
5.318317 0.540000
5.327636 0.540000
5.336954 0.541667
5.346273 0.541667
5.355592 0.543333
5.364910 0.546667
5.374229 0.546667
5.383548 0.548333
5.392866 0.551667
5.402185 0.551667
5.411504 0.553333
5.420823 0.556667
5.430141 0.556667
5.439460 0.556667
5.448779 0.558333
5.458097 0.565000
5.467416 0.568333
5.476735 0.568333
5.486053 0.568333
5.495372 0.570000
5.504691 0.570000
5.514010 0.573333
5.523328 0.573333
5.532647 0.575000
5.541966 0.575000
5.551284 0.576667
5.560603 0.580000
5.569922 0.583333
5.579240 0.583333
5.588559 0.585000
5.597878 0.588333
5.607197 0.588333
5.616515 0.590000
5.625834 0.590000
5.635153 0.591667
5.644471 0.593333
5.653790 0.598333
5.663109 0.598333
5.672427 0.600000
5.681746 0.600000
5.691065 0.600000
5.700384 0.600000
5.709702 0.600000
5.719021 0.600000
5.728340 0.600000
5.737658 0.603333
5.746977 0.605000
5.756296 0.605000
5.765614 0.606667
5.774933 0.608333
5.784252 0.613333
5.793571 0.616667
5.802889 0.616667
5.812208 0.616667
5.821527 0.616667
5.830845 0.616667
5.840164 0.616667
5.849483 0.616667
5.858801 0.616667
5.868120 0.618333
5.877439 0.618333
5.886758 0.621667
5.896076 0.621667
5.905395 0.621667
5.914714 0.623333
5.924032 0.625000
5.933351 0.625000
5.942670 0.626667
5.951988 0.628333
5.961307 0.628333
5.970626 0.628333
5.979945 0.635000
5.989263 0.635000
5.998582 0.640000
6.007901 0.641667
6.017219 0.643333
6.026538 0.645000
6.035857 0.645000
6.045175 0.646667
6.054494 0.646667
6.063813 0.648333
6.073132 0.650000
6.082450 0.651667
6.091769 0.651667
6.101088 0.656667
6.110406 0.656667
6.119725 0.656667
6.129044 0.658333
6.138362 0.658333
6.147681 0.658333
6.157000 0.658333
6.166318 0.658333
6.175637 0.663333
6.184956 0.665000
6.194275 0.665000
6.203593 0.665000
6.212912 0.665000
6.222231 0.666667
6.231549 0.668333
6.240868 0.670000
6.250187 0.670000
6.259505 0.673333
6.268824 0.675000
6.278143 0.676667
6.287462 0.676667
6.296780 0.678333
6.306099 0.680000
6.315418 0.681667
6.324736 0.681667
6.334055 0.681667
6.343374 0.681667
6.352692 0.681667
6.362011 0.681667
6.371330 0.683333
6.380649 0.683333
6.389967 0.683333
6.399286 0.683333
6.408605 0.683333
6.417923 0.683333
6.427242 0.683333
6.436561 0.683333
6.445879 0.685000
6.455198 0.686667
6.464517 0.686667
6.473836 0.688333
6.483154 0.691667
6.492473 0.691667
6.501792 0.691667
6.511110 0.691667
6.520429 0.693333
6.529748 0.693333
6.539066 0.695000
6.548385 0.695000
6.557704 0.695000
6.567023 0.696667
6.576341 0.698333
6.585660 0.698333
6.594979 0.698333
6.604297 0.700000
6.613616 0.700000
6.622935 0.700000
6.632253 0.701667
6.641572 0.701667
6.650891 0.701667
6.660210 0.701667
6.669528 0.703333
6.678847 0.703333
6.688166 0.703333
6.697484 0.703333
6.706803 0.705000
6.716122 0.706667
6.725440 0.708333
6.734759 0.711667
6.744078 0.715000
6.753397 0.715000
6.762715 0.715000
6.772034 0.715000
6.781353 0.715000
6.790671 0.716667
6.799990 0.716667
6.809309 0.718333
6.818627 0.718333
6.827946 0.720000
6.837265 0.720000
6.846584 0.721667
6.855902 0.721667
6.865221 0.725000
6.874540 0.726667
6.883858 0.726667
6.893177 0.726667
6.902496 0.728333
6.911814 0.728333
6.921133 0.731667
6.930452 0.731667
6.939771 0.731667
6.949089 0.733333
6.958408 0.733333
6.967727 0.733333
6.977045 0.733333
6.986364 0.733333
6.995683 0.733333
7.005001 0.735000
7.014320 0.735000
7.023639 0.735000
7.032958 0.736667
7.042276 0.736667
7.051595 0.738333
7.060914 0.738333
7.070232 0.740000
7.079551 0.741667
7.088870 0.743333
7.098188 0.743333
7.107507 0.743333
7.116826 0.743333
7.126144 0.745000
7.135463 0.746667
7.144782 0.748333
7.154101 0.750000
7.163419 0.751667
7.172738 0.753333
7.182057 0.753333
7.191375 0.753333
7.200694 0.755000
7.210013 0.756667
7.219331 0.756667
7.228650 0.756667
7.237969 0.758333
7.247288 0.760000
7.256606 0.763333
7.265925 0.763333
7.275244 0.763333
7.284562 0.765000
7.293881 0.765000
7.303200 0.765000
7.312518 0.765000
7.321837 0.766667
7.331156 0.766667
7.340475 0.766667
7.349793 0.766667
7.359112 0.766667
7.368431 0.770000
7.377749 0.770000
7.387068 0.770000
7.396387 0.771667
7.405705 0.775000
7.415024 0.775000
7.424343 0.775000
7.433662 0.775000
7.442980 0.775000
7.452299 0.775000
7.461618 0.776667
7.470936 0.776667
7.480255 0.778333
7.489574 0.778333
7.498892 0.780000
7.508211 0.781667
7.517530 0.781667
7.526849 0.783333
7.536167 0.783333
7.545486 0.783333
7.554805 0.783333
7.564123 0.786667
7.573442 0.786667
7.582761 0.786667
7.592079 0.786667
7.601398 0.786667
7.610717 0.788333
7.620036 0.788333
7.629354 0.788333
7.638673 0.788333
7.647992 0.788333
7.657310 0.791667
7.666629 0.791667
7.675948 0.793333
7.685266 0.793333
7.694585 0.793333
7.703904 0.793333
7.713223 0.795000
7.722541 0.796667
7.731860 0.798333
7.741179 0.798333
7.750497 0.798333
7.759816 0.798333
7.769135 0.798333
7.778453 0.798333
7.787772 0.800000
7.797091 0.800000
7.806410 0.800000
7.815728 0.800000
7.825047 0.800000
7.834366 0.801667
7.843684 0.801667
7.853003 0.801667
7.862322 0.805000
7.871640 0.805000
7.880959 0.805000
7.890278 0.806667
7.899597 0.806667
7.908915 0.806667
7.918234 0.806667
7.927553 0.806667
7.936871 0.806667
7.946190 0.806667
7.955509 0.810000
7.964827 0.810000
7.974146 0.810000
7.983465 0.810000
7.992784 0.810000
