1.697351 0.001667
1.702836 0.001667
1.708320 0.001667
1.713805 0.001667
1.719290 0.001667
1.724775 0.001667
1.730260 0.001667
1.735745 0.001667
1.741229 0.001667
1.746714 0.001667
1.752199 0.001667
1.757684 0.001667
1.763169 0.001667
1.768654 0.001667
1.774138 0.001667
1.779623 0.001667
1.785108 0.001667
1.790593 0.001667
1.796078 0.001667
1.801563 0.001667
1.807047 0.001667
1.812532 0.001667
1.818017 0.003333
1.823502 0.005000
1.828987 0.005000
1.834472 0.005000
1.839956 0.005000
1.845441 0.005000
1.850926 0.006667
1.856411 0.006667
1.861896 0.006667
1.867381 0.006667
1.872865 0.006667
1.878350 0.006667
1.883835 0.006667
1.889320 0.006667
1.894805 0.006667
1.900289 0.006667
1.905774 0.008333
1.911259 0.008333
1.916744 0.008333
1.922229 0.008333
1.927714 0.008333
1.933198 0.008333
1.938683 0.008333
1.944168 0.010000
1.949653 0.010000
1.955138 0.010000
1.960623 0.010000
1.966107 0.010000
1.971592 0.010000
1.977077 0.010000
1.982562 0.010000
1.988047 0.010000
1.993532 0.010000
1.999016 0.010000
2.004501 0.010000
2.009986 0.010000
2.015471 0.010000
2.020956 0.010000
2.026441 0.010000
2.031925 0.010000
2.037410 0.010000
2.042895 0.010000
2.048380 0.010000
2.053865 0.010000
2.059349 0.010000
2.064834 0.010000
2.070319 0.010000
2.075804 0.010000
2.081289 0.010000
2.086774 0.011667
2.092258 0.011667
2.097743 0.011667
2.103228 0.011667
2.108713 0.011667
2.114198 0.011667
2.119683 0.011667
2.125167 0.011667
2.130652 0.011667
2.136137 0.013333
2.141622 0.013333
2.147107 0.013333
2.152592 0.013333
2.158076 0.013333
2.163561 0.013333
2.169046 0.015000
2.174531 0.015000
2.180016 0.015000
2.185501 0.015000
2.190985 0.015000
2.196470 0.015000
2.201955 0.016667
2.207440 0.016667
2.212925 0.018333
2.218410 0.018333
2.223894 0.018333
2.229379 0.018333
2.234864 0.018333
2.240349 0.018333
2.245834 0.018333
2.251318 0.018333
2.256803 0.023333
2.262288 0.023333
2.267773 0.023333
2.273258 0.023333
2.278743 0.023333
2.284227 0.025000
2.289712 0.025000
2.295197 0.028333
2.300682 0.028333
2.306167 0.030000
2.311652 0.030000
2.317136 0.030000
2.322621 0.030000
2.328106 0.030000
2.333591 0.030000
2.339076 0.030000
2.344561 0.031667
2.350045 0.031667
2.355530 0.031667
2.361015 0.033333
2.366500 0.033333
2.371985 0.035000
2.377470 0.040000
2.382954 0.040000
2.388439 0.043333
2.393924 0.043333
2.399409 0.043333
2.404894 0.043333
2.410379 0.043333
2.415863 0.043333
2.421348 0.043333
2.426833 0.045000
2.432318 0.048333
2.437803 0.048333
2.443287 0.050000
2.448772 0.050000
2.454257 0.050000
2.459742 0.051667
2.465227 0.053333
2.470712 0.055000
2.476196 0.055000
2.481681 0.055000
2.487166 0.055000
2.492651 0.055000
2.498136 0.056667
2.503621 0.058333
2.509105 0.058333
2.514590 0.058333
2.520075 0.060000
2.525560 0.061667
2.531045 0.063333
2.536530 0.063333
2.542014 0.063333
2.547499 0.063333
2.552984 0.063333
2.558469 0.063333
2.563954 0.063333
2.569439 0.063333
2.574923 0.063333
2.580408 0.063333
2.585893 0.063333
2.591378 0.065000
2.596863 0.065000
2.602347 0.065000
2.607832 0.066667
2.613317 0.066667
2.618802 0.066667
2.624287 0.066667
2.629772 0.066667
2.635256 0.068333
2.640741 0.068333
2.646226 0.071667
2.651711 0.071667
2.657196 0.075000
2.662681 0.078333
2.668165 0.080000
2.673650 0.080000
2.679135 0.080000
2.684620 0.080000
2.690105 0.080000
2.695590 0.081667
2.701074 0.081667
2.706559 0.081667
2.712044 0.081667
2.717529 0.083333
2.723014 0.086667
2.728499 0.088333
2.733983 0.091667
2.739468 0.091667
2.744953 0.093333
2.750438 0.095000
2.755923 0.095000
2.761408 0.096667
2.766892 0.098333
2.772377 0.098333
2.777862 0.098333
2.783347 0.098333
2.788832 0.098333
2.794316 0.100000
2.799801 0.100000
2.805286 0.108333
2.810771 0.108333
2.816256 0.110000
2.821741 0.111667
2.827225 0.113333
2.832710 0.118333
2.838195 0.118333
2.843680 0.118333
2.849165 0.118333
2.854650 0.118333
2.860134 0.118333
2.865619 0.118333
2.871104 0.118333
2.876589 0.120000
2.882074 0.123333
2.887559 0.125000
2.893043 0.126667
2.898528 0.126667
2.904013 0.126667
2.909498 0.126667
2.914983 0.126667
2.920468 0.128333
2.925952 0.131667
2.931437 0.133333
2.936922 0.135000
2.942407 0.135000
2.947892 0.138333
2.953376 0.138333
2.958861 0.140000
2.964346 0.140000
2.969831 0.148333
2.975316 0.150000
2.980801 0.150000
2.986285 0.153333
2.991770 0.158333
2.997255 0.160000
3.002740 0.161667
3.008225 0.161667
3.013710 0.161667
3.019194 0.161667
3.024679 0.165000
3.030164 0.168333
3.035649 0.171667
3.041134 0.171667
3.046619 0.171667
3.052103 0.171667
3.057588 0.171667
3.063073 0.173333
3.068558 0.176667
3.074043 0.180000
3.079528 0.180000
3.085012 0.181667
3.090497 0.185000
3.095982 0.185000
3.101467 0.185000
3.106952 0.188333
3.112437 0.188333
3.117921 0.188333
3.123406 0.190000
3.128891 0.193333
3.134376 0.195000
3.139861 0.195000
3.145345 0.195000
3.150830 0.196667
3.156315 0.198333
3.161800 0.205000
3.167285 0.206667
3.172770 0.206667
3.178254 0.206667
3.183739 0.208333
3.189224 0.210000
3.194709 0.210000
3.200194 0.210000
3.205679 0.211667
3.211163 0.211667
3.216648 0.211667
3.222133 0.211667
3.227618 0.215000
3.233103 0.215000
3.238588 0.216667
3.244072 0.216667
3.249557 0.216667
3.255042 0.220000
3.260527 0.220000
3.266012 0.221667
3.271497 0.223333
3.276981 0.225000
3.282466 0.228333
3.287951 0.230000
3.293436 0.231667
3.298921 0.233333
3.304405 0.235000
3.309890 0.235000
3.315375 0.236667
3.320860 0.240000
3.326345 0.241667
3.331830 0.241667
3.337314 0.243333
3.342799 0.243333
3.348284 0.245000
3.353769 0.245000
3.359254 0.245000
3.364739 0.245000
3.370223 0.246667
3.375708 0.251667
3.381193 0.253333
3.386678 0.255000
3.392163 0.255000
3.397648 0.255000
3.403132 0.256667
3.408617 0.260000
3.414102 0.263333
3.419587 0.265000
3.425072 0.266667
3.430557 0.266667
3.436041 0.270000
3.441526 0.271667
3.447011 0.273333
3.452496 0.276667
3.457981 0.278333
3.463466 0.280000
3.468950 0.281667
3.474435 0.288333
3.479920 0.290000
3.485405 0.291667
3.490890 0.291667
3.496374 0.291667
3.501859 0.293333
3.507344 0.293333
3.512829 0.293333
3.518314 0.296667
3.523799 0.298333
3.529283 0.301667
3.534768 0.301667
3.540253 0.301667
3.545738 0.305000
3.551223 0.310000
3.556708 0.311667
3.562192 0.315000
3.567677 0.320000
3.573162 0.321667
3.578647 0.325000
3.584132 0.328333
3.589617 0.333333
3.595101 0.335000
3.600586 0.338333
3.606071 0.340000
3.611556 0.341667
3.617041 0.341667
3.622526 0.348333
3.628010 0.351667
3.633495 0.355000
3.638980 0.358333
3.644465 0.360000
3.649950 0.361667
3.655434 0.363333
3.660919 0.363333
3.666404 0.366667
3.671889 0.366667
3.677374 0.366667
3.682859 0.368333
3.688343 0.370000
3.693828 0.370000
3.699313 0.375000
3.704798 0.376667
3.710283 0.376667
3.715768 0.378333
3.721252 0.380000
3.726737 0.383333
3.732222 0.385000
3.737707 0.388333
3.743192 0.388333
3.748677 0.391667
3.754161 0.395000
3.759646 0.395000
3.765131 0.395000
3.770616 0.395000
3.776101 0.395000
3.781586 0.395000
3.787070 0.398333
3.792555 0.398333
3.798040 0.401667
3.803525 0.406667
3.809010 0.406667
3.814495 0.410000
3.819979 0.410000
3.825464 0.411667
3.830949 0.413333
3.836434 0.413333
3.841919 0.415000
3.847403 0.418333
3.852888 0.420000
3.858373 0.423333
3.863858 0.423333
3.869343 0.425000
3.874828 0.425000
3.880312 0.428333
3.885797 0.430000
3.891282 0.430000
3.896767 0.430000
3.902252 0.433333
3.907737 0.433333
3.913221 0.436667
3.918706 0.440000
3.924191 0.440000
3.929676 0.440000
3.935161 0.440000
3.940646 0.441667
3.946130 0.443333
3.951615 0.443333
3.957100 0.446667
3.962585 0.446667
3.968070 0.446667
3.973555 0.450000
3.979039 0.453333
3.984524 0.455000
3.990009 0.456667
3.995494 0.456667
4.000979 0.458333
4.006463 0.458333
4.011948 0.460000
4.017433 0.463333
4.022918 0.465000
4.028403 0.465000
4.033888 0.468333
4.039372 0.468333
4.044857 0.468333
4.050342 0.468333
4.055827 0.468333
4.061312 0.468333
4.066797 0.468333
4.072281 0.470000
4.077766 0.470000
4.083251 0.471667
4.088736 0.471667
4.094221 0.471667
4.099706 0.473333
4.105190 0.473333
4.110675 0.476667
4.116160 0.478333
4.121645 0.478333
4.127130 0.481667
4.132615 0.481667
4.138099 0.481667
4.143584 0.481667
4.149069 0.481667
4.154554 0.481667
4.160039 0.485000
4.165524 0.485000
4.171008 0.488333
4.176493 0.488333
4.181978 0.488333
4.187463 0.491667
4.192948 0.491667
4.198432 0.491667
4.203917 0.491667
4.209402 0.491667
4.214887 0.491667
4.220372 0.493333
4.225857 0.493333
4.231341 0.495000
4.236826 0.496667
4.242311 0.496667
4.247796 0.496667
4.253281 0.498333
4.258766 0.498333
4.264250 0.498333
4.269735 0.500000
4.275220 0.503333
4.280705 0.503333
4.286190 0.506667
4.291675 0.506667
4.297159 0.508333
4.302644 0.510000
4.308129 0.510000
4.313614 0.510000
4.319099 0.510000
4.324584 0.511667
4.330068 0.511667
4.335553 0.513333
4.341038 0.515000
4.346523 0.515000
4.352008 0.515000
4.357493 0.516667
4.362977 0.516667
4.368462 0.518333
4.373947 0.518333
4.379432 0.520000
4.384917 0.521667
4.390401 0.521667
4.395886 0.523333
4.401371 0.523333
4.406856 0.523333
4.412341 0.523333
4.417826 0.523333
4.423310 0.525000
4.428795 0.526667
4.434280 0.528333
4.439765 0.528333
4.445250 0.530000
4.450735 0.533333
4.456219 0.535000
4.461704 0.535000
4.467189 0.536667
4.472674 0.536667
4.478159 0.536667
4.483644 0.540000
4.489128 0.541667
4.494613 0.541667
4.500098 0.543333
4.505583 0.543333
4.511068 0.546667
4.516553 0.548333
4.522037 0.548333
4.527522 0.551667
4.533007 0.551667
4.538492 0.553333
4.543977 0.556667
4.549461 0.558333
4.554946 0.558333
4.560431 0.561667
4.565916 0.561667
4.571401 0.561667
4.576886 0.561667
4.582370 0.561667
4.587855 0.565000
4.593340 0.568333
4.598825 0.570000
4.604310 0.571667
4.609795 0.573333
4.615279 0.573333
4.620764 0.575000
4.626249 0.576667
4.631734 0.576667
4.637219 0.578333
4.642704 0.578333
4.648188 0.581667
4.653673 0.586667
4.659158 0.586667
4.664643 0.588333
4.670128 0.590000
4.675613 0.593333
4.681097 0.595000
4.686582 0.595000
4.692067 0.595000
4.697552 0.595000
4.703037 0.596667
4.708522 0.598333
4.714006 0.601667
4.719491 0.601667
4.724976 0.601667
4.730461 0.605000
4.735946 0.606667
4.741430 0.610000
4.746915 0.611667
4.752400 0.611667
4.757885 0.613333
4.763370 0.615000
4.768855 0.618333
4.774339 0.620000
4.779824 0.621667
4.785309 0.623333
4.790794 0.625000
4.796279 0.626667
4.801764 0.628333
4.807248 0.628333
4.812733 0.628333
4.818218 0.630000
4.823703 0.633333
4.829188 0.633333
4.834673 0.635000
4.840157 0.635000
4.845642 0.635000
4.851127 0.635000
4.856612 0.635000
4.862097 0.635000
4.867582 0.636667
4.873066 0.636667
4.878551 0.638333
4.884036 0.638333
4.889521 0.638333
4.895006 0.640000
4.900490 0.640000
4.905975 0.640000
4.911460 0.641667
4.916945 0.641667
4.922430 0.648333
4.927915 0.648333
4.933399 0.648333
4.938884 0.648333
4.944369 0.650000
4.949854 0.651667
4.955339 0.653333
4.960824 0.655000
4.966308 0.655000
4.971793 0.656667
4.977278 0.656667
4.982763 0.658333
4.988248 0.658333
4.993733 0.661667
4.999217 0.661667
5.004702 0.661667
5.010187 0.661667
5.015672 0.663333
5.021157 0.665000
5.026642 0.665000
5.032126 0.665000
5.037611 0.666667
5.043096 0.668333
5.048581 0.670000
5.054066 0.670000
5.059551 0.670000
5.065035 0.673333
5.070520 0.673333
5.076005 0.675000
5.081490 0.675000
5.086975 0.675000
5.092459 0.675000
5.097944 0.675000
5.103429 0.675000
5.108914 0.675000
5.114399 0.675000
5.119884 0.675000
5.125368 0.676667
5.130853 0.678333
5.136338 0.680000
5.141823 0.681667
5.147308 0.683333
5.152793 0.685000
5.158277 0.688333
5.163762 0.688333
5.169247 0.690000
5.174732 0.690000
5.180217 0.691667
5.185702 0.693333
5.191186 0.693333
5.196671 0.693333
5.202156 0.693333
5.207641 0.693333
5.213126 0.693333
5.218611 0.693333
5.224095 0.695000
5.229580 0.695000
5.235065 0.695000
5.240550 0.696667
5.246035 0.698333
5.251519 0.698333
5.257004 0.700000
5.262489 0.700000
5.267974 0.700000
5.273459 0.700000
5.278944 0.700000
5.284428 0.701667
5.289913 0.703333
5.295398 0.703333
5.300883 0.703333
5.306368 0.706667
5.311853 0.706667
5.317337 0.706667
5.322822 0.706667
5.328307 0.706667
5.333792 0.706667
5.339277 0.710000
5.344762 0.711667
5.350246 0.713333
5.355731 0.713333
5.361216 0.713333
5.366701 0.713333
5.372186 0.713333
5.377671 0.713333
5.383155 0.713333
5.388640 0.713333
5.394125 0.713333
5.399610 0.713333
5.405095 0.713333
5.410580 0.713333
5.416064 0.713333
5.421549 0.713333
5.427034 0.713333
5.432519 0.713333
5.438004 0.715000
5.443488 0.715000
5.448973 0.716667
5.454458 0.720000
5.459943 0.720000
5.465428 0.721667
5.470913 0.721667
5.476397 0.721667
5.481882 0.721667
5.487367 0.721667
5.492852 0.723333
5.498337 0.723333
5.503822 0.723333
5.509306 0.725000
5.514791 0.726667
5.520276 0.726667
5.525761 0.726667
5.531246 0.728333
5.536731 0.728333
5.542215 0.728333
5.547700 0.728333
5.553185 0.728333
5.558670 0.728333
5.564155 0.728333
5.569640 0.728333
5.575124 0.728333
5.580609 0.728333
5.586094 0.728333
5.591579 0.728333
5.597064 0.728333
5.602548 0.728333
5.608033 0.728333
5.613518 0.728333
5.619003 0.730000
5.624488 0.730000
5.629973 0.730000
5.635457 0.733333
5.640942 0.733333
5.646427 0.735000
5.651912 0.735000
5.657397 0.735000
5.662882 0.735000
5.668366 0.738333
5.673851 0.738333
5.679336 0.738333
5.684821 0.738333
5.690306 0.740000
5.695791 0.740000
5.701275 0.740000
5.706760 0.740000
5.712245 0.740000
5.717730 0.740000
5.723215 0.740000
5.728700 0.740000
5.734184 0.740000
5.739669 0.743333
5.745154 0.743333
5.750639 0.745000
5.756124 0.745000
5.761609 0.746667
5.767093 0.746667
5.772578 0.746667
5.778063 0.748333
5.783548 0.750000
5.789033 0.751667
5.794517 0.751667
5.800002 0.753333
5.805487 0.753333
5.810972 0.753333
5.816457 0.755000
5.821942 0.756667
5.827426 0.758333
5.832911 0.760000
5.838396 0.760000
5.843881 0.760000
5.849366 0.760000
5.854851 0.761667
5.860335 0.761667
5.865820 0.761667
5.871305 0.761667
5.876790 0.761667
5.882275 0.761667
5.887760 0.763333
5.893244 0.763333
5.898729 0.763333
5.904214 0.765000
5.909699 0.766667
5.915184 0.766667
5.920669 0.766667
5.926153 0.768333
5.931638 0.768333
5.937123 0.768333
5.942608 0.768333
5.948093 0.770000
5.953577 0.770000
5.959062 0.771667
5.964547 0.773333
5.970032 0.773333
5.975517 0.773333
5.981002 0.773333
5.986486 0.773333
5.991971 0.773333
5.997456 0.775000
6.002941 0.775000
6.008426 0.775000
6.013911 0.775000
6.019395 0.775000
6.024880 0.775000
6.030365 0.776667
6.035850 0.776667
6.041335 0.776667
6.046820 0.778333
6.052304 0.778333
6.057789 0.778333
6.063274 0.778333
6.068759 0.778333
6.074244 0.780000
6.079729 0.780000
6.085213 0.781667
6.090698 0.781667
6.096183 0.781667
6.101668 0.781667
6.107153 0.781667
6.112638 0.781667
6.118122 0.781667
6.123607 0.783333
6.129092 0.783333
6.134577 0.783333
6.140062 0.783333
6.145546 0.783333
6.151031 0.783333
6.156516 0.783333
6.162001 0.783333
6.167486 0.783333
6.172971 0.783333
6.178455 0.783333
6.183940 0.783333
6.189425 0.783333
6.194910 0.785000
6.200395 0.785000
6.205880 0.785000
6.211364 0.785000
6.216849 0.785000
6.222334 0.785000
6.227819 0.785000
6.233304 0.786667
6.238789 0.786667
6.244273 0.786667
6.249758 0.786667
6.255243 0.786667
6.260728 0.786667
6.266213 0.786667
6.271698 0.788333
6.277182 0.788333
6.282667 0.795000
6.288152 0.795000
6.293637 0.795000
6.299122 0.795000
6.304607 0.795000
6.310091 0.795000
6.315576 0.795000
6.321061 0.795000
6.326546 0.796667
6.332031 0.796667
6.337515 0.796667
6.343000 0.796667
6.348485 0.796667
6.353970 0.796667
6.359455 0.796667
6.364940 0.796667
6.370424 0.796667
6.375909 0.796667
6.381394 0.796667
6.386879 0.796667
6.392364 0.796667
6.397849 0.796667
6.403333 0.796667
6.408818 0.796667
6.414303 0.796667
6.419788 0.796667
6.425273 0.796667
6.430758 0.796667
6.436242 0.796667
6.441727 0.796667
6.447212 0.796667
6.452697 0.798333
6.458182 0.800000
6.463667 0.800000
6.469151 0.800000
6.474636 0.800000
6.480121 0.800000
6.485606 0.800000
6.491091 0.801667
6.496575 0.801667
6.502060 0.803333
6.507545 0.803333
6.513030 0.803333
6.518515 0.803333
6.524000 0.805000
6.529484 0.806667
6.534969 0.806667
6.540454 0.806667
6.545939 0.808333
6.551424 0.808333
6.556909 0.808333
6.562393 0.810000
6.567878 0.810000
6.573363 0.810000
6.578848 0.810000
6.584333 0.810000
6.589818 0.810000
6.595302 0.810000
6.600787 0.810000
6.606272 0.811667
6.611757 0.811667
6.617242 0.813333
6.622727 0.813333
6.628211 0.813333
6.633696 0.813333
6.639181 0.813333
6.644666 0.813333
6.650151 0.813333
6.655636 0.813333
6.661120 0.813333
6.666605 0.815000
6.672090 0.815000
6.677575 0.816667
6.683060 0.818333
6.688544 0.818333
6.694029 0.820000
6.699514 0.820000
6.704999 0.821667
6.710484 0.821667
6.715969 0.821667
6.721453 0.821667
6.726938 0.821667
6.732423 0.821667
6.737908 0.821667
6.743393 0.821667
6.748878 0.821667
6.754362 0.825000
6.759847 0.825000
6.765332 0.825000
6.770817 0.825000
6.776302 0.825000
6.781787 0.825000
6.787271 0.825000
6.792756 0.825000
6.798241 0.826667
6.803726 0.826667
6.809211 0.826667
6.814696 0.828333
6.820180 0.828333
6.825665 0.828333
6.831150 0.828333
6.836635 0.830000
6.842120 0.830000
6.847604 0.831667
6.853089 0.831667
6.858574 0.833333
6.864059 0.833333
6.869544 0.833333
6.875029 0.833333
6.880513 0.835000
6.885998 0.835000
6.891483 0.835000
6.896968 0.835000
6.902453 0.835000
6.907938 0.835000
6.913422 0.835000
6.918907 0.835000
6.924392 0.835000
6.929877 0.835000
6.935362 0.835000
6.940847 0.835000
6.946331 0.836667
6.951816 0.836667
6.957301 0.836667
6.962786 0.836667
6.968271 0.836667
6.973756 0.836667
6.979240 0.836667
6.984725 0.836667
6.990210 0.836667
6.995695 0.836667
7.001180 0.836667
7.006665 0.836667
7.012149 0.836667
7.017634 0.836667
7.023119 0.836667
7.028604 0.836667
7.034089 0.836667
7.039573 0.836667
7.045058 0.838333
7.050543 0.838333
7.056028 0.838333
7.061513 0.841667
7.066998 0.843333
7.072482 0.845000
7.077967 0.845000
7.083452 0.845000
7.088937 0.846667
7.094422 0.846667
7.099907 0.846667
7.105391 0.846667
7.110876 0.846667
7.116361 0.846667
7.121846 0.848333
7.127331 0.848333
7.132816 0.850000
7.138300 0.850000
7.143785 0.850000
7.149270 0.850000
7.154755 0.850000
7.160240 0.850000
7.165725 0.850000
7.171209 0.850000
7.176694 0.851667
7.182179 0.851667
7.187664 0.851667
7.193149 0.851667
7.198633 0.851667
7.204118 0.851667
7.209603 0.851667
7.215088 0.851667
7.220573 0.851667
7.226058 0.851667
7.231542 0.851667
7.237027 0.851667
7.242512 0.851667
7.247997 0.853333
7.253482 0.853333
7.258967 0.853333
7.264451 0.853333
7.269936 0.853333
7.275421 0.853333
7.280906 0.853333
7.286391 0.853333
7.291876 0.853333
7.297360 0.853333
7.302845 0.853333
7.308330 0.853333
7.313815 0.853333
7.319300 0.853333
7.324785 0.853333
7.330269 0.853333
7.335754 0.853333
7.341239 0.853333
7.346724 0.853333
7.352209 0.853333
7.357694 0.853333
7.363178 0.853333
7.368663 0.853333
7.374148 0.853333
7.379633 0.853333
7.385118 0.853333
7.390602 0.853333
7.396087 0.855000
7.401572 0.855000
7.407057 0.856667
7.412542 0.856667
7.418027 0.856667
7.423511 0.856667
7.428996 0.856667
7.434481 0.856667
7.439966 0.860000
7.445451 0.860000
7.450936 0.860000
7.456420 0.860000
7.461905 0.860000
7.467390 0.860000
7.472875 0.860000
7.478360 0.860000
7.483845 0.860000
7.489329 0.860000
7.494814 0.860000
7.500299 0.860000
7.505784 0.860000
7.511269 0.861667
7.516754 0.863333
7.522238 0.863333
7.527723 0.865000
7.533208 0.865000
7.538693 0.865000
7.544178 0.865000
7.549662 0.865000
7.555147 0.865000
7.560632 0.865000
7.566117 0.865000
7.571602 0.865000
7.577087 0.865000
7.582571 0.865000
7.588056 0.865000
7.593541 0.865000
7.599026 0.865000
7.604511 0.865000
7.609996 0.865000
7.615480 0.865000
7.620965 0.865000
7.626450 0.865000
7.631935 0.865000
7.637420 0.865000
7.642905 0.865000
7.648389 0.865000
7.653874 0.865000
7.659359 0.865000
7.664844 0.865000
7.670329 0.865000
7.675814 0.865000
7.681298 0.865000
7.686783 0.866667
7.692268 0.866667
7.697753 0.866667
7.703238 0.866667
7.708723 0.866667
7.714207 0.866667
7.719692 0.868333
7.725177 0.868333
7.730662 0.868333
7.736147 0.868333
7.741631 0.868333
7.747116 0.870000
7.752601 0.870000
7.758086 0.870000
7.763571 0.870000
7.769056 0.870000
7.774540 0.870000
7.780025 0.870000
7.785510 0.870000
7.790995 0.870000
7.796480 0.870000
7.801965 0.870000
7.807449 0.870000
7.812934 0.870000
7.818419 0.870000
7.823904 0.870000
7.829389 0.870000
7.834874 0.870000
7.840358 0.870000
7.845843 0.870000
7.851328 0.870000
7.856813 0.870000
7.862298 0.870000
7.867783 0.870000
7.873267 0.870000
7.878752 0.870000
7.884237 0.870000
7.889722 0.870000
7.895207 0.870000
7.900691 0.870000
7.906176 0.870000
7.911661 0.870000
7.917146 0.870000
7.922631 0.871667
7.928116 0.871667
7.933600 0.871667
7.939085 0.871667
7.944570 0.871667
7.950055 0.871667
7.955540 0.871667
7.961025 0.871667
7.966509 0.871667
7.971994 0.871667
7.977479 0.871667
7.982964 0.871667
7.988449 0.871667
7.993934 0.871667
7.999418 0.871667
