1.880215 0.001667
1.881603 0.001667
1.882990 0.001667
1.884378 0.001667
1.885765 0.001667
1.887153 0.001667
1.888540 0.001667
1.889928 0.001667
1.891315 0.001667
1.892703 0.001667
1.894090 0.001667
1.895478 0.001667
1.896865 0.001667
1.898253 0.001667
1.899640 0.001667
1.901027 0.001667
1.902415 0.001667
1.903802 0.001667
1.905190 0.001667
1.906577 0.001667
1.907965 0.001667
1.909352 0.001667
1.910740 0.001667
1.912127 0.001667
1.913515 0.001667
1.914902 0.001667
1.916290 0.001667
1.917677 0.001667
1.919064 0.001667
1.920452 0.001667
1.921839 0.001667
1.923227 0.001667
1.924614 0.001667
1.926002 0.001667
1.927389 0.001667
1.928777 0.001667
1.930164 0.001667
1.931552 0.001667
1.932939 0.001667
1.934327 0.001667
1.935714 0.001667
1.937102 0.001667
1.938489 0.001667
1.939876 0.001667
1.941264 0.001667
1.942651 0.003333
1.944039 0.003333
1.945426 0.003333
1.946814 0.003333
1.948201 0.003333
1.949589 0.003333
1.950976 0.003333
1.952364 0.003333
1.953751 0.003333
1.955139 0.003333
1.956526 0.003333
1.957913 0.003333
1.959301 0.003333
1.960688 0.003333
1.962076 0.003333
1.963463 0.003333
1.964851 0.003333
1.966238 0.003333
1.967626 0.003333
1.969013 0.003333
1.970401 0.003333
1.971788 0.003333
1.973176 0.003333
1.974563 0.003333
1.975951 0.005000
1.977338 0.005000
1.978725 0.005000
1.980113 0.005000
1.981500 0.005000
1.982888 0.005000
1.984275 0.005000
1.985663 0.005000
1.987050 0.005000
1.988438 0.006667
1.989825 0.006667
1.991213 0.006667
1.992600 0.006667
1.993988 0.006667
1.995375 0.006667
1.996763 0.006667
1.998150 0.006667
1.999537 0.006667
2.000925 0.006667
2.002312 0.006667
2.003700 0.006667
2.005087 0.006667
2.006475 0.006667
2.007862 0.006667
2.009250 0.006667
2.010637 0.006667
2.012025 0.006667
2.013412 0.006667
2.014800 0.006667
2.016187 0.006667
2.017574 0.006667
2.018962 0.006667
2.020349 0.006667
2.021737 0.006667
2.023124 0.006667
2.024512 0.006667
2.025899 0.006667
2.027287 0.006667
2.028674 0.006667
2.030062 0.006667
2.031449 0.006667
2.032837 0.006667
2.034224 0.006667
2.035612 0.006667
2.036999 0.006667
2.038386 0.006667
2.039774 0.006667
2.041161 0.006667
2.042549 0.006667
2.043936 0.006667
2.045324 0.006667
2.046711 0.006667
2.048099 0.006667
2.049486 0.006667
2.050874 0.006667
2.052261 0.006667
2.053649 0.006667
2.055036 0.006667
2.056423 0.006667
2.057811 0.006667
2.059198 0.006667
2.060586 0.006667
2.061973 0.006667
2.063361 0.006667
2.064748 0.006667
2.066136 0.006667
2.067523 0.006667
2.068911 0.006667
2.070298 0.006667
2.071686 0.006667
2.073073 0.006667
2.074461 0.006667
2.075848 0.006667
2.077235 0.006667
2.078623 0.006667
2.080010 0.006667
2.081398 0.006667
2.082785 0.006667
2.084173 0.006667
2.085560 0.006667
2.086948 0.006667
2.088335 0.006667
2.089723 0.006667
2.091110 0.006667
2.092498 0.006667
2.093885 0.006667
2.095272 0.006667
2.096660 0.006667
2.098047 0.006667
2.099435 0.006667
2.100822 0.006667
2.102210 0.006667
2.103597 0.006667
2.104985 0.006667
2.106372 0.006667
2.107760 0.006667
2.109147 0.006667
2.110535 0.006667
2.111922 0.006667
2.113310 0.006667
2.114697 0.006667
2.116084 0.006667
2.117472 0.006667
2.118859 0.006667
2.120247 0.006667
2.121634 0.006667
2.123022 0.006667
2.124409 0.006667
2.125797 0.006667
2.127184 0.006667
2.128572 0.006667
2.129959 0.006667
2.131347 0.006667
2.132734 0.006667
2.134122 0.006667
2.135509 0.006667
2.136896 0.006667
2.138284 0.006667
2.139671 0.006667
2.141059 0.006667
2.142446 0.008333
2.143834 0.008333
2.145221 0.008333
2.146609 0.008333
2.147996 0.008333
2.149384 0.008333
2.150771 0.008333
2.152159 0.008333
2.153546 0.008333
2.154933 0.008333
2.156321 0.008333
2.157708 0.008333
2.159096 0.008333
2.160483 0.008333
2.161871 0.008333
2.163258 0.008333
2.164646 0.008333
2.166033 0.008333
2.167421 0.008333
2.168808 0.008333
2.170196 0.008333
2.171583 0.008333
2.172971 0.008333
2.174358 0.008333
2.175745 0.008333
2.177133 0.008333
2.178520 0.008333
2.179908 0.008333
2.181295 0.008333
2.182683 0.008333
2.184070 0.008333
2.185458 0.008333
2.186845 0.008333
2.188233 0.008333
2.189620 0.008333
2.191008 0.008333
2.192395 0.008333
2.193782 0.008333
2.195170 0.008333
2.196557 0.008333
2.197945 0.008333
2.199332 0.008333
2.200720 0.008333
2.202107 0.008333
2.203495 0.008333
2.204882 0.008333
2.206270 0.008333
2.207657 0.010000
2.209045 0.010000
2.210432 0.010000
2.211820 0.010000
2.213207 0.010000
2.214594 0.010000
2.215982 0.010000
2.217369 0.010000
2.218757 0.010000
2.220144 0.010000
2.221532 0.010000
2.222919 0.010000
2.224307 0.010000
2.225694 0.010000
2.227082 0.010000
2.228469 0.010000
2.229857 0.010000
2.231244 0.010000
2.232631 0.010000
2.234019 0.010000
2.235406 0.010000
2.236794 0.010000
2.238181 0.010000
2.239569 0.010000
2.240956 0.011667
2.242344 0.011667
2.243731 0.011667
2.245119 0.011667
2.246506 0.011667
2.247894 0.011667
2.249281 0.011667
2.250669 0.011667
2.252056 0.011667
2.253443 0.011667
2.254831 0.011667
2.256218 0.011667
2.257606 0.011667
2.258993 0.011667
2.260381 0.011667
2.261768 0.011667
2.263156 0.011667
2.264543 0.011667
2.265931 0.011667
2.267318 0.011667
2.268706 0.011667
2.270093 0.011667
2.271480 0.011667
2.272868 0.011667
2.274255 0.011667
2.275643 0.011667
2.277030 0.011667
2.278418 0.011667
2.279805 0.011667
2.281193 0.011667
2.282580 0.011667
2.283968 0.011667
2.285355 0.011667
2.286743 0.011667
2.288130 0.011667
2.289518 0.011667
2.290905 0.011667
2.292292 0.011667
2.293680 0.011667
2.295067 0.011667
2.296455 0.011667
2.297842 0.011667
2.299230 0.011667
2.300617 0.011667
2.302005 0.011667
2.303392 0.011667
2.304780 0.011667
2.306167 0.011667
2.307555 0.011667
2.308942 0.013333
2.310330 0.015000
2.311717 0.015000
2.313104 0.015000
2.314492 0.015000
2.315879 0.015000
2.317267 0.015000
2.318654 0.015000
2.320042 0.015000
2.321429 0.015000
2.322817 0.015000
2.324204 0.015000
2.325592 0.015000
2.326979 0.015000
2.328367 0.016667
2.329754 0.016667
2.331141 0.016667
2.332529 0.016667
2.333916 0.018333
2.335304 0.018333
2.336691 0.018333
2.338079 0.018333
2.339466 0.018333
2.340854 0.018333
2.342241 0.018333
2.343629 0.018333
2.345016 0.018333
2.346404 0.020000
2.347791 0.020000
2.349179 0.020000
2.350566 0.020000
2.351953 0.020000
2.353341 0.020000
2.354728 0.020000
2.356116 0.020000
2.357503 0.020000
2.358891 0.020000
2.360278 0.020000
2.361666 0.020000
2.363053 0.020000
2.364441 0.020000
2.365828 0.020000
2.367216 0.020000
2.368603 0.020000
2.369990 0.020000
2.371378 0.020000
2.372765 0.020000
2.374153 0.020000
2.375540 0.020000
2.376928 0.020000
2.378315 0.020000
2.379703 0.020000
2.381090 0.020000
2.382478 0.020000
2.383865 0.023333
2.385253 0.023333
2.386640 0.023333
2.388028 0.023333
2.389415 0.023333
2.390802 0.023333
2.392190 0.023333
2.393577 0.023333
2.394965 0.023333
2.396352 0.023333
2.397740 0.023333
2.399127 0.023333
2.400515 0.023333
2.401902 0.023333
2.403290 0.023333
2.404677 0.023333
2.406065 0.023333
2.407452 0.023333
2.408839 0.023333
2.410227 0.023333
2.411614 0.023333
2.413002 0.023333
2.414389 0.023333
2.415777 0.023333
2.417164 0.023333
2.418552 0.023333
2.419939 0.023333
2.421327 0.023333
2.422714 0.023333
2.424102 0.023333
2.425489 0.023333
2.426877 0.023333
2.428264 0.023333
2.429651 0.023333
2.431039 0.025000
2.432426 0.025000
2.433814 0.025000
2.435201 0.025000
2.436589 0.025000
2.437976 0.025000
2.439364 0.025000
2.440751 0.025000
2.442139 0.025000
2.443526 0.025000
2.444914 0.025000
2.446301 0.025000
2.447688 0.025000
2.449076 0.025000
2.450463 0.025000
2.451851 0.025000
2.453238 0.025000
2.454626 0.025000
2.456013 0.025000
2.457401 0.025000
2.458788 0.028333
2.460176 0.028333
2.461563 0.028333
2.462951 0.028333
2.464338 0.028333
2.465726 0.030000
2.467113 0.030000
2.468500 0.030000
2.469888 0.030000
2.471275 0.031667
2.472663 0.031667
2.474050 0.031667
2.475438 0.031667
2.476825 0.031667
2.478213 0.031667
2.479600 0.033333
2.480988 0.033333
2.482375 0.033333
2.483763 0.033333
2.485150 0.033333
2.486538 0.033333
2.487925 0.035000
2.489312 0.035000
2.490700 0.035000
2.492087 0.035000
2.493475 0.035000
2.494862 0.035000
2.496250 0.035000
2.497637 0.036667
2.499025 0.036667
2.500412 0.036667
2.501800 0.036667
2.503187 0.036667
2.504575 0.036667
2.505962 0.036667
2.507349 0.036667
2.508737 0.036667
2.510124 0.036667
2.511512 0.036667
2.512899 0.036667
2.514287 0.036667
2.515674 0.036667
2.517062 0.040000
2.518449 0.040000
2.519837 0.040000
2.521224 0.040000
2.522612 0.040000
2.523999 0.040000
2.525387 0.040000
2.526774 0.040000
2.528161 0.041667
2.529549 0.041667
2.530936 0.041667
2.532324 0.041667
2.533711 0.041667
2.535099 0.041667
2.536486 0.041667
2.537874 0.041667
2.539261 0.041667
2.540649 0.041667
2.542036 0.041667
2.543424 0.045000
2.544811 0.045000
2.546198 0.045000
2.547586 0.045000
2.548973 0.046667
2.550361 0.046667
2.551748 0.046667
2.553136 0.046667
2.554523 0.046667
2.555911 0.046667
2.557298 0.046667
2.558686 0.046667
2.560073 0.046667
2.561461 0.048333
2.562848 0.048333
2.564236 0.048333
2.565623 0.048333
2.567010 0.050000
2.568398 0.050000
2.569785 0.050000
2.571173 0.051667
2.572560 0.051667
2.573948 0.051667
2.575335 0.053333
2.576723 0.053333
2.578110 0.053333
2.579498 0.053333
2.580885 0.053333
2.582273 0.053333
2.583660 0.053333
2.585047 0.053333
2.586435 0.053333
2.587822 0.055000
2.589210 0.055000
2.590597 0.055000
2.591985 0.055000
2.593372 0.055000
2.594760 0.055000
2.596147 0.056667
2.597535 0.056667
2.598922 0.056667
2.600310 0.056667
2.601697 0.056667
2.603085 0.056667
2.604472 0.056667
2.605859 0.056667
2.607247 0.058333
2.608634 0.058333
2.610022 0.058333
2.611409 0.058333
2.612797 0.060000
2.614184 0.060000
2.615572 0.060000
2.616959 0.060000
2.618347 0.060000
2.619734 0.061667
2.621122 0.061667
2.622509 0.061667
2.623897 0.061667
2.625284 0.063333
2.626671 0.063333
2.628059 0.063333
2.629446 0.063333
2.630834 0.063333
2.632221 0.063333
2.633609 0.063333
2.634996 0.063333
2.636384 0.063333
2.637771 0.063333
2.639159 0.063333
2.640546 0.063333
2.641934 0.063333
2.643321 0.063333
2.644708 0.063333
2.646096 0.063333
2.647483 0.063333
2.648871 0.065000
2.650258 0.065000
2.651646 0.065000
2.653033 0.065000
2.654421 0.066667
2.655808 0.066667
2.657196 0.068333
2.658583 0.068333
2.659971 0.070000
2.661358 0.070000
2.662746 0.070000
2.664133 0.070000
2.665520 0.070000
2.666908 0.070000
2.668295 0.070000
2.669683 0.070000
2.671070 0.070000
2.672458 0.070000
2.673845 0.070000
2.675233 0.070000
2.676620 0.070000
2.678008 0.070000
2.679395 0.070000
2.680783 0.071667
2.682170 0.071667
2.683557 0.073333
2.684945 0.073333
2.686332 0.073333
2.687720 0.073333
2.689107 0.073333
2.690495 0.073333
2.691882 0.073333
2.693270 0.073333
2.694657 0.073333
2.696045 0.075000
2.697432 0.075000
2.698820 0.075000
2.700207 0.075000
2.701595 0.075000
2.702982 0.075000
2.704369 0.075000
2.705757 0.075000
2.707144 0.075000
2.708532 0.075000
2.709919 0.075000
2.711307 0.075000
2.712694 0.075000
2.714082 0.075000
2.715469 0.075000
2.716857 0.075000
2.718244 0.075000
2.719632 0.075000
2.721019 0.076667
2.722406 0.076667
2.723794 0.078333
2.725181 0.078333
2.726569 0.078333
2.727956 0.078333
2.729344 0.078333
2.730731 0.078333
2.732119 0.078333
2.733506 0.078333
2.734894 0.078333
2.736281 0.078333
2.737669 0.078333
2.739056 0.078333
2.740444 0.078333
2.741831 0.078333
2.743218 0.080000
2.744606 0.081667
2.745993 0.081667
2.747381 0.081667
2.748768 0.081667
2.750156 0.081667
2.751543 0.081667
2.752931 0.081667
2.754318 0.081667
2.755706 0.081667
2.757093 0.081667
2.758481 0.081667
2.759868 0.081667
2.761255 0.081667
2.762643 0.081667
2.764030 0.081667
2.765418 0.083333
2.766805 0.083333
2.768193 0.083333
2.769580 0.083333
2.770968 0.083333
2.772355 0.083333
2.773743 0.085000
2.775130 0.085000
2.776518 0.085000
2.777905 0.085000
2.779293 0.085000
2.780680 0.085000
2.782067 0.086667
2.783455 0.086667
2.784842 0.086667
2.786230 0.086667
2.787617 0.086667
2.789005 0.086667
2.790392 0.086667
2.791780 0.086667
2.793167 0.086667
2.794555 0.086667
2.795942 0.090000
2.797330 0.090000
2.798717 0.090000
2.800105 0.090000
2.801492 0.090000
2.802879 0.091667
2.804267 0.091667
2.805654 0.091667
2.807042 0.091667
2.808429 0.091667
2.809817 0.091667
2.811204 0.091667
2.812592 0.091667
2.813979 0.095000
2.815367 0.095000
2.816754 0.095000
2.818142 0.096667
2.819529 0.096667
2.820916 0.096667
2.822304 0.096667
2.823691 0.096667
2.825079 0.096667
2.826466 0.096667
2.827854 0.096667
2.829241 0.096667
2.830629 0.096667
2.832016 0.096667
2.833404 0.096667
2.834791 0.098333
2.836179 0.098333
2.837566 0.098333
2.838954 0.098333
2.840341 0.098333
2.841728 0.098333
2.843116 0.098333
2.844503 0.100000
2.845891 0.100000
2.847278 0.100000
2.848666 0.100000
2.850053 0.100000
2.851441 0.100000
2.852828 0.100000
2.854216 0.101667
2.855603 0.101667
2.856991 0.101667
2.858378 0.101667
2.859765 0.103333
2.861153 0.105000
2.862540 0.105000
2.863928 0.105000
2.865315 0.105000
2.866703 0.106667
2.868090 0.106667
2.869478 0.108333
2.870865 0.108333
2.872253 0.110000
2.873640 0.113333
2.875028 0.113333
2.876415 0.113333
2.877803 0.113333
2.879190 0.113333
2.880577 0.116667
2.881965 0.116667
2.883352 0.116667
2.884740 0.116667
2.886127 0.116667
2.887515 0.116667
2.888902 0.116667
2.890290 0.116667
2.891677 0.116667
2.893065 0.116667
2.894452 0.116667
2.895840 0.116667
2.897227 0.116667
2.898614 0.116667
2.900002 0.116667
2.901389 0.116667
2.902777 0.116667
2.904164 0.116667
2.905552 0.116667
2.906939 0.116667
2.908327 0.118333
2.909714 0.118333
2.911102 0.118333
2.912489 0.118333
2.913877 0.118333
2.915264 0.118333
2.916652 0.118333
2.918039 0.118333
2.919426 0.120000
2.920814 0.120000
2.922201 0.121667
2.923589 0.121667
2.924976 0.121667
2.926364 0.121667
2.927751 0.121667
2.929139 0.123333
2.930526 0.123333
2.931914 0.123333
2.933301 0.125000
2.934689 0.125000
2.936076 0.126667
2.937464 0.126667
2.938851 0.126667
2.940238 0.128333
2.941626 0.128333
2.943013 0.128333
2.944401 0.128333
2.945788 0.128333
2.947176 0.130000
2.948563 0.130000
2.949951 0.131667
2.951338 0.133333
2.952726 0.133333
2.954113 0.135000
2.955501 0.135000
2.956888 0.136667
2.958275 0.136667
2.959663 0.136667
2.961050 0.136667
2.962438 0.136667
2.963825 0.138333
2.965213 0.140000
2.966600 0.140000
2.967988 0.141667
2.969375 0.141667
2.970763 0.141667
2.972150 0.141667
2.973538 0.141667
2.974925 0.141667
2.976313 0.141667
2.977700 0.141667
2.979087 0.141667
2.980475 0.143333
2.981862 0.143333
2.983250 0.145000
2.984637 0.145000
2.986025 0.145000
2.987412 0.146667
2.988800 0.146667
2.990187 0.146667
2.991575 0.148333
2.992962 0.148333
2.994350 0.148333
2.995737 0.150000
2.997124 0.150000
2.998512 0.150000
2.999899 0.151667
3.001287 0.151667
3.002674 0.151667
3.004062 0.153333
3.005449 0.155000
3.006837 0.155000
3.008224 0.155000
3.009612 0.155000
3.010999 0.155000
3.012387 0.155000
3.013774 0.155000
3.015162 0.155000
3.016549 0.156667
3.017936 0.156667
3.019324 0.156667
3.020711 0.156667
3.022099 0.156667
3.023486 0.156667
3.024874 0.158333
3.026261 0.158333
3.027649 0.158333
3.029036 0.158333
3.030424 0.158333
3.031811 0.160000
3.033199 0.160000
3.034586 0.161667
3.035973 0.161667
3.037361 0.161667
3.038748 0.163333
3.040136 0.163333
3.041523 0.165000
3.042911 0.166667
3.044298 0.166667
3.045686 0.166667
3.047073 0.166667
3.048461 0.166667
3.049848 0.166667
3.051236 0.168333
3.052623 0.168333
3.054011 0.168333
3.055398 0.168333
3.056785 0.168333
3.058173 0.168333
3.059560 0.168333
3.060948 0.170000
3.062335 0.170000
3.063723 0.170000
3.065110 0.170000
3.066498 0.170000
3.067885 0.170000
3.069273 0.171667
3.070660 0.171667
3.072048 0.173333
3.073435 0.173333
3.074822 0.173333
3.076210 0.176667
3.077597 0.176667
3.078985 0.176667
3.080372 0.176667
3.081760 0.176667
3.083147 0.176667
3.084535 0.176667
3.085922 0.176667
3.087310 0.176667
3.088697 0.178333
3.090085 0.178333
3.091472 0.178333
3.092860 0.178333
3.094247 0.178333
3.095634 0.178333
3.097022 0.181667
3.098409 0.183333
3.099797 0.185000
3.101184 0.185000
3.102572 0.185000
3.103959 0.186667
3.105347 0.186667
3.106734 0.186667
3.108122 0.186667
3.109509 0.186667
3.110897 0.186667
3.112284 0.186667
3.113672 0.188333
3.115059 0.188333
3.116446 0.188333
3.117834 0.188333
3.119221 0.190000
3.120609 0.193333
3.121996 0.193333
3.123384 0.196667
3.124771 0.198333
3.126159 0.198333
3.127546 0.200000
3.128934 0.200000
3.130321 0.200000
3.131709 0.201667
3.133096 0.201667
3.134483 0.201667
3.135871 0.201667
3.137258 0.201667
3.138646 0.201667
3.140033 0.201667
3.141421 0.201667
3.142808 0.201667
3.144196 0.203333
3.145583 0.205000
3.146971 0.205000
3.148358 0.205000
3.149746 0.205000
3.151133 0.205000
3.152521 0.205000
3.153908 0.205000
3.155295 0.205000
3.156683 0.205000
3.158070 0.205000
3.159458 0.205000
3.160845 0.205000
3.162233 0.205000
3.163620 0.205000
3.165008 0.205000
3.166395 0.205000
3.167783 0.205000
3.169170 0.205000
3.170558 0.205000
3.171945 0.205000
3.173332 0.206667
3.174720 0.206667
3.176107 0.206667
3.177495 0.206667
3.178882 0.206667
3.180270 0.206667
3.181657 0.208333
3.183045 0.208333
3.184432 0.208333
3.185820 0.208333
3.187207 0.208333
3.188595 0.210000
3.189982 0.210000
3.191370 0.210000
3.192757 0.211667
3.194144 0.213333
3.195532 0.213333
3.196919 0.215000
3.198307 0.216667
3.199694 0.218333
3.201082 0.218333
3.202469 0.218333
3.203857 0.220000
3.205244 0.220000
3.206632 0.220000
3.208019 0.220000
3.209407 0.220000
3.210794 0.221667
3.212181 0.221667
3.213569 0.221667
3.214956 0.221667
3.216344 0.223333
3.217731 0.223333
3.219119 0.223333
3.220506 0.225000
3.221894 0.225000
3.223281 0.225000
3.224669 0.225000
3.226056 0.225000
3.227444 0.225000
3.228831 0.225000
3.230219 0.225000
3.231606 0.225000
3.232993 0.225000
3.234381 0.225000
3.235768 0.225000
3.237156 0.225000
3.238543 0.225000
3.239931 0.226667
3.241318 0.226667
3.242706 0.226667
3.244093 0.226667
3.245481 0.226667
3.246868 0.226667
3.248256 0.230000
3.249643 0.230000
3.251030 0.231667
3.252418 0.235000
3.253805 0.235000
3.255193 0.236667
3.256580 0.238333
3.257968 0.240000
3.259355 0.241667
3.260743 0.241667
3.262130 0.243333
3.263518 0.248333
3.264905 0.248333
3.266293 0.248333
3.267680 0.248333
3.269068 0.250000
3.270455 0.250000
3.271842 0.251667
3.273230 0.253333
3.274617 0.253333
3.276005 0.253333
3.277392 0.255000
3.278780 0.256667
3.280167 0.256667
3.281555 0.256667
3.282942 0.256667
3.284330 0.256667
3.285717 0.256667
3.287105 0.256667
3.288492 0.256667
3.289880 0.256667
3.291267 0.256667
3.292654 0.256667
3.294042 0.256667
3.295429 0.256667
3.296817 0.258333
3.298204 0.258333
3.299592 0.258333
3.300979 0.258333
3.302367 0.258333
3.303754 0.258333
3.305142 0.258333
3.306529 0.261667
3.307917 0.265000
3.309304 0.265000
3.310691 0.265000
3.312079 0.265000
3.313466 0.265000
3.314854 0.265000
3.316241 0.265000
3.317629 0.265000
3.319016 0.266667
3.320404 0.268333
3.321791 0.270000
3.323179 0.270000
3.324566 0.270000
3.325954 0.270000
3.327341 0.271667
3.328729 0.271667
3.330116 0.271667
3.331503 0.271667
3.332891 0.273333
3.334278 0.273333
3.335666 0.273333
3.337053 0.273333
3.338441 0.276667
3.339828 0.276667
3.341216 0.276667
3.342603 0.276667
3.343991 0.276667
3.345378 0.276667
3.346766 0.276667
3.348153 0.278333
3.349540 0.278333
3.350928 0.278333
3.352315 0.278333
3.353703 0.278333
3.355090 0.280000
3.356478 0.280000
3.357865 0.280000
3.359253 0.280000
3.360640 0.280000
3.362028 0.280000
3.363415 0.280000
3.364803 0.280000
3.366190 0.281667
3.367578 0.283333
3.368965 0.283333
3.370352 0.285000
3.371740 0.285000
3.373127 0.285000
3.374515 0.285000
3.375902 0.285000
3.377290 0.285000
3.378677 0.285000
3.380065 0.285000
3.381452 0.286667
3.382840 0.286667
3.384227 0.286667
3.385615 0.286667
3.387002 0.286667
3.388389 0.286667
3.389777 0.288333
3.391164 0.288333
3.392552 0.288333
3.393939 0.288333
3.395327 0.288333
3.396714 0.290000
3.398102 0.290000
3.399489 0.290000
3.400877 0.290000
3.402264 0.290000
3.403652 0.290000
3.405039 0.290000
3.406427 0.290000
3.407814 0.290000
3.409201 0.290000
3.410589 0.291667
3.411976 0.293333
3.413364 0.293333
3.414751 0.293333
3.416139 0.293333
3.417526 0.293333
3.418914 0.295000
3.420301 0.295000
3.421689 0.295000
3.423076 0.296667
3.424464 0.296667
3.425851 0.296667
3.427239 0.296667
3.428626 0.296667
3.430013 0.296667
3.431401 0.296667
3.432788 0.296667
3.434176 0.296667
3.435563 0.296667
3.436951 0.296667
3.438338 0.298333
3.439726 0.298333
3.441113 0.298333
3.442501 0.298333
3.443888 0.298333
3.445276 0.298333
3.446663 0.298333
3.448050 0.298333
3.449438 0.298333
3.450825 0.298333
3.452213 0.298333
3.453600 0.300000
3.454988 0.300000
3.456375 0.301667
3.457763 0.301667
3.459150 0.303333
3.460538 0.303333
3.461925 0.303333
3.463313 0.306667
3.464700 0.306667
3.466088 0.306667
3.467475 0.306667
3.468862 0.306667
3.470250 0.306667
3.471637 0.306667
3.473025 0.306667
3.474412 0.306667
3.475800 0.306667
3.477187 0.306667
3.478575 0.308333
3.479962 0.310000
3.481350 0.311667
3.482737 0.311667
3.484125 0.311667
3.485512 0.313333
3.486899 0.313333
3.488287 0.313333
3.489674 0.315000
3.491062 0.316667
3.492449 0.316667
3.493837 0.316667
3.495224 0.318333
3.496612 0.318333
3.497999 0.318333
3.499387 0.318333
3.500774 0.318333
3.502162 0.318333
3.503549 0.320000
3.504937 0.320000
3.506324 0.320000
3.507711 0.320000
3.509099 0.321667
3.510486 0.321667
3.511874 0.323333
3.513261 0.325000
3.514649 0.325000
3.516036 0.325000
3.517424 0.325000
3.518811 0.325000
3.520199 0.325000
3.521586 0.328333
3.522974 0.328333
3.524361 0.328333
3.525748 0.330000
3.527136 0.330000
3.528523 0.330000
3.529911 0.330000
3.531298 0.330000
3.532686 0.330000
3.534073 0.330000
3.535461 0.330000
3.536848 0.330000
3.538236 0.333333
3.539623 0.333333
3.541011 0.333333
3.542398 0.333333
3.543786 0.333333
3.545173 0.333333
3.546560 0.333333
3.547948 0.335000
3.549335 0.335000
3.550723 0.335000
3.552110 0.335000
3.553498 0.335000
3.554885 0.336667
3.556273 0.338333
3.557660 0.340000
3.559048 0.340000
3.560435 0.340000
3.561823 0.341667
3.563210 0.345000
3.564597 0.346667
3.565985 0.346667
3.567372 0.348333
3.568760 0.348333
3.570147 0.350000
3.571535 0.351667
3.572922 0.351667
3.574310 0.355000
3.575697 0.356667
3.577085 0.356667
3.578472 0.356667
3.579860 0.358333
3.581247 0.358333
3.582635 0.358333
3.584022 0.358333
3.585409 0.358333
3.586797 0.361667
3.588184 0.361667
3.589572 0.361667
3.590959 0.361667
3.592347 0.361667
3.593734 0.361667
3.595122 0.365000
3.596509 0.365000
3.597897 0.366667
3.599284 0.366667
3.600672 0.366667
3.602059 0.366667
3.603447 0.368333
3.604834 0.368333
3.606221 0.368333
3.607609 0.368333
3.608996 0.368333
3.610384 0.368333
3.611771 0.368333
3.613159 0.368333
3.614546 0.368333
3.615934 0.368333
3.617321 0.368333
3.618709 0.370000
3.620096 0.373333
3.621484 0.373333
3.622871 0.373333
3.624258 0.375000
3.625646 0.376667
3.627033 0.376667
3.628421 0.378333
3.629808 0.380000
3.631196 0.380000
3.632583 0.380000
3.633971 0.380000
3.635358 0.380000
3.636746 0.381667
3.638133 0.383333
3.639521 0.385000
3.640908 0.385000
3.642296 0.385000
3.643683 0.385000
3.645070 0.386667
3.646458 0.386667
3.647845 0.388333
3.649233 0.388333
3.650620 0.388333
3.652008 0.388333
3.653395 0.390000
3.654783 0.390000
3.656170 0.390000
3.657558 0.390000
3.658945 0.390000
3.660333 0.390000
3.661720 0.390000
3.663107 0.390000
3.664495 0.390000
3.665882 0.391667
3.667270 0.393333
3.668657 0.393333
3.670045 0.393333
3.671432 0.393333
3.672820 0.393333
3.674207 0.393333
3.675595 0.393333
3.676982 0.393333
3.678370 0.393333
3.679757 0.395000
3.681145 0.395000
3.682532 0.395000
3.683919 0.395000
3.685307 0.395000
3.686694 0.395000
3.688082 0.396667
3.689469 0.398333
3.690857 0.398333
3.692244 0.398333
3.693632 0.398333
3.695019 0.400000
3.696407 0.400000
3.697794 0.400000
3.699182 0.401667
3.700569 0.401667
3.701956 0.401667
3.703344 0.401667
3.704731 0.401667
3.706119 0.403333
3.707506 0.403333
3.708894 0.403333
3.710281 0.403333
3.711669 0.405000
3.713056 0.406667
3.714444 0.406667
3.715831 0.406667
3.717219 0.406667
3.718606 0.408333
3.719994 0.408333
3.721381 0.408333
3.722768 0.410000
3.724156 0.411667
3.725543 0.411667
3.726931 0.411667
3.728318 0.411667
3.729706 0.411667
3.731093 0.411667
3.732481 0.411667
3.733868 0.411667
3.735256 0.411667
3.736643 0.411667
3.738031 0.411667
3.739418 0.411667
3.740806 0.411667
3.742193 0.411667
3.743580 0.411667
3.744968 0.411667
3.746355 0.413333
3.747743 0.413333
3.749130 0.413333
3.750518 0.413333
3.751905 0.413333
3.753293 0.415000
3.754680 0.416667
3.756068 0.418333
3.757455 0.418333
3.758843 0.418333
3.760230 0.418333
3.761617 0.418333
3.763005 0.418333
3.764392 0.418333
3.765780 0.418333
3.767167 0.418333
3.768555 0.418333
3.769942 0.420000
3.771330 0.421667
3.772717 0.421667
3.774105 0.421667
3.775492 0.421667
3.776880 0.421667
3.778267 0.421667
3.779655 0.425000
3.781042 0.425000
3.782429 0.425000
3.783817 0.425000
3.785204 0.425000
3.786592 0.425000
3.787979 0.425000
3.789367 0.426667
3.790754 0.426667
3.792142 0.428333
3.793529 0.428333
3.794917 0.428333
3.796304 0.428333
3.797692 0.428333
3.799079 0.433333
3.800466 0.433333
3.801854 0.433333
3.803241 0.433333
3.804629 0.433333
3.806016 0.435000
3.807404 0.435000
3.808791 0.435000
3.810179 0.435000
3.811566 0.435000
3.812954 0.436667
3.814341 0.438333
3.815729 0.438333
3.817116 0.441667
3.818504 0.441667
3.819891 0.441667
3.821278 0.443333
3.822666 0.443333
3.824053 0.443333
3.825441 0.445000
3.826828 0.445000
3.828216 0.445000
3.829603 0.446667
3.830991 0.446667
3.832378 0.446667
3.833766 0.446667
3.835153 0.446667
3.836541 0.446667
3.837928 0.446667
3.839315 0.446667
3.840703 0.446667
3.842090 0.446667
3.843478 0.446667
3.844865 0.446667
3.846253 0.446667
3.847640 0.446667
3.849028 0.446667
3.850415 0.450000
3.851803 0.450000
3.853190 0.450000
3.854578 0.450000
3.855965 0.451667
3.857353 0.451667
3.858740 0.453333
3.860127 0.455000
3.861515 0.455000
3.862902 0.456667
3.864290 0.456667
3.865677 0.458333
3.867065 0.458333
3.868452 0.460000
3.869840 0.460000
3.871227 0.461667
3.872615 0.461667
3.874002 0.461667
3.875390 0.463333
3.876777 0.463333
3.878164 0.463333
3.879552 0.463333
3.880939 0.463333
3.882327 0.463333
3.883714 0.465000
3.885102 0.465000
3.886489 0.465000
3.887877 0.465000
3.889264 0.466667
3.890652 0.466667
3.892039 0.466667
3.893427 0.466667
3.894814 0.468333
3.896202 0.468333
3.897589 0.470000
3.898976 0.470000
3.900364 0.470000
3.901751 0.470000
3.903139 0.470000
3.904526 0.471667
3.905914 0.471667
3.907301 0.471667
3.908689 0.471667
3.910076 0.473333
3.911464 0.473333
3.912851 0.473333
3.914239 0.476667
3.915626 0.478333
3.917014 0.478333
3.918401 0.480000
3.919788 0.483333
3.921176 0.483333
3.922563 0.485000
3.923951 0.485000
3.925338 0.485000
3.926726 0.485000
3.928113 0.486667
3.929501 0.486667
3.930888 0.486667
3.932276 0.486667
3.933663 0.486667
3.935051 0.486667
3.936438 0.486667
3.937825 0.486667
3.939213 0.486667
3.940600 0.486667
3.941988 0.486667
3.943375 0.486667
3.944763 0.486667
3.946150 0.486667
3.947538 0.486667
3.948925 0.486667
3.950313 0.486667
3.951700 0.486667
3.953088 0.486667
3.954475 0.488333
3.955863 0.488333
3.957250 0.488333
3.958637 0.490000
3.960025 0.490000
3.961412 0.490000
3.962800 0.490000
3.964187 0.490000
3.965575 0.491667
3.966962 0.493333
3.968350 0.493333
3.969737 0.495000
3.971125 0.496667
3.972512 0.500000
3.973900 0.500000
3.975287 0.500000
3.976674 0.501667
3.978062 0.501667
3.979449 0.501667
3.980837 0.501667
3.982224 0.501667
3.983612 0.501667
3.984999 0.501667
3.986387 0.501667
3.987774 0.501667
3.989162 0.501667
3.990549 0.503333
3.991937 0.505000
3.993324 0.505000
3.994712 0.505000
3.996099 0.505000
3.997486 0.505000
3.998874 0.505000
4.000261 0.505000
4.001649 0.506667
4.003036 0.506667
4.004424 0.510000
4.005811 0.510000
4.007199 0.511667
4.008586 0.511667
4.009974 0.513333
4.011361 0.515000
4.012749 0.515000
4.014136 0.515000
4.015523 0.515000
4.016911 0.515000
4.018298 0.515000
4.019686 0.516667
4.021073 0.516667
4.022461 0.516667
4.023848 0.518333
4.025236 0.518333
4.026623 0.520000
4.028011 0.520000
4.029398 0.520000
4.030786 0.520000
4.032173 0.520000
4.033561 0.520000
4.034948 0.520000
4.036335 0.520000
4.037723 0.520000
4.039110 0.520000
4.040498 0.520000
4.041885 0.520000
4.043273 0.520000
4.044660 0.520000
4.046048 0.520000
4.047435 0.520000
4.048823 0.520000
4.050210 0.520000
4.051598 0.520000
4.052985 0.521667
4.054372 0.521667
4.055760 0.521667
4.057147 0.525000
4.058535 0.526667
4.059922 0.526667
4.061310 0.526667
4.062697 0.526667
4.064085 0.526667
4.065472 0.526667
4.066860 0.526667
4.068247 0.528333
4.069635 0.528333
4.071022 0.530000
4.072410 0.530000
4.073797 0.531667
4.075184 0.531667
4.076572 0.533333
4.077959 0.535000
4.079347 0.535000
4.080734 0.536667
4.082122 0.536667
4.083509 0.536667
4.084897 0.536667
4.086284 0.538333
4.087672 0.538333
4.089059 0.540000
4.090447 0.543333
4.091834 0.545000
4.093222 0.545000
4.094609 0.545000
4.095996 0.545000
4.097384 0.545000
4.098771 0.546667
4.100159 0.546667
4.101546 0.546667
4.102934 0.546667
4.104321 0.546667
4.105709 0.546667
4.107096 0.546667
4.108484 0.546667
4.109871 0.546667
4.111259 0.548333
4.112646 0.548333
4.114033 0.548333
4.115421 0.548333
4.116808 0.548333
4.118196 0.548333
4.119583 0.548333
4.120971 0.550000
4.122358 0.551667
4.123746 0.551667
4.125133 0.551667
4.126521 0.553333
4.127908 0.553333
4.129296 0.553333
4.130683 0.553333
4.132071 0.553333
4.133458 0.553333
4.134845 0.553333
4.136233 0.553333
4.137620 0.555000
4.139008 0.556667
4.140395 0.556667
4.141783 0.558333
4.143170 0.558333
4.144558 0.558333
4.145945 0.558333
4.147333 0.558333
4.148720 0.558333
4.150108 0.558333
4.151495 0.558333
4.152882 0.558333
4.154270 0.558333
4.155657 0.560000
4.157045 0.560000
4.158432 0.561667
4.159820 0.561667
4.161207 0.561667
4.162595 0.561667
4.163982 0.561667
4.165370 0.561667
4.166757 0.561667
4.168145 0.561667
4.169532 0.561667
4.170920 0.561667
4.172307 0.561667
4.173694 0.563333
4.175082 0.563333
4.176469 0.563333
4.177857 0.563333
4.179244 0.565000
4.180632 0.565000
4.182019 0.565000
4.183407 0.566667
4.184794 0.566667
4.186182 0.568333
4.187569 0.568333
4.188957 0.568333
4.190344 0.568333
4.191731 0.568333
4.193119 0.568333
4.194506 0.568333
4.195894 0.568333
4.197281 0.568333
4.198669 0.568333
4.200056 0.568333
4.201444 0.568333
4.202831 0.568333
4.204219 0.568333
4.205606 0.568333
4.206994 0.568333
4.208381 0.568333
4.209769 0.568333
4.211156 0.568333
4.212543 0.568333
4.213931 0.570000
4.215318 0.570000
4.216706 0.570000
4.218093 0.570000
4.219481 0.570000
4.220868 0.570000
4.222256 0.570000
4.223643 0.570000
4.225031 0.570000
4.226418 0.570000
4.227806 0.570000
4.229193 0.570000
4.230581 0.570000
4.231968 0.570000
4.233355 0.570000
4.234743 0.571667
4.236130 0.571667
4.237518 0.571667
4.238905 0.571667
4.240293 0.571667
4.241680 0.571667
4.243068 0.571667
4.244455 0.571667
4.245843 0.571667
4.247230 0.571667
4.248618 0.571667
4.250005 0.571667
4.251392 0.571667
4.252780 0.571667
4.254167 0.571667
4.255555 0.571667
4.256942 0.571667
4.258330 0.573333
4.259717 0.573333
4.261105 0.575000
4.262492 0.575000
4.263880 0.575000
4.265267 0.575000
4.266655 0.575000
4.268042 0.575000
4.269430 0.575000
4.270817 0.575000
4.272204 0.575000
4.273592 0.575000
4.274979 0.576667
4.276367 0.576667
4.277754 0.578333
4.279142 0.578333
4.280529 0.578333
4.281917 0.578333
4.283304 0.578333
4.284692 0.580000
4.286079 0.580000
4.287467 0.581667
4.288854 0.581667
4.290241 0.581667
4.291629 0.581667
4.293016 0.585000
4.294404 0.585000
4.295791 0.585000
4.297179 0.585000
4.298566 0.585000
4.299954 0.585000
4.301341 0.586667
4.302729 0.588333
4.304116 0.590000
4.305504 0.590000
4.306891 0.590000
4.308279 0.590000
4.309666 0.590000
4.311053 0.591667
4.312441 0.591667
4.313828 0.593333
4.315216 0.593333
4.316603 0.593333
4.317991 0.595000
4.319378 0.595000
4.320766 0.596667
4.322153 0.598333
4.323541 0.598333
4.324928 0.598333
4.326316 0.600000
4.327703 0.601667
4.329090 0.601667
4.330478 0.601667
4.331865 0.601667
4.333253 0.601667
4.334640 0.601667
4.336028 0.601667
4.337415 0.601667
4.338803 0.601667
4.340190 0.603333
4.341578 0.603333
4.342965 0.603333
4.344353 0.603333
4.345740 0.605000
4.347128 0.605000
4.348515 0.605000
4.349902 0.605000
4.351290 0.605000
4.352677 0.605000
4.354065 0.605000
4.355452 0.605000
4.356840 0.606667
4.358227 0.606667
4.359615 0.606667
4.361002 0.606667
4.362390 0.606667
4.363777 0.606667
4.365165 0.606667
4.366552 0.606667
4.367939 0.606667
4.369327 0.606667
4.370714 0.606667
4.372102 0.606667
4.373489 0.608333
4.374877 0.608333
4.376264 0.610000
4.377652 0.610000
4.379039 0.610000
4.380427 0.610000
4.381814 0.610000
4.383202 0.610000
4.384589 0.610000
4.385977 0.611667
4.387364 0.611667
4.388751 0.613333
4.390139 0.613333
4.391526 0.613333
4.392914 0.613333
4.394301 0.613333
4.395689 0.613333
4.397076 0.613333
4.398464 0.613333
4.399851 0.613333
4.401239 0.615000
4.402626 0.615000
4.404014 0.616667
4.405401 0.616667
4.406789 0.618333
4.408176 0.618333
4.409563 0.620000
4.410951 0.620000
4.412338 0.620000
4.413726 0.620000
4.415113 0.620000
4.416501 0.620000
4.417888 0.621667
4.419276 0.621667
4.420663 0.621667
4.422051 0.623333
4.423438 0.623333
4.424826 0.623333
4.426213 0.623333
4.427600 0.623333
4.428988 0.623333
4.430375 0.623333
4.431763 0.623333
4.433150 0.623333
4.434538 0.625000
4.435925 0.626667
4.437313 0.626667
4.438700 0.630000
4.440088 0.631667
4.441475 0.633333
4.442863 0.633333
4.444250 0.633333
4.445638 0.633333
4.447025 0.633333
4.448412 0.633333
4.449800 0.635000
4.451187 0.635000
4.452575 0.635000
4.453962 0.635000
4.455350 0.635000
4.456737 0.635000
4.458125 0.635000
4.459512 0.636667
4.460900 0.636667
4.462287 0.636667
4.463675 0.636667
4.465062 0.638333
4.466449 0.638333
4.467837 0.640000
4.469224 0.640000
4.470612 0.640000
4.471999 0.640000
4.473387 0.641667
4.474774 0.641667
4.476162 0.641667
4.477549 0.641667
4.478937 0.641667
4.480324 0.641667
4.481712 0.645000
4.483099 0.645000
4.484487 0.646667
4.485874 0.648333
4.487261 0.648333
4.488649 0.650000
4.490036 0.650000
4.491424 0.651667
4.492811 0.651667
4.494199 0.651667
4.495586 0.651667
4.496974 0.651667
4.498361 0.651667
4.499749 0.651667
4.501136 0.651667
4.502524 0.651667
4.503911 0.651667
4.505298 0.651667
4.506686 0.651667
4.508073 0.651667
4.509461 0.653333
4.510848 0.653333
4.512236 0.655000
4.513623 0.655000
4.515011 0.655000
4.516398 0.655000
4.517786 0.655000
4.519173 0.655000
4.520561 0.655000
4.521948 0.655000
4.523336 0.655000
4.524723 0.655000
4.526110 0.655000
4.527498 0.656667
4.528885 0.656667
4.530273 0.661667
4.531660 0.661667
4.533048 0.661667
4.534435 0.661667
4.535823 0.661667
4.537210 0.661667
4.538598 0.661667
4.539985 0.661667
4.541373 0.661667
4.542760 0.661667
4.544148 0.661667
4.545535 0.661667
4.546922 0.661667
4.548310 0.661667
4.549697 0.661667
4.551085 0.661667
4.552472 0.661667
4.553860 0.661667
4.555247 0.663333
4.556635 0.663333
4.558022 0.663333
4.559410 0.663333
4.560797 0.663333
4.562185 0.663333
4.563572 0.663333
4.564959 0.663333
4.566347 0.663333
4.567734 0.665000
4.569122 0.665000
4.570509 0.665000
4.571897 0.665000
4.573284 0.665000
4.574672 0.665000
4.576059 0.665000
4.577447 0.666667
4.578834 0.666667
4.580222 0.666667
4.581609 0.666667
4.582997 0.666667
4.584384 0.666667
4.585771 0.666667
4.587159 0.666667
4.588546 0.666667
4.589934 0.666667
4.591321 0.668333
4.592709 0.668333
4.594096 0.668333
4.595484 0.670000
4.596871 0.670000
4.598259 0.670000
4.599646 0.670000
4.601034 0.671667
4.602421 0.671667
4.603808 0.671667
4.605196 0.673333
4.606583 0.673333
4.607971 0.673333
4.609358 0.673333
4.610746 0.673333
4.612133 0.673333
4.613521 0.673333
4.614908 0.675000
4.616296 0.675000
4.617683 0.675000
4.619071 0.675000
4.620458 0.675000
4.621846 0.675000
4.623233 0.676667
4.624620 0.678333
4.626008 0.678333
4.627395 0.678333
4.628783 0.678333
4.630170 0.680000
4.631558 0.680000
4.632945 0.681667
4.634333 0.681667
4.635720 0.681667
4.637108 0.681667
4.638495 0.681667
4.639883 0.681667
4.641270 0.681667
4.642657 0.681667
4.644045 0.681667
4.645432 0.681667
4.646820 0.681667
4.648207 0.681667
4.649595 0.683333
4.650982 0.683333
4.652370 0.683333
4.653757 0.683333
4.655145 0.683333
4.656532 0.685000
4.657920 0.685000
4.659307 0.685000
4.660695 0.685000
4.662082 0.685000
4.663469 0.685000
4.664857 0.685000
4.666244 0.685000
4.667632 0.685000
4.669019 0.685000
4.670407 0.685000
4.671794 0.685000
4.673182 0.685000
4.674569 0.685000
4.675957 0.685000
4.677344 0.685000
4.678732 0.685000
4.680119 0.685000
4.681506 0.685000
4.682894 0.685000
4.684281 0.685000
4.685669 0.685000
4.687056 0.685000
4.688444 0.685000
4.689831 0.685000
4.691219 0.685000
4.692606 0.685000
4.693994 0.686667
4.695381 0.686667
4.696769 0.688333
4.698156 0.688333
4.699544 0.688333
4.700931 0.688333
4.702318 0.688333
4.703706 0.688333
4.705093 0.690000
4.706481 0.693333
4.707868 0.693333
4.709256 0.693333
4.710643 0.693333
4.712031 0.693333
4.713418 0.695000
4.714806 0.695000
4.716193 0.695000
4.717581 0.696667
4.718968 0.696667
4.720356 0.696667
4.721743 0.698333
4.723130 0.698333
4.724518 0.698333
4.725905 0.698333
4.727293 0.700000
4.728680 0.700000
4.730068 0.700000
4.731455 0.700000
4.732843 0.700000
4.734230 0.700000
4.735618 0.700000
4.737005 0.701667
4.738393 0.701667
4.739780 0.701667
4.741167 0.705000
4.742555 0.706667
4.743942 0.706667
4.745330 0.706667
4.746717 0.706667
4.748105 0.706667
4.749492 0.706667
4.750880 0.706667
4.752267 0.706667
4.753655 0.706667
4.755042 0.706667
4.756430 0.706667
4.757817 0.706667
4.759205 0.706667
4.760592 0.708333
4.761979 0.708333
4.763367 0.708333
4.764754 0.711667
4.766142 0.711667
4.767529 0.711667
4.768917 0.711667
4.770304 0.711667
4.771692 0.711667
4.773079 0.711667
4.774467 0.711667
4.775854 0.711667
4.777242 0.711667
4.778629 0.711667
4.780016 0.711667
4.781404 0.711667
4.782791 0.713333
4.784179 0.713333
4.785566 0.715000
4.786954 0.715000
4.788341 0.715000
4.789729 0.715000
4.791116 0.715000
4.792504 0.715000
4.793891 0.715000
4.795279 0.716667
4.796666 0.716667
4.798054 0.718333
4.799441 0.718333
4.800828 0.718333
4.802216 0.718333
4.803603 0.718333
4.804991 0.720000
4.806378 0.720000
4.807766 0.720000
4.809153 0.720000
4.810541 0.720000
4.811928 0.720000
4.813316 0.721667
4.814703 0.725000
4.816091 0.725000
4.817478 0.725000
4.818865 0.725000
4.820253 0.725000
4.821640 0.725000
4.823028 0.725000
4.824415 0.725000
4.825803 0.725000
4.827190 0.725000
4.828578 0.725000
4.829965 0.725000
4.831353 0.725000
4.832740 0.725000
4.834128 0.726667
4.835515 0.726667
4.836903 0.726667
4.838290 0.726667
4.839677 0.728333
4.841065 0.728333
4.842452 0.730000
4.843840 0.731667
4.845227 0.731667
4.846615 0.731667
4.848002 0.731667
4.849390 0.731667
4.850777 0.731667
4.852165 0.731667
4.853552 0.731667
4.854940 0.731667
4.856327 0.731667
4.857714 0.731667
4.859102 0.731667
4.860489 0.731667
4.861877 0.731667
4.863264 0.731667
4.864652 0.731667
4.866039 0.731667
4.867427 0.733333
4.868814 0.733333
4.870202 0.733333
4.871589 0.733333
4.872977 0.733333
4.874364 0.733333
4.875752 0.733333
4.877139 0.733333
4.878526 0.733333
4.879914 0.735000
4.881301 0.735000
4.882689 0.735000
4.884076 0.735000
4.885464 0.735000
4.886851 0.735000
4.888239 0.736667
4.889626 0.736667
4.891014 0.736667
4.892401 0.736667
4.893789 0.740000
4.895176 0.741667
4.896564 0.741667
4.897951 0.741667
4.899338 0.741667
4.900726 0.743333
4.902113 0.743333
4.903501 0.743333
4.904888 0.743333
4.906276 0.743333
4.907663 0.743333
4.909051 0.743333
4.910438 0.743333
4.911826 0.743333
4.913213 0.743333
4.914601 0.743333
4.915988 0.743333
4.917375 0.743333
4.918763 0.743333
4.920150 0.743333
4.921538 0.743333
4.922925 0.743333
4.924313 0.743333
4.925700 0.745000
4.927088 0.745000
4.928475 0.745000
4.929863 0.746667
4.931250 0.746667
4.932638 0.746667
4.934025 0.746667
4.935413 0.748333
4.936800 0.748333
4.938187 0.750000
4.939575 0.750000
4.940962 0.750000
4.942350 0.751667
4.943737 0.751667
4.945125 0.751667
4.946512 0.751667
4.947900 0.753333
4.949287 0.753333
4.950675 0.753333
4.952062 0.753333
4.953450 0.755000
4.954837 0.756667
4.956224 0.756667
4.957612 0.756667
4.958999 0.758333
4.960387 0.760000
4.961774 0.760000
4.963162 0.760000
4.964549 0.760000
4.965937 0.760000
4.967324 0.760000
4.968712 0.760000
4.970099 0.760000
4.971487 0.760000
4.972874 0.760000
4.974262 0.760000
4.975649 0.761667
4.977036 0.761667
4.978424 0.761667
4.979811 0.761667
4.981199 0.761667
4.982586 0.761667
4.983974 0.761667
4.985361 0.761667
4.986749 0.761667
4.988136 0.761667
4.989524 0.761667
4.990911 0.761667
4.992299 0.761667
4.993686 0.763333
4.995073 0.763333
4.996461 0.763333
4.997848 0.763333
4.999236 0.763333
5.000623 0.763333
5.002011 0.763333
5.003398 0.763333
5.004786 0.763333
5.006173 0.763333
5.007561 0.763333
5.008948 0.765000
5.010336 0.765000
5.011723 0.765000
5.013111 0.765000
5.014498 0.765000
5.015885 0.765000
5.017273 0.765000
5.018660 0.765000
5.020048 0.765000
5.021435 0.768333
5.022823 0.768333
5.024210 0.770000
5.025598 0.770000
5.026985 0.770000
5.028373 0.770000
5.029760 0.770000
5.031148 0.770000
5.032535 0.770000
5.033923 0.770000
5.035310 0.770000
5.036697 0.770000
5.038085 0.770000
5.039472 0.770000
5.040860 0.770000
5.042247 0.770000
5.043635 0.770000
5.045022 0.770000
5.046410 0.770000
5.047797 0.771667
5.049185 0.773333
5.050572 0.773333
5.051960 0.773333
5.053347 0.775000
5.054734 0.775000
5.056122 0.775000
5.057509 0.775000
5.058897 0.776667
5.060284 0.776667
5.061672 0.776667
5.063059 0.776667
5.064447 0.776667
5.065834 0.776667
5.067222 0.776667
5.068609 0.776667
5.069997 0.776667
5.071384 0.776667
5.072772 0.776667
5.074159 0.776667
5.075546 0.778333
5.076934 0.780000
5.078321 0.780000
5.079709 0.780000
5.081096 0.780000
5.082484 0.780000
5.083871 0.780000
5.085259 0.780000
5.086646 0.780000
5.088034 0.780000
5.089421 0.780000
5.090809 0.780000
5.092196 0.780000
5.093583 0.780000
5.094971 0.780000
5.096358 0.780000
5.097746 0.780000
5.099133 0.780000
5.100521 0.780000
5.101908 0.780000
5.103296 0.780000
5.104683 0.780000
5.106071 0.780000
5.107458 0.781667
5.108846 0.781667
5.110233 0.781667
5.111621 0.781667
5.113008 0.781667
5.114395 0.781667
5.115783 0.781667
5.117170 0.781667
5.118558 0.781667
5.119945 0.781667
5.121333 0.785000
5.122720 0.785000
5.124108 0.786667
5.125495 0.786667
5.126883 0.786667
5.128270 0.786667
5.129658 0.786667
5.131045 0.786667
5.132432 0.786667
5.133820 0.788333
5.135207 0.788333
5.136595 0.788333
5.137982 0.788333
5.139370 0.788333
5.140757 0.788333
5.142145 0.788333
5.143532 0.788333
5.144920 0.788333
5.146307 0.788333
5.147695 0.790000
5.149082 0.790000
5.150470 0.790000
5.151857 0.790000
5.153244 0.790000
5.154632 0.790000
5.156019 0.790000
5.157407 0.790000
5.158794 0.790000
5.160182 0.790000
5.161569 0.790000
5.162957 0.790000
5.164344 0.790000
5.165732 0.790000
5.167119 0.790000
5.168507 0.790000
5.169894 0.790000
5.171281 0.790000
5.172669 0.790000
5.174056 0.790000
5.175444 0.790000
5.176831 0.791667
5.178219 0.791667
5.179606 0.791667
5.180994 0.793333
5.182381 0.793333
5.183769 0.793333
5.185156 0.793333
5.186544 0.793333
5.187931 0.793333
5.189319 0.793333
5.190706 0.793333
5.192093 0.793333
5.193481 0.793333
5.194868 0.793333
5.196256 0.793333
5.197643 0.793333
5.199031 0.795000
5.200418 0.796667
5.201806 0.796667
5.203193 0.796667
5.204581 0.798333
5.205968 0.800000
5.207356 0.801667
5.208743 0.801667
5.210131 0.803333
5.211518 0.803333
5.212905 0.805000
5.214293 0.805000
5.215680 0.805000
5.217068 0.805000
5.218455 0.805000
5.219843 0.805000
5.221230 0.805000
5.222618 0.805000
5.224005 0.805000
5.225393 0.806667
5.226780 0.806667
5.228168 0.806667
5.229555 0.806667
5.230942 0.806667
5.232330 0.806667
5.233717 0.806667
5.235105 0.806667
5.236492 0.806667
5.237880 0.808333
5.239267 0.808333
5.240655 0.808333
5.242042 0.808333
5.243430 0.808333
5.244817 0.808333
5.246205 0.808333
5.247592 0.808333
5.248980 0.808333
5.250367 0.808333
5.251754 0.810000
5.253142 0.810000
5.254529 0.810000
5.255917 0.810000
5.257304 0.810000
5.258692 0.810000
5.260079 0.810000
5.261467 0.810000
5.262854 0.810000
5.264242 0.810000
5.265629 0.810000
5.267017 0.810000
5.268404 0.811667
5.269791 0.811667
5.271179 0.813333
5.272566 0.813333
5.273954 0.813333
5.275341 0.813333
5.276729 0.813333
5.278116 0.813333
5.279504 0.813333
5.280891 0.813333
5.282279 0.813333
5.283666 0.813333
5.285054 0.813333
5.286441 0.813333
5.287829 0.813333
5.289216 0.813333
5.290603 0.813333
5.291991 0.813333
5.293378 0.813333
5.294766 0.815000
5.296153 0.815000
5.297541 0.816667
5.298928 0.816667
5.300316 0.816667
5.301703 0.816667
5.303091 0.816667
5.304478 0.816667
5.305866 0.816667
5.307253 0.816667
5.308640 0.816667
5.310028 0.816667
5.311415 0.816667
5.312803 0.816667
5.314190 0.818333
5.315578 0.818333
5.316965 0.820000
5.318353 0.821667
5.319740 0.821667
5.321128 0.821667
5.322515 0.821667
5.323903 0.821667
5.325290 0.821667
5.326678 0.821667
5.328065 0.821667
5.329452 0.821667
5.330840 0.821667
5.332227 0.821667
5.333615 0.821667
5.335002 0.821667
5.336390 0.821667
5.337777 0.821667
5.339165 0.821667
5.340552 0.821667
5.341940 0.821667
5.343327 0.821667
5.344715 0.821667
5.346102 0.821667
5.347490 0.821667
5.348877 0.821667
5.350264 0.821667
5.351652 0.821667
5.353039 0.821667
5.354427 0.821667
5.355814 0.821667
5.357202 0.821667
5.358589 0.821667
5.359977 0.821667
5.361364 0.823333
5.362752 0.823333
5.364139 0.825000
5.365527 0.825000
5.366914 0.825000
5.368301 0.825000
5.369689 0.825000
5.371076 0.825000
5.372464 0.825000
5.373851 0.825000
5.375239 0.825000
5.376626 0.825000
5.378014 0.825000
5.379401 0.825000
5.380789 0.825000
5.382176 0.825000
5.383564 0.825000
5.384951 0.825000
5.386339 0.825000
5.387726 0.825000
5.389113 0.826667
5.390501 0.828333
5.391888 0.828333
5.393276 0.828333
5.394663 0.828333
5.396051 0.828333
5.397438 0.828333
5.398826 0.830000
5.400213 0.830000
5.401601 0.831667
5.402988 0.831667
5.404376 0.835000
5.405763 0.835000
5.407150 0.835000
5.408538 0.835000
5.409925 0.835000
5.411313 0.835000
5.412700 0.835000
5.414088 0.835000
5.415475 0.835000
5.416863 0.835000
5.418250 0.835000
5.419638 0.835000
5.421025 0.835000
5.422413 0.836667
5.423800 0.836667
5.425188 0.836667
5.426575 0.836667
5.427962 0.840000
5.429350 0.840000
5.430737 0.840000
5.432125 0.840000
5.433512 0.840000
5.434900 0.840000
5.436287 0.840000
5.437675 0.840000
5.439062 0.840000
5.440450 0.840000
5.441837 0.841667
5.443225 0.841667
5.444612 0.841667
5.445999 0.841667
5.447387 0.841667
5.448774 0.841667
5.450162 0.843333
5.451549 0.843333
5.452937 0.843333
5.454324 0.843333
5.455712 0.843333
5.457099 0.845000
5.458487 0.845000
5.459874 0.845000
5.461262 0.845000
5.462649 0.845000
5.464037 0.845000
5.465424 0.845000
5.466811 0.846667
5.468199 0.846667
5.469586 0.846667
5.470974 0.846667
5.472361 0.846667
5.473749 0.846667
5.475136 0.846667
5.476524 0.846667
5.477911 0.848333
5.479299 0.848333
5.480686 0.848333
5.482074 0.848333
5.483461 0.848333
5.484848 0.848333
5.486236 0.848333
5.487623 0.850000
5.489011 0.850000
5.490398 0.850000
5.491786 0.850000
5.493173 0.850000
5.494561 0.850000
5.495948 0.851667
5.497336 0.851667
5.498723 0.851667
5.500111 0.851667
5.501498 0.853333
5.502886 0.853333
5.504273 0.853333
5.505660 0.853333
5.507048 0.853333
5.508435 0.853333
5.509823 0.853333
5.511210 0.853333
5.512598 0.853333
5.513985 0.853333
5.515373 0.853333
5.516760 0.853333
5.518148 0.853333
5.519535 0.855000
5.520923 0.855000
5.522310 0.855000
5.523698 0.855000
5.525085 0.855000
5.526472 0.855000
5.527860 0.855000
5.529247 0.855000
5.530635 0.855000
5.532022 0.856667
5.533410 0.858333
5.534797 0.861667
5.536185 0.861667
5.537572 0.861667
5.538960 0.861667
5.540347 0.861667
5.541735 0.861667
5.543122 0.861667
5.544509 0.861667
5.545897 0.861667
5.547284 0.861667
5.548672 0.861667
5.550059 0.861667
5.551447 0.861667
5.552834 0.861667
5.554222 0.863333
5.555609 0.863333
5.556997 0.863333
5.558384 0.863333
5.559772 0.863333
5.561159 0.863333
5.562547 0.863333
5.563934 0.863333
5.565321 0.863333
5.566709 0.863333
5.568096 0.863333
5.569484 0.863333
5.570871 0.863333
5.572259 0.863333
5.573646 0.863333
5.575034 0.863333
5.576421 0.863333
5.577809 0.863333
5.579196 0.863333
5.580584 0.863333
5.581971 0.863333
5.583358 0.863333
5.584746 0.863333
5.586133 0.863333
5.587521 0.863333
5.588908 0.865000
5.590296 0.865000
5.591683 0.865000
5.593071 0.865000
5.594458 0.865000
5.595846 0.865000
5.597233 0.865000
5.598621 0.865000
5.600008 0.865000
5.601396 0.866667
5.602783 0.866667
5.604170 0.866667
5.605558 0.866667
5.606945 0.866667
5.608333 0.866667
5.609720 0.866667
5.611108 0.866667
5.612495 0.866667
5.613883 0.866667
5.615270 0.866667
5.616658 0.866667
5.618045 0.866667
5.619433 0.866667
5.620820 0.866667
5.622207 0.868333
5.623595 0.868333
5.624982 0.868333
5.626370 0.868333
5.627757 0.868333
5.629145 0.868333
5.630532 0.870000
5.631920 0.870000
5.633307 0.870000
5.634695 0.870000
5.636082 0.871667
5.637470 0.871667
5.638857 0.871667
5.640245 0.871667
5.641632 0.871667
5.643019 0.871667
5.644407 0.871667
5.645794 0.873333
5.647182 0.873333
5.648569 0.875000
5.649957 0.875000
5.651344 0.875000
5.652732 0.875000
5.654119 0.875000
5.655507 0.875000
5.656894 0.875000
5.658282 0.875000
5.659669 0.875000
5.661057 0.875000
5.662444 0.875000
5.663831 0.875000
5.665219 0.876667
5.666606 0.876667
5.667994 0.876667
5.669381 0.876667
5.670769 0.876667
5.672156 0.876667
5.673544 0.876667
5.674931 0.876667
5.676319 0.876667
5.677706 0.876667
5.679094 0.876667
5.680481 0.876667
5.681868 0.876667
5.683256 0.876667
5.684643 0.876667
5.686031 0.876667
5.687418 0.876667
5.688806 0.876667
5.690193 0.876667
5.691581 0.876667
5.692968 0.876667
5.694356 0.876667
5.695743 0.876667
5.697131 0.876667
5.698518 0.876667
5.699906 0.876667
5.701293 0.878333
5.702680 0.878333
5.704068 0.878333
5.705455 0.878333
5.706843 0.878333
5.708230 0.878333
5.709618 0.878333
5.711005 0.878333
5.712393 0.878333
5.713780 0.880000
5.715168 0.880000
5.716555 0.880000
5.717943 0.880000
5.719330 0.880000
5.720717 0.880000
5.722105 0.881667
5.723492 0.883333
5.724880 0.883333
5.726267 0.883333
5.727655 0.883333
5.729042 0.883333
5.730430 0.883333
5.731817 0.883333
5.733205 0.883333
5.734592 0.883333
5.735980 0.883333
5.737367 0.883333
5.738755 0.883333
5.740142 0.883333
5.741529 0.883333
5.742917 0.883333
5.744304 0.883333
5.745692 0.883333
5.747079 0.883333
5.748467 0.885000
5.749854 0.885000
5.751242 0.885000
5.752629 0.885000
5.754017 0.885000
5.755404 0.885000
5.756792 0.885000
5.758179 0.885000
5.759566 0.885000
5.760954 0.885000
5.762341 0.885000
5.763729 0.885000
5.765116 0.885000
5.766504 0.886667
5.767891 0.886667
5.769279 0.886667
5.770666 0.888333
5.772054 0.888333
5.773441 0.888333
5.774829 0.888333
5.776216 0.888333
5.777604 0.888333
5.778991 0.888333
5.780378 0.888333
5.781766 0.888333
5.783153 0.888333
5.784541 0.888333
5.785928 0.888333
5.787316 0.888333
5.788703 0.888333
5.790091 0.888333
5.791478 0.888333
5.792866 0.888333
5.794253 0.888333
5.795641 0.888333
5.797028 0.888333
5.798415 0.888333
5.799803 0.888333
5.801190 0.888333
5.802578 0.888333
5.803965 0.888333
5.805353 0.888333
5.806740 0.888333
5.808128 0.888333
5.809515 0.888333
5.810903 0.888333
5.812290 0.888333
5.813678 0.888333
5.815065 0.888333
5.816453 0.888333
5.817840 0.888333
5.819227 0.888333
5.820615 0.888333
5.822002 0.888333
5.823390 0.888333
5.824777 0.888333
5.826165 0.888333
5.827552 0.888333
5.828940 0.890000
5.830327 0.890000
5.831715 0.890000
5.833102 0.890000
5.834490 0.890000
5.835877 0.890000
5.837265 0.891667
5.838652 0.891667
5.840039 0.893333
5.841427 0.893333
5.842814 0.893333
5.844202 0.893333
5.845589 0.893333
5.846977 0.893333
5.848364 0.893333
5.849752 0.893333
5.851139 0.893333
5.852527 0.893333
5.853914 0.893333
5.855302 0.893333
5.856689 0.893333
5.858076 0.893333
5.859464 0.893333
5.860851 0.893333
5.862239 0.893333
5.863626 0.893333
5.865014 0.893333
5.866401 0.893333
5.867789 0.893333
5.869176 0.893333
5.870564 0.893333
5.871951 0.893333
5.873339 0.893333
5.874726 0.893333
5.876114 0.893333
5.877501 0.893333
5.878888 0.893333
5.880276 0.893333
5.881663 0.893333
5.883051 0.893333
5.884438 0.893333
5.885826 0.893333
5.887213 0.893333
5.888601 0.893333
5.889988 0.893333
5.891376 0.895000
5.892763 0.895000
5.894151 0.895000
5.895538 0.895000
5.896925 0.895000
5.898313 0.895000
5.899700 0.895000
5.901088 0.896667
5.902475 0.896667
5.903863 0.896667
5.905250 0.898333
5.906638 0.898333
5.908025 0.898333
5.909413 0.898333
5.910800 0.898333
5.912188 0.898333
5.913575 0.898333
5.914963 0.898333
5.916350 0.898333
5.917737 0.898333
5.919125 0.898333
5.920512 0.898333
5.921900 0.898333
5.923287 0.898333
5.924675 0.898333
5.926062 0.898333
5.927450 0.898333
5.928837 0.898333
5.930225 0.898333
5.931612 0.898333
5.933000 0.900000
5.934387 0.900000
5.935774 0.900000
5.937162 0.900000
5.938549 0.901667
5.939937 0.901667
5.941324 0.901667
5.942712 0.901667
5.944099 0.901667
5.945487 0.901667
5.946874 0.901667
5.948262 0.901667
5.949649 0.901667
5.951037 0.901667
5.952424 0.901667
5.953812 0.901667
5.955199 0.901667
5.956586 0.901667
5.957974 0.901667
5.959361 0.901667
5.960749 0.901667
5.962136 0.901667
5.963524 0.901667
5.964911 0.901667
5.966299 0.901667
5.967686 0.903333
5.969074 0.903333
5.970461 0.903333
5.971849 0.903333
5.973236 0.903333
5.974623 0.903333
5.976011 0.903333
5.977398 0.903333
5.978786 0.903333
5.980173 0.903333
5.981561 0.903333
5.982948 0.903333
5.984336 0.903333
5.985723 0.903333
5.987111 0.903333
5.988498 0.903333
5.989886 0.903333
5.991273 0.903333
5.992661 0.903333
5.994048 0.903333
5.995435 0.903333
5.996823 0.903333
5.998210 0.903333
5.999598 0.903333
6.000985 0.905000
6.002373 0.906667
6.003760 0.906667
6.005148 0.906667
6.006535 0.906667
6.007923 0.906667
6.009310 0.906667
6.010698 0.906667
6.012085 0.906667
6.013473 0.906667
6.014860 0.906667
6.016247 0.906667
6.017635 0.906667
6.019022 0.906667
6.020410 0.906667
6.021797 0.906667
6.023185 0.906667
6.024572 0.906667
6.025960 0.906667
6.027347 0.906667
6.028735 0.906667
6.030122 0.906667
6.031510 0.906667
6.032897 0.906667
6.034284 0.906667
6.035672 0.906667
6.037059 0.906667
6.038447 0.906667
6.039834 0.906667
6.041222 0.906667
6.042609 0.906667
6.043997 0.906667
6.045384 0.906667
6.046772 0.906667
6.048159 0.906667
6.049547 0.906667
6.050934 0.906667
6.052322 0.906667
6.053709 0.906667
6.055096 0.906667
6.056484 0.906667
6.057871 0.906667
6.059259 0.906667
6.060646 0.906667
6.062034 0.906667
6.063421 0.906667
6.064809 0.906667
6.066196 0.906667
6.067584 0.906667
6.068971 0.906667
6.070359 0.906667
6.071746 0.906667
6.073133 0.906667
6.074521 0.906667
6.075908 0.906667
6.077296 0.906667
6.078683 0.906667
6.080071 0.906667
6.081458 0.906667
6.082846 0.906667
6.084233 0.906667
6.085621 0.906667
6.087008 0.906667
6.088396 0.906667
6.089783 0.906667
6.091171 0.906667
6.092558 0.906667
6.093945 0.906667
6.095333 0.906667
6.096720 0.906667
6.098108 0.906667
6.099495 0.906667
6.100883 0.906667
6.102270 0.906667
6.103658 0.906667
6.105045 0.906667
6.106433 0.906667
6.107820 0.906667
6.109208 0.906667
6.110595 0.906667
6.111982 0.906667
6.113370 0.906667
6.114757 0.906667
6.116145 0.908333
6.117532 0.908333
6.118920 0.908333
6.120307 0.910000
6.121695 0.910000
6.123082 0.910000
6.124470 0.910000
6.125857 0.910000
6.127245 0.910000
6.128632 0.910000
6.130020 0.910000
6.131407 0.910000
6.132794 0.910000
6.134182 0.910000
6.135569 0.910000
6.136957 0.910000
6.138344 0.910000
6.139732 0.910000
6.141119 0.910000
6.142507 0.910000
6.143894 0.910000
6.145282 0.910000
6.146669 0.910000
6.148057 0.910000
6.149444 0.910000
6.150832 0.911667
6.152219 0.911667
6.153606 0.911667
6.154994 0.911667
6.156381 0.911667
6.157769 0.911667
6.159156 0.911667
6.160544 0.911667
6.161931 0.911667
6.163319 0.911667
6.164706 0.911667
6.166094 0.911667
6.167481 0.911667
6.168869 0.913333
6.170256 0.913333
6.171643 0.913333
6.173031 0.913333
6.174418 0.913333
6.175806 0.913333
6.177193 0.913333
6.178581 0.913333
6.179968 0.913333
6.181356 0.913333
6.182743 0.913333
6.184131 0.913333
6.185518 0.913333
6.186906 0.913333
6.188293 0.913333
6.189681 0.913333
6.191068 0.913333
6.192455 0.913333
6.193843 0.913333
6.195230 0.913333
6.196618 0.913333
6.198005 0.913333
6.199393 0.913333
6.200780 0.913333
6.202168 0.913333
6.203555 0.913333
6.204943 0.913333
6.206330 0.915000
6.207718 0.915000
6.209105 0.915000
6.210492 0.915000
6.211880 0.915000
6.213267 0.915000
6.214655 0.915000
6.216042 0.915000
6.217430 0.915000
6.218817 0.915000
6.220205 0.915000
6.221592 0.915000
6.222980 0.915000
6.224367 0.915000
6.225755 0.915000
6.227142 0.915000
6.228530 0.916667
6.229917 0.916667
6.231304 0.916667
6.232692 0.916667
6.234079 0.916667
6.235467 0.916667
6.236854 0.916667
6.238242 0.916667
6.239629 0.916667
6.241017 0.916667
6.242404 0.916667
6.243792 0.916667
6.245179 0.916667
6.246567 0.916667
6.247954 0.916667
6.249341 0.916667
6.250729 0.916667
6.252116 0.916667
6.253504 0.916667
6.254891 0.916667
6.256279 0.916667
6.257666 0.916667
6.259054 0.916667
6.260441 0.916667
6.261829 0.916667
6.263216 0.916667
6.264604 0.916667
6.265991 0.916667
6.267379 0.916667
6.268766 0.918333
6.270153 0.918333
6.271541 0.918333
6.272928 0.918333
6.274316 0.918333
6.275703 0.918333
6.277091 0.918333
6.278478 0.918333
6.279866 0.918333
6.281253 0.918333
6.282641 0.918333
6.284028 0.918333
6.285416 0.918333
6.286803 0.918333
6.288190 0.918333
6.289578 0.920000
6.290965 0.920000
6.292353 0.920000
6.293740 0.920000
6.295128 0.920000
6.296515 0.920000
6.297903 0.920000
6.299290 0.920000
6.300678 0.920000
6.302065 0.920000
6.303453 0.920000
6.304840 0.920000
6.306228 0.920000
6.307615 0.920000
6.309002 0.920000
6.310390 0.920000
6.311777 0.920000
6.313165 0.920000
6.314552 0.920000
6.315940 0.920000
6.317327 0.920000
6.318715 0.920000
6.320102 0.920000
6.321490 0.920000
6.322877 0.920000
6.324265 0.920000
6.325652 0.921667
6.327040 0.921667
6.328427 0.921667
6.329814 0.921667
6.331202 0.921667
6.332589 0.921667
6.333977 0.921667
6.335364 0.921667
6.336752 0.921667
6.338139 0.921667
6.339527 0.921667
6.340914 0.923333
6.342302 0.923333
6.343689 0.923333
6.345077 0.923333
6.346464 0.923333
6.347851 0.923333
6.349239 0.923333
6.350626 0.923333
6.352014 0.923333
6.353401 0.923333
6.354789 0.923333
6.356176 0.923333
6.357564 0.923333
6.358951 0.923333
6.360339 0.923333
6.361726 0.923333
6.363114 0.923333
6.364501 0.923333
6.365889 0.923333
6.367276 0.923333
6.368663 0.923333
6.370051 0.923333
6.371438 0.923333
6.372826 0.923333
6.374213 0.923333
6.375601 0.923333
6.376988 0.923333
6.378376 0.923333
6.379763 0.923333
6.381151 0.923333
6.382538 0.923333
6.383926 0.923333
6.385313 0.923333
6.386700 0.923333
6.388088 0.923333
6.389475 0.923333
6.390863 0.923333
6.392250 0.925000
6.393638 0.925000
6.395025 0.925000
6.396413 0.925000
6.397800 0.925000
6.399188 0.925000
6.400575 0.925000
6.401963 0.925000
6.403350 0.925000
6.404738 0.925000
6.406125 0.925000
6.407512 0.925000
6.408900 0.925000
6.410287 0.925000
6.411675 0.925000
6.413062 0.925000
6.414450 0.925000
6.415837 0.925000
6.417225 0.925000
6.418612 0.925000
6.420000 0.925000
6.421387 0.925000
6.422775 0.925000
6.424162 0.925000
6.425549 0.925000
6.426937 0.925000
6.428324 0.926667
6.429712 0.926667
6.431099 0.926667
6.432487 0.926667
6.433874 0.926667
6.435262 0.926667
6.436649 0.926667
6.438037 0.926667
6.439424 0.926667
6.440812 0.926667
6.442199 0.928333
6.443587 0.928333
6.444974 0.930000
6.446361 0.930000
6.447749 0.930000
6.449136 0.930000
6.450524 0.930000
6.451911 0.930000
6.453299 0.930000
6.454686 0.930000
6.456074 0.930000
6.457461 0.930000
6.458849 0.930000
6.460236 0.930000
6.461624 0.930000
6.463011 0.930000
6.464399 0.930000
6.465786 0.930000
6.467173 0.930000
6.468561 0.930000
6.469948 0.930000
6.471336 0.930000
6.472723 0.930000
6.474111 0.930000
6.475498 0.930000
6.476886 0.930000
6.478273 0.930000
6.479661 0.931667
6.481048 0.931667
6.482436 0.931667
6.483823 0.931667
6.485210 0.931667
6.486598 0.931667
6.487985 0.931667
6.489373 0.931667
6.490760 0.931667
6.492148 0.931667
6.493535 0.931667
6.494923 0.931667
6.496310 0.931667
6.497698 0.931667
6.499085 0.931667
6.500473 0.931667
6.501860 0.931667
6.503248 0.933333
6.504635 0.933333
6.506022 0.933333
6.507410 0.933333
6.508797 0.933333
6.510185 0.933333
6.511572 0.933333
6.512960 0.933333
6.514347 0.933333
6.515735 0.935000
6.517122 0.935000
6.518510 0.935000
6.519897 0.935000
6.521285 0.935000
6.522672 0.935000
6.524059 0.935000
6.525447 0.935000
6.526834 0.935000
6.528222 0.936667
6.529609 0.936667
6.530997 0.938333
6.532384 0.938333
6.533772 0.938333
6.535159 0.938333
6.536547 0.938333
6.537934 0.938333
6.539322 0.938333
6.540709 0.938333
6.542097 0.938333
6.543484 0.938333
6.544871 0.938333
6.546259 0.940000
6.547646 0.940000
6.549034 0.940000
6.550421 0.940000
6.551809 0.940000
6.553196 0.940000
6.554584 0.940000
6.555971 0.940000
6.557359 0.940000
6.558746 0.940000
6.560134 0.940000
6.561521 0.940000
6.562908 0.940000
6.564296 0.940000
6.565683 0.940000
6.567071 0.940000
6.568458 0.940000
6.569846 0.940000
6.571233 0.940000
6.572621 0.941667
6.574008 0.941667
6.575396 0.941667
6.576783 0.941667
6.578171 0.941667
6.579558 0.941667
6.580946 0.941667
6.582333 0.941667
6.583720 0.941667
6.585108 0.941667
6.586495 0.941667
6.587883 0.941667
6.589270 0.941667
6.590658 0.941667
6.592045 0.941667
6.593433 0.941667
6.594820 0.941667
6.596208 0.941667
6.597595 0.941667
6.598983 0.941667
6.600370 0.943333
6.601757 0.943333
6.603145 0.943333
6.604532 0.943333
6.605920 0.943333
6.607307 0.943333
6.608695 0.943333
6.610082 0.943333
6.611470 0.943333
6.612857 0.943333
6.614245 0.943333
6.615632 0.943333
6.617020 0.943333
6.618407 0.943333
6.619795 0.943333
6.621182 0.943333
6.622569 0.943333
6.623957 0.943333
6.625344 0.943333
6.626732 0.943333
6.628119 0.943333
6.629507 0.943333
6.630894 0.943333
6.632282 0.943333
6.633669 0.943333
6.635057 0.943333
6.636444 0.943333
6.637832 0.943333
6.639219 0.943333
6.640607 0.943333
6.641994 0.943333
6.643381 0.943333
6.644769 0.943333
6.646156 0.943333
6.647544 0.943333
6.648931 0.943333
6.650319 0.943333
6.651706 0.943333
6.653094 0.943333
6.654481 0.943333
6.655869 0.943333
6.657256 0.943333
6.658644 0.943333
6.660031 0.943333
6.661418 0.943333
6.662806 0.943333
6.664193 0.943333
6.665581 0.943333
6.666968 0.943333
6.668356 0.943333
6.669743 0.943333
6.671131 0.943333
6.672518 0.943333
6.673906 0.943333
6.675293 0.943333
6.676681 0.943333
6.678068 0.943333
6.679456 0.943333
6.680843 0.943333
6.682230 0.943333
6.683618 0.943333
6.685005 0.943333
6.686393 0.943333
6.687780 0.943333
6.689168 0.943333
6.690555 0.943333
6.691943 0.943333
6.693330 0.943333
6.694718 0.943333
6.696105 0.943333
6.697493 0.943333
6.698880 0.943333
6.700267 0.943333
6.701655 0.943333
6.703042 0.943333
6.704430 0.943333
6.705817 0.943333
6.707205 0.943333
6.708592 0.943333
6.709980 0.943333
6.711367 0.943333
6.712755 0.943333
6.714142 0.943333
6.715530 0.943333
6.716917 0.943333
6.718305 0.943333
6.719692 0.943333
6.721079 0.943333
6.722467 0.943333
6.723854 0.943333
6.725242 0.943333
6.726629 0.943333
6.728017 0.943333
6.729404 0.943333
6.730792 0.943333
6.732179 0.943333
6.733567 0.943333
6.734954 0.943333
6.736342 0.943333
6.737729 0.943333
6.739116 0.943333
6.740504 0.943333
6.741891 0.943333
6.743279 0.943333
6.744666 0.943333
6.746054 0.943333
6.747441 0.943333
6.748829 0.943333
6.750216 0.943333
6.751604 0.943333
6.752991 0.943333
6.754379 0.943333
6.755766 0.943333
6.757154 0.943333
6.758541 0.943333
6.759928 0.943333
6.761316 0.943333
6.762703 0.943333
6.764091 0.943333
6.765478 0.943333
6.766866 0.943333
6.768253 0.943333
6.769641 0.943333
6.771028 0.943333
6.772416 0.943333
6.773803 0.943333
6.775191 0.945000
6.776578 0.945000
6.777965 0.946667
6.779353 0.946667
6.780740 0.946667
6.782128 0.946667
6.783515 0.946667
6.784903 0.946667
6.786290 0.946667
6.787678 0.946667
6.789065 0.946667
6.790453 0.946667
6.791840 0.946667
6.793228 0.946667
6.794615 0.946667
6.796003 0.946667
6.797390 0.946667
6.798777 0.946667
6.800165 0.946667
6.801552 0.946667
6.802940 0.946667
6.804327 0.946667
6.805715 0.946667
6.807102 0.946667
6.808490 0.946667
6.809877 0.946667
6.811265 0.946667
6.812652 0.946667
6.814040 0.946667
6.815427 0.946667
6.816815 0.946667
6.818202 0.946667
6.819589 0.946667
6.820977 0.946667
6.822364 0.946667
6.823752 0.946667
6.825139 0.946667
6.826527 0.946667
6.827914 0.946667
6.829302 0.946667
6.830689 0.946667
6.832077 0.946667
6.833464 0.946667
6.834852 0.946667
6.836239 0.946667
6.837626 0.946667
6.839014 0.946667
6.840401 0.946667
6.841789 0.946667
6.843176 0.946667
6.844564 0.946667
6.845951 0.946667
6.847339 0.946667
6.848726 0.946667
6.850114 0.946667
6.851501 0.946667
6.852889 0.948333
6.854276 0.948333
6.855664 0.948333
6.857051 0.948333
6.858438 0.948333
6.859826 0.948333
6.861213 0.950000
6.862601 0.950000
6.863988 0.950000
6.865376 0.950000
6.866763 0.950000
6.868151 0.950000
6.869538 0.950000
6.870926 0.950000
6.872313 0.951667
6.873701 0.951667
6.875088 0.951667
6.876475 0.951667
6.877863 0.951667
6.879250 0.951667
6.880638 0.951667
6.882025 0.951667
6.883413 0.951667
6.884800 0.951667
6.886188 0.951667
6.887575 0.951667
6.888963 0.951667
6.890350 0.951667
6.891738 0.951667
6.893125 0.951667
6.894513 0.951667
6.895900 0.951667
6.897287 0.951667
6.898675 0.951667
6.900062 0.951667
6.901450 0.951667
6.902837 0.951667
6.904225 0.953333
6.905612 0.953333
6.907000 0.953333
6.908387 0.953333
6.909775 0.953333
6.911162 0.953333
6.912550 0.953333
6.913937 0.953333
6.915324 0.953333
6.916712 0.953333
6.918099 0.953333
6.919487 0.953333
6.920874 0.953333
6.922262 0.953333
6.923649 0.953333
6.925037 0.953333
6.926424 0.953333
6.927812 0.953333
6.929199 0.953333
6.930587 0.953333
6.931974 0.953333
6.933362 0.953333
6.934749 0.953333
6.936136 0.953333
6.937524 0.953333
6.938911 0.953333
6.940299 0.953333
6.941686 0.953333
6.943074 0.953333
6.944461 0.953333
6.945849 0.953333
6.947236 0.953333
6.948624 0.953333
6.950011 0.953333
6.951399 0.953333
6.952786 0.953333
6.954174 0.953333
6.955561 0.953333
6.956948 0.953333
6.958336 0.953333
6.959723 0.955000
6.961111 0.955000
6.962498 0.955000
6.963886 0.955000
6.965273 0.955000
6.966661 0.955000
6.968048 0.955000
6.969436 0.955000
6.970823 0.955000
6.972211 0.955000
6.973598 0.955000
6.974985 0.955000
6.976373 0.955000
6.977760 0.955000
6.979148 0.955000
6.980535 0.955000
6.981923 0.955000
6.983310 0.955000
6.984698 0.955000
6.986085 0.955000
6.987473 0.955000
6.988860 0.955000
6.990248 0.955000
6.991635 0.955000
6.993023 0.955000
6.994410 0.955000
6.995797 0.955000
6.997185 0.955000
6.998572 0.955000
6.999960 0.955000
7.001347 0.955000
7.002735 0.955000
7.004122 0.955000
7.005510 0.955000
7.006897 0.955000
7.008285 0.955000
7.009672 0.955000
7.011060 0.955000
7.012447 0.955000
7.013834 0.955000
7.015222 0.955000
7.016609 0.955000
7.017997 0.955000
7.019384 0.955000
7.020772 0.955000
7.022159 0.955000
7.023547 0.955000
7.024934 0.955000
7.026322 0.955000
7.027709 0.955000
7.029097 0.955000
7.030484 0.955000
7.031872 0.955000
7.033259 0.955000
7.034646 0.955000
7.036034 0.955000
7.037421 0.955000
7.038809 0.955000
7.040196 0.955000
7.041584 0.955000
7.042971 0.955000
7.044359 0.955000
7.045746 0.955000
7.047134 0.955000
7.048521 0.955000
7.049909 0.955000
7.051296 0.955000
7.052683 0.955000
7.054071 0.955000
7.055458 0.955000
7.056846 0.955000
7.058233 0.955000
7.059621 0.955000
7.061008 0.955000
7.062396 0.955000
7.063783 0.955000
7.065171 0.955000
7.066558 0.955000
7.067946 0.955000
7.069333 0.955000
7.070721 0.955000
7.072108 0.955000
7.073495 0.955000
7.074883 0.955000
7.076270 0.955000
7.077658 0.955000
7.079045 0.955000
7.080433 0.955000
7.081820 0.955000
7.083208 0.955000
7.084595 0.955000
7.085983 0.955000
7.087370 0.955000
7.088758 0.955000
7.090145 0.955000
7.091532 0.955000
7.092920 0.955000
7.094307 0.955000
7.095695 0.955000
7.097082 0.955000
7.098470 0.955000
7.099857 0.955000
7.101245 0.955000
7.102632 0.955000
7.104020 0.955000
7.105407 0.955000
7.106795 0.955000
7.108182 0.955000
7.109570 0.955000
7.110957 0.955000
7.112344 0.955000
7.113732 0.955000
7.115119 0.955000
7.116507 0.955000
7.117894 0.955000
7.119282 0.955000
7.120669 0.955000
7.122057 0.955000
7.123444 0.955000
7.124832 0.955000
7.126219 0.955000
7.127607 0.955000
7.128994 0.955000
7.130382 0.955000
7.131769 0.955000
7.133156 0.955000
7.134544 0.955000
7.135931 0.955000
7.137319 0.955000
7.138706 0.955000
7.140094 0.955000
7.141481 0.955000
7.142869 0.955000
7.144256 0.955000
7.145644 0.955000
7.147031 0.955000
7.148419 0.955000
7.149806 0.955000
7.151193 0.955000
7.152581 0.955000
7.153968 0.955000
7.155356 0.955000
7.156743 0.955000
7.158131 0.955000
7.159518 0.955000
7.160906 0.955000
7.162293 0.955000
7.163681 0.955000
7.165068 0.955000
7.166456 0.955000
7.167843 0.955000
7.169231 0.955000
7.170618 0.955000
7.172005 0.955000
7.173393 0.955000
7.174780 0.955000
7.176168 0.955000
7.177555 0.955000
7.178943 0.955000
7.180330 0.955000
7.181718 0.955000
7.183105 0.955000
7.184493 0.955000
7.185880 0.955000
7.187268 0.955000
7.188655 0.955000
7.190042 0.955000
7.191430 0.955000
7.192817 0.955000
7.194205 0.955000
7.195592 0.955000
7.196980 0.955000
7.198367 0.955000
7.199755 0.955000
7.201142 0.955000
7.202530 0.955000
7.203917 0.955000
7.205305 0.956667
7.206692 0.956667
7.208080 0.956667
7.209467 0.956667
7.210854 0.956667
7.212242 0.956667
7.213629 0.956667
7.215017 0.956667
7.216404 0.956667
7.217792 0.956667
7.219179 0.956667
7.220567 0.956667
7.221954 0.956667
7.223342 0.956667
7.224729 0.956667
7.226117 0.956667
7.227504 0.956667
7.228891 0.956667
7.230279 0.956667
7.231666 0.956667
7.233054 0.956667
7.234441 0.956667
7.235829 0.956667
7.237216 0.956667
7.238604 0.956667
7.239991 0.956667
7.241379 0.956667
7.242766 0.956667
7.244154 0.956667
7.245541 0.956667
7.246929 0.956667
7.248316 0.956667
7.249703 0.956667
7.251091 0.956667
7.252478 0.956667
7.253866 0.956667
7.255253 0.956667
7.256641 0.956667
7.258028 0.956667
7.259416 0.956667
7.260803 0.956667
7.262191 0.956667
7.263578 0.956667
7.264966 0.956667
7.266353 0.956667
7.267741 0.956667
7.269128 0.956667
7.270515 0.956667
7.271903 0.956667
7.273290 0.956667
7.274678 0.956667
7.276065 0.956667
7.277453 0.956667
7.278840 0.956667
7.280228 0.956667
7.281615 0.956667
7.283003 0.956667
7.284390 0.956667
7.285778 0.956667
7.287165 0.956667
7.288552 0.956667
7.289940 0.956667
7.291327 0.956667
7.292715 0.956667
7.294102 0.956667
7.295490 0.956667
7.296877 0.956667
7.298265 0.956667
7.299652 0.956667
7.301040 0.956667
7.302427 0.956667
7.303815 0.956667
7.305202 0.956667
7.306590 0.956667
7.307977 0.956667
7.309364 0.956667
7.310752 0.956667
7.312139 0.956667
7.313527 0.956667
7.314914 0.956667
7.316302 0.956667
7.317689 0.956667
7.319077 0.956667
7.320464 0.956667
7.321852 0.956667
7.323239 0.956667
7.324627 0.956667
7.326014 0.956667
7.327401 0.956667
7.328789 0.956667
7.330176 0.956667
7.331564 0.956667
7.332951 0.956667
7.334339 0.956667
7.335726 0.956667
7.337114 0.956667
7.338501 0.956667
7.339889 0.956667
7.341276 0.956667
7.342664 0.956667
7.344051 0.956667
7.345439 0.956667
7.346826 0.956667
7.348213 0.956667
7.349601 0.956667
7.350988 0.956667
7.352376 0.956667
7.353763 0.956667
7.355151 0.956667
7.356538 0.956667
7.357926 0.958333
7.359313 0.958333
7.360701 0.958333
7.362088 0.958333
7.363476 0.958333
7.364863 0.958333
7.366250 0.958333
7.367638 0.958333
7.369025 0.958333
7.370413 0.958333
7.371800 0.958333
7.373188 0.958333
7.374575 0.958333
7.375963 0.958333
7.377350 0.958333
7.378738 0.958333
7.380125 0.958333
7.381513 0.958333
7.382900 0.958333
7.384288 0.958333
7.385675 0.958333
7.387062 0.958333
7.388450 0.958333
7.389837 0.958333
7.391225 0.958333
7.392612 0.958333
7.394000 0.958333
7.395387 0.958333
7.396775 0.958333
7.398162 0.958333
7.399550 0.958333
7.400937 0.958333
7.402325 0.958333
7.403712 0.958333
7.405099 0.958333
7.406487 0.958333
7.407874 0.958333
7.409262 0.958333
7.410649 0.958333
7.412037 0.958333
7.413424 0.958333
7.414812 0.958333
7.416199 0.958333
7.417587 0.958333
7.418974 0.958333
7.420362 0.958333
7.421749 0.958333
7.423137 0.960000
7.424524 0.960000
7.425911 0.960000
7.427299 0.960000
7.428686 0.960000
7.430074 0.960000
7.431461 0.960000
7.432849 0.960000
7.434236 0.960000
7.435624 0.960000
7.437011 0.960000
7.438399 0.960000
7.439786 0.960000
7.441174 0.960000
7.442561 0.960000
7.443949 0.960000
7.445336 0.960000
7.446723 0.960000
7.448111 0.960000
7.449498 0.960000
7.450886 0.960000
7.452273 0.960000
7.453661 0.960000
7.455048 0.960000
7.456436 0.960000
7.457823 0.960000
7.459211 0.960000
7.460598 0.960000
7.461986 0.960000
7.463373 0.960000
7.464760 0.960000
7.466148 0.960000
7.467535 0.960000
7.468923 0.960000
7.470310 0.960000
7.471698 0.960000
7.473085 0.960000
7.474473 0.960000
7.475860 0.960000
7.477248 0.960000
7.478635 0.960000
7.480023 0.960000
7.481410 0.960000
7.482798 0.960000
7.484185 0.960000
7.485572 0.960000
7.486960 0.960000
7.488347 0.960000
7.489735 0.960000
7.491122 0.960000
7.492510 0.960000
7.493897 0.960000
7.495285 0.960000
7.496672 0.960000
7.498060 0.960000
7.499447 0.960000
7.500835 0.960000
7.502222 0.960000
7.503609 0.960000
7.504997 0.960000
7.506384 0.960000
7.507772 0.960000
7.509159 0.960000
7.510547 0.961667
7.511934 0.961667
7.513322 0.961667
7.514709 0.961667
7.516097 0.961667
7.517484 0.961667
7.518872 0.961667
7.520259 0.961667
7.521647 0.961667
7.523034 0.961667
7.524421 0.961667
7.525809 0.961667
7.527196 0.961667
7.528584 0.961667
7.529971 0.961667
7.531359 0.961667
7.532746 0.961667
7.534134 0.961667
7.535521 0.961667
7.536909 0.961667
7.538296 0.961667
7.539684 0.961667
7.541071 0.963333
7.542458 0.963333
7.543846 0.963333
7.545233 0.963333
7.546621 0.965000
7.548008 0.965000
7.549396 0.965000
7.550783 0.965000
7.552171 0.965000
7.553558 0.965000
7.554946 0.965000
7.556333 0.965000
7.557721 0.965000
7.559108 0.965000
7.560496 0.965000
7.561883 0.965000
7.563270 0.966667
7.564658 0.966667
7.566045 0.966667
7.567433 0.966667
7.568820 0.966667
7.570208 0.966667
7.571595 0.966667
7.572983 0.966667
7.574370 0.966667
7.575758 0.966667
7.577145 0.966667
7.578533 0.966667
7.579920 0.966667
7.581307 0.966667
7.582695 0.966667
7.584082 0.966667
7.585470 0.966667
7.586857 0.966667
7.588245 0.966667
7.589632 0.966667
7.591020 0.966667
7.592407 0.966667
7.593795 0.966667
7.595182 0.966667
7.596570 0.966667
7.597957 0.966667
7.599345 0.966667
7.600732 0.966667
7.602119 0.966667
7.603507 0.966667
7.604894 0.966667
7.606282 0.966667
7.607669 0.966667
7.609057 0.966667
7.610444 0.966667
7.611832 0.966667
7.613219 0.966667
7.614607 0.966667
7.615994 0.966667
7.617382 0.966667
7.618769 0.966667
7.620157 0.966667
7.621544 0.966667
7.622931 0.966667
7.624319 0.966667
7.625706 0.966667
7.627094 0.966667
7.628481 0.966667
7.629869 0.966667
7.631256 0.966667
7.632644 0.966667
7.634031 0.966667
7.635419 0.966667
7.636806 0.966667
7.638194 0.966667
7.639581 0.966667
7.640968 0.966667
7.642356 0.966667
7.643743 0.966667
7.645131 0.966667
7.646518 0.966667
7.647906 0.966667
7.649293 0.966667
7.650681 0.966667
7.652068 0.966667
7.653456 0.966667
7.654843 0.966667
7.656231 0.966667
7.657618 0.966667
7.659006 0.966667
7.660393 0.966667
7.661780 0.966667
7.663168 0.966667
7.664555 0.966667
7.665943 0.966667
7.667330 0.966667
7.668718 0.966667
7.670105 0.966667
7.671493 0.966667
7.672880 0.966667
7.674268 0.966667
7.675655 0.966667
7.677043 0.966667
7.678430 0.966667
7.679817 0.966667
7.681205 0.966667
7.682592 0.966667
7.683980 0.966667
7.685367 0.966667
7.686755 0.966667
7.688142 0.966667
7.689530 0.966667
7.690917 0.966667
7.692305 0.966667
7.693692 0.966667
7.695080 0.966667
7.696467 0.966667
7.697855 0.968333
7.699242 0.968333
7.700629 0.968333
7.702017 0.968333
7.703404 0.968333
7.704792 0.968333
7.706179 0.968333
7.707567 0.968333
7.708954 0.968333
7.710342 0.968333
7.711729 0.968333
7.713117 0.968333
7.714504 0.968333
7.715892 0.968333
7.717279 0.968333
7.718666 0.968333
7.720054 0.968333
7.721441 0.968333
7.722829 0.968333
7.724216 0.968333
7.725604 0.968333
7.726991 0.968333
7.728379 0.968333
7.729766 0.968333
7.731154 0.968333
7.732541 0.968333
7.733929 0.968333
7.735316 0.968333
7.736704 0.968333
7.738091 0.968333
7.739478 0.968333
7.740866 0.968333
7.742253 0.968333
7.743641 0.968333
7.745028 0.968333
7.746416 0.968333
7.747803 0.968333
7.749191 0.968333
7.750578 0.968333
7.751966 0.968333
7.753353 0.968333
7.754741 0.968333
7.756128 0.968333
7.757516 0.968333
7.758903 0.968333
7.760290 0.968333
7.761678 0.968333
7.763065 0.968333
7.764453 0.968333
7.765840 0.968333
7.767228 0.968333
7.768615 0.968333
7.770003 0.968333
7.771390 0.968333
7.772778 0.968333
7.774165 0.968333
7.775553 0.968333
7.776940 0.968333
7.778327 0.968333
7.779715 0.968333
7.781102 0.968333
7.782490 0.968333
7.783877 0.970000
7.785265 0.970000
7.786652 0.970000
7.788040 0.970000
7.789427 0.970000
7.790815 0.970000
7.792202 0.970000
7.793590 0.970000
7.794977 0.970000
7.796365 0.970000
7.797752 0.970000
7.799139 0.970000
7.800527 0.970000
7.801914 0.970000
7.803302 0.970000
7.804689 0.970000
7.806077 0.970000
7.807464 0.970000
7.808852 0.970000
7.810239 0.970000
7.811627 0.970000
7.813014 0.970000
7.814402 0.970000
7.815789 0.970000
7.817176 0.970000
7.818564 0.970000
7.819951 0.970000
7.821339 0.970000
7.822726 0.970000
7.824114 0.970000
7.825501 0.970000
7.826889 0.970000
7.828276 0.970000
7.829664 0.970000
7.831051 0.970000
7.832439 0.970000
7.833826 0.970000
7.835214 0.970000
7.836601 0.970000
7.837988 0.970000
7.839376 0.970000
7.840763 0.970000
7.842151 0.970000
7.843538 0.970000
7.844926 0.970000
7.846313 0.970000
7.847701 0.970000
7.849088 0.970000
7.850476 0.970000
7.851863 0.970000
7.853251 0.970000
7.854638 0.970000
7.856025 0.970000
7.857413 0.970000
7.858800 0.970000
7.860188 0.970000
7.861575 0.970000
7.862963 0.970000
7.864350 0.970000
7.865738 0.970000
7.867125 0.970000
7.868513 0.970000
7.869900 0.970000
7.871288 0.970000
7.872675 0.970000
7.874063 0.970000
7.875450 0.970000
7.876837 0.970000
7.878225 0.970000
7.879612 0.970000
7.881000 0.970000
7.882387 0.970000
7.883775 0.970000
7.885162 0.970000
7.886550 0.970000
7.887937 0.970000
7.889325 0.970000
7.890712 0.970000
7.892100 0.970000
7.893487 0.970000
7.894874 0.970000
7.896262 0.970000
7.897649 0.970000
7.899037 0.970000
7.900424 0.970000
7.901812 0.970000
7.903199 0.970000
7.904587 0.970000
7.905974 0.971667
7.907362 0.971667
7.908749 0.971667
7.910137 0.971667
7.911524 0.971667
7.912912 0.971667
7.914299 0.971667
7.915686 0.971667
7.917074 0.971667
7.918461 0.971667
7.919849 0.971667
7.921236 0.971667
7.922624 0.971667
7.924011 0.971667
7.925399 0.973333
7.926786 0.973333
7.928174 0.973333
7.929561 0.973333
7.930949 0.973333
7.932336 0.973333
7.933724 0.973333
7.935111 0.973333
7.936498 0.973333
7.937886 0.973333
7.939273 0.973333
7.940661 0.973333
7.942048 0.973333
7.943436 0.973333
7.944823 0.973333
7.946211 0.973333
7.947598 0.973333
7.948986 0.973333
7.950373 0.973333
7.951761 0.973333
7.953148 0.973333
7.954535 0.973333
7.955923 0.973333
7.957310 0.973333
7.958698 0.973333
7.960085 0.973333
7.961473 0.973333
7.962860 0.973333
7.964248 0.973333
7.965635 0.973333
7.967023 0.973333
7.968410 0.973333
7.969798 0.973333
7.971185 0.973333
7.972573 0.973333
7.973960 0.973333
7.975347 0.973333
7.976735 0.973333
7.978122 0.973333
7.979510 0.973333
7.980897 0.973333
7.982285 0.973333
7.983672 0.973333
7.985060 0.973333
7.986447 0.973333
7.987835 0.973333
7.989222 0.973333
7.990610 0.973333
7.991997 0.973333
7.993384 0.973333
7.994772 0.973333
7.996159 0.973333
7.997547 0.973333
7.998934 0.973333
