1.480913 0.001667
1.482334 0.001667
1.483756 0.001667
1.485177 0.001667
1.486599 0.001667
1.488021 0.001667
1.489442 0.001667
1.490864 0.001667
1.492285 0.001667
1.493707 0.001667
1.495129 0.001667
1.496550 0.001667
1.497972 0.001667
1.499393 0.001667
1.500815 0.001667
1.502236 0.001667
1.503658 0.001667
1.505080 0.001667
1.506501 0.001667
1.507923 0.001667
1.509344 0.001667
1.510766 0.001667
1.512187 0.001667
1.513609 0.001667
1.515031 0.001667
1.516452 0.001667
1.517874 0.001667
1.519295 0.001667
1.520717 0.001667
1.522139 0.001667
1.523560 0.001667
1.524982 0.001667
1.526403 0.001667
1.527825 0.001667
1.529246 0.001667
1.530668 0.001667
1.532090 0.001667
1.533511 0.001667
1.534933 0.001667
1.536354 0.001667
1.537776 0.001667
1.539197 0.001667
1.540619 0.001667
1.542041 0.001667
1.543462 0.001667
1.544884 0.001667
1.546305 0.001667
1.547727 0.001667
1.549149 0.001667
1.550570 0.001667
1.551992 0.001667
1.553413 0.001667
1.554835 0.003333
1.556256 0.003333
1.557678 0.003333
1.559100 0.003333
1.560521 0.003333
1.561943 0.003333
1.563364 0.003333
1.564786 0.003333
1.566207 0.003333
1.567629 0.003333
1.569051 0.003333
1.570472 0.003333
1.571894 0.003333
1.573315 0.003333
1.574737 0.003333
1.576159 0.003333
1.577580 0.003333
1.579002 0.003333
1.580423 0.003333
1.581845 0.003333
1.583266 0.003333
1.584688 0.003333
1.586110 0.003333
1.587531 0.003333
1.588953 0.003333
1.590374 0.003333
1.591796 0.003333
1.593218 0.003333
1.594639 0.003333
1.596061 0.003333
1.597482 0.003333
1.598904 0.003333
1.600325 0.003333
1.601747 0.003333
1.603169 0.003333
1.604590 0.003333
1.606012 0.003333
1.607433 0.003333
1.608855 0.003333
1.610276 0.003333
1.611698 0.003333
1.613120 0.003333
1.614541 0.003333
1.615963 0.003333
1.617384 0.003333
1.618806 0.003333
1.620228 0.003333
1.621649 0.003333
1.623071 0.003333
1.624492 0.003333
1.625914 0.003333
1.627335 0.003333
1.628757 0.003333
1.630179 0.003333
1.631600 0.003333
1.633022 0.003333
1.634443 0.003333
1.635865 0.003333
1.637286 0.003333
1.638708 0.003333
1.640130 0.003333
1.641551 0.003333
1.642973 0.003333
1.644394 0.003333
1.645816 0.003333
1.647238 0.003333
1.648659 0.003333
1.650081 0.003333
1.651502 0.003333
1.652924 0.003333
1.654345 0.003333
1.655767 0.003333
1.657189 0.003333
1.658610 0.003333
1.660032 0.003333
1.661453 0.003333
1.662875 0.003333
1.664296 0.003333
1.665718 0.003333
1.667140 0.005000
1.668561 0.005000
1.669983 0.005000
1.671404 0.005000
1.672826 0.005000
1.674248 0.005000
1.675669 0.005000
1.677091 0.005000
1.678512 0.005000
1.679934 0.005000
1.681355 0.005000
1.682777 0.005000
1.684199 0.005000
1.685620 0.005000
1.687042 0.005000
1.688463 0.006667
1.689885 0.006667
1.691307 0.006667
1.692728 0.006667
1.694150 0.006667
1.695571 0.008333
1.696993 0.008333
1.698414 0.008333
1.699836 0.008333
1.701258 0.008333
1.702679 0.008333
1.704101 0.008333
1.705522 0.008333
1.706944 0.008333
1.708365 0.008333
1.709787 0.008333
1.711209 0.008333
1.712630 0.008333
1.714052 0.008333
1.715473 0.008333
1.716895 0.008333
1.718317 0.008333
1.719738 0.008333
1.721160 0.008333
1.722581 0.008333
1.724003 0.008333
1.725424 0.008333
1.726846 0.008333
1.728268 0.008333
1.729689 0.008333
1.731111 0.010000
1.732532 0.010000
1.733954 0.010000
1.735375 0.010000
1.736797 0.010000
1.738219 0.010000
1.739640 0.010000
1.741062 0.010000
1.742483 0.010000
1.743905 0.010000
1.745327 0.010000
1.746748 0.010000
1.748170 0.010000
1.749591 0.010000
1.751013 0.010000
1.752434 0.010000
1.753856 0.010000
1.755278 0.010000
1.756699 0.010000
1.758121 0.011667
1.759542 0.011667
1.760964 0.011667
1.762385 0.011667
1.763807 0.011667
1.765229 0.013333
1.766650 0.013333
1.768072 0.013333
1.769493 0.013333
1.770915 0.013333
1.772337 0.013333
1.773758 0.015000
1.775180 0.015000
1.776601 0.015000
1.778023 0.015000
1.779444 0.015000
1.780866 0.015000
1.782288 0.015000
1.783709 0.015000
1.785131 0.016667
1.786552 0.016667
1.787974 0.016667
1.789395 0.016667
1.790817 0.016667
1.792239 0.016667
1.793660 0.016667
1.795082 0.016667
1.796503 0.016667
1.797925 0.016667
1.799347 0.016667
1.800768 0.016667
1.802190 0.016667
1.803611 0.016667
1.805033 0.016667
1.806454 0.016667
1.807876 0.016667
1.809298 0.016667
1.810719 0.016667
1.812141 0.016667
1.813562 0.016667
1.814984 0.016667
1.816406 0.016667
1.817827 0.016667
1.819249 0.016667
1.820670 0.016667
1.822092 0.016667
1.823513 0.016667
1.824935 0.016667
1.826357 0.016667
1.827778 0.016667
1.829200 0.016667
1.830621 0.016667
1.832043 0.016667
1.833464 0.016667
1.834886 0.016667
1.836308 0.016667
1.837729 0.016667
1.839151 0.016667
1.840572 0.016667
1.841994 0.016667
1.843416 0.016667
1.844837 0.016667
1.846259 0.016667
1.847680 0.016667
1.849102 0.016667
1.850523 0.016667
1.851945 0.016667
1.853367 0.018333
1.854788 0.018333
1.856210 0.018333
1.857631 0.018333
1.859053 0.018333
1.860474 0.018333
1.861896 0.018333
1.863318 0.018333
1.864739 0.018333
1.866161 0.018333
1.867582 0.018333
1.869004 0.018333
1.870426 0.018333
1.871847 0.018333
1.873269 0.018333
1.874690 0.018333
1.876112 0.018333
1.877533 0.020000
1.878955 0.020000
1.880377 0.020000
1.881798 0.020000
1.883220 0.020000
1.884641 0.020000
1.886063 0.020000
1.887484 0.020000
1.888906 0.020000
1.890328 0.020000
1.891749 0.020000
1.893171 0.020000
1.894592 0.020000
1.896014 0.020000
1.897436 0.020000
1.898857 0.020000
1.900279 0.020000
1.901700 0.020000
1.903122 0.020000
1.904543 0.020000
1.905965 0.020000
1.907387 0.020000
1.908808 0.021667
1.910230 0.021667
1.911651 0.021667
1.913073 0.021667
1.914494 0.021667
1.915916 0.021667
1.917338 0.021667
1.918759 0.021667
1.920181 0.021667
1.921602 0.021667
1.923024 0.021667
1.924446 0.021667
1.925867 0.021667
1.927289 0.021667
1.928710 0.021667
1.930132 0.021667
1.931553 0.021667
1.932975 0.021667
1.934397 0.021667
1.935818 0.021667
1.937240 0.021667
1.938661 0.021667
1.940083 0.021667
1.941505 0.021667
1.942926 0.021667
1.944348 0.021667
1.945769 0.021667
1.947191 0.021667
1.948612 0.021667
1.950034 0.021667
1.951456 0.021667
1.952877 0.021667
1.954299 0.021667
1.955720 0.021667
1.957142 0.021667
1.958563 0.021667
1.959985 0.021667
1.961407 0.021667
1.962828 0.021667
1.964250 0.021667
1.965671 0.021667
1.967093 0.021667
1.968515 0.021667
1.969936 0.021667
1.971358 0.021667
1.972779 0.021667
1.974201 0.021667
1.975622 0.021667
1.977044 0.021667
1.978466 0.021667
1.979887 0.021667
1.981309 0.021667
1.982730 0.021667
1.984152 0.021667
1.985573 0.021667
1.986995 0.021667
1.988417 0.021667
1.989838 0.021667
1.991260 0.021667
1.992681 0.023333
1.994103 0.023333
1.995525 0.023333
1.996946 0.023333
1.998368 0.023333
1.999789 0.023333
2.001211 0.023333
2.002632 0.023333
2.004054 0.023333
2.005476 0.023333
2.006897 0.023333
2.008319 0.023333
2.009740 0.023333
2.011162 0.023333
2.012583 0.023333
2.014005 0.023333
2.015427 0.023333
2.016848 0.023333
2.018270 0.023333
2.019691 0.025000
2.021113 0.025000
2.022535 0.026667
2.023956 0.026667
2.025378 0.026667
2.026799 0.026667
2.028221 0.026667
2.029642 0.026667
2.031064 0.026667
2.032486 0.026667
2.033907 0.026667
2.035329 0.026667
2.036750 0.026667
2.038172 0.026667
2.039594 0.026667
2.041015 0.026667
2.042437 0.026667
2.043858 0.026667
2.045280 0.026667
2.046701 0.026667
2.048123 0.026667
2.049545 0.026667
2.050966 0.026667
2.052388 0.026667
2.053809 0.026667
2.055231 0.026667
2.056652 0.026667
2.058074 0.026667
2.059496 0.026667
2.060917 0.026667
2.062339 0.026667
2.063760 0.026667
2.065182 0.026667
2.066604 0.026667
2.068025 0.026667
2.069447 0.026667
2.070868 0.028333
2.072290 0.028333
2.073711 0.028333
2.075133 0.028333
2.076555 0.030000
2.077976 0.030000
2.079398 0.030000
2.080819 0.030000
2.082241 0.030000
2.083662 0.030000
2.085084 0.030000
2.086506 0.030000
2.087927 0.030000
2.089349 0.030000
2.090770 0.030000
2.092192 0.030000
2.093614 0.030000
2.095035 0.030000
2.096457 0.030000
2.097878 0.031667
2.099300 0.031667
2.100721 0.031667
2.102143 0.033333
2.103565 0.033333
2.104986 0.033333
2.106408 0.033333
2.107829 0.033333
2.109251 0.033333
2.110672 0.033333
2.112094 0.033333
2.113516 0.033333
2.114937 0.033333
2.116359 0.033333
2.117780 0.035000
2.119202 0.035000
2.120624 0.035000
2.122045 0.036667
2.123467 0.036667
2.124888 0.038333
2.126310 0.041667
2.127731 0.041667
2.129153 0.041667
2.130575 0.041667
2.131996 0.041667
2.133418 0.043333
2.134839 0.045000
2.136261 0.045000
2.137682 0.045000
2.139104 0.045000
2.140526 0.045000
2.141947 0.045000
2.143369 0.045000
2.144790 0.045000
2.146212 0.045000
2.147634 0.050000
2.149055 0.050000
2.150477 0.051667
2.151898 0.051667
2.153320 0.051667
2.154741 0.051667
2.156163 0.051667
2.157585 0.053333
2.159006 0.053333
2.160428 0.053333
2.161849 0.053333
2.163271 0.053333
2.164693 0.053333
2.166114 0.055000
2.167536 0.055000
2.168957 0.055000
2.170379 0.055000
2.171800 0.055000
2.173222 0.056667
2.174644 0.056667
2.176065 0.056667
2.177487 0.056667
2.178908 0.056667
2.180330 0.056667
2.181751 0.056667
2.183173 0.056667
2.184595 0.056667
2.186016 0.056667
2.187438 0.056667
2.188859 0.056667
2.190281 0.056667
2.191703 0.058333
2.193124 0.058333
2.194546 0.058333
2.195967 0.058333
2.197389 0.058333
2.198810 0.060000
2.200232 0.060000
2.201654 0.060000
2.203075 0.060000
2.204497 0.060000
2.205918 0.060000
2.207340 0.060000
2.208761 0.061667
2.210183 0.061667
2.211605 0.061667
2.213026 0.061667
2.214448 0.063333
2.215869 0.063333
2.217291 0.063333
2.218713 0.063333
2.220134 0.063333
2.221556 0.063333
2.222977 0.063333
2.224399 0.063333
2.225820 0.063333
2.227242 0.063333
2.228664 0.065000
2.230085 0.066667
2.231507 0.066667
2.232928 0.066667
2.234350 0.066667
2.235771 0.066667
2.237193 0.066667
2.238615 0.066667
2.240036 0.066667
2.241458 0.066667
2.242879 0.066667
2.244301 0.066667
2.245723 0.066667
2.247144 0.066667
2.248566 0.066667
2.249987 0.068333
2.251409 0.068333
2.252830 0.068333
2.254252 0.068333
2.255674 0.068333
2.257095 0.070000
2.258517 0.070000
2.259938 0.070000
2.261360 0.070000
2.262782 0.070000
2.264203 0.071667
2.265625 0.071667
2.267046 0.071667
2.268468 0.071667
2.269889 0.071667
2.271311 0.071667
2.272733 0.071667
2.274154 0.075000
2.275576 0.075000
2.276997 0.078333
2.278419 0.078333
2.279840 0.080000
2.281262 0.081667
2.282684 0.081667
2.284105 0.081667
2.285527 0.081667
2.286948 0.083333
2.288370 0.083333
2.289792 0.083333
2.291213 0.083333
2.292635 0.083333
2.294056 0.083333
2.295478 0.083333
2.296899 0.083333
2.298321 0.083333
2.299743 0.085000
2.301164 0.085000
2.302586 0.085000
2.304007 0.085000
2.305429 0.085000
2.306850 0.085000
2.308272 0.085000
2.309694 0.085000
2.311115 0.085000
2.312537 0.086667
2.313958 0.088333
2.315380 0.088333
2.316802 0.090000
2.318223 0.090000
2.319645 0.090000
2.321066 0.090000
2.322488 0.090000
2.323909 0.091667
2.325331 0.093333
2.326753 0.093333
2.328174 0.093333
2.329596 0.093333
2.331017 0.095000
2.332439 0.095000
2.333860 0.096667
2.335282 0.098333
2.336704 0.098333
2.338125 0.100000
2.339547 0.100000
2.340968 0.100000
2.342390 0.100000
2.343812 0.100000
2.345233 0.100000
2.346655 0.100000
2.348076 0.100000
2.349498 0.100000
2.350919 0.101667
2.352341 0.101667
2.353763 0.101667
2.355184 0.101667
2.356606 0.101667
2.358027 0.101667
2.359449 0.101667
2.360870 0.101667
2.362292 0.101667
2.363714 0.101667
2.365135 0.101667
2.366557 0.105000
2.367978 0.105000
2.369400 0.105000
2.370822 0.105000
2.372243 0.106667
2.373665 0.106667
2.375086 0.110000
2.376508 0.110000
2.377929 0.111667
2.379351 0.111667
2.380773 0.111667
2.382194 0.111667
2.383616 0.111667
2.385037 0.111667
2.386459 0.113333
2.387881 0.113333
2.389302 0.113333
2.390724 0.115000
2.392145 0.116667
2.393567 0.116667
2.394988 0.118333
2.396410 0.118333
2.397832 0.121667
2.399253 0.121667
2.400675 0.123333
2.402096 0.123333
2.403518 0.123333
2.404939 0.123333
2.406361 0.126667
2.407783 0.128333
2.409204 0.128333
2.410626 0.128333
2.412047 0.128333
2.413469 0.128333
2.414891 0.128333
2.416312 0.128333
2.417734 0.128333
2.419155 0.128333
2.420577 0.128333
2.421998 0.130000
2.423420 0.130000
2.424842 0.130000
2.426263 0.130000
2.427685 0.131667
2.429106 0.131667
2.430528 0.131667
2.431949 0.131667
2.433371 0.131667
2.434793 0.131667
2.436214 0.131667
2.437636 0.131667
2.439057 0.131667
2.440479 0.133333
2.441901 0.133333
2.443322 0.136667
2.444744 0.138333
2.446165 0.138333
2.447587 0.140000
2.449008 0.141667
2.450430 0.141667
2.451852 0.141667
2.453273 0.141667
2.454695 0.141667
2.456116 0.141667
2.457538 0.141667
2.458959 0.141667
2.460381 0.141667
2.461803 0.141667
2.463224 0.141667
2.464646 0.141667
2.466067 0.141667
2.467489 0.143333
2.468911 0.143333
2.470332 0.143333
2.471754 0.143333
2.473175 0.143333
2.474597 0.143333
2.476018 0.143333
2.477440 0.143333
2.478862 0.143333
2.480283 0.143333
2.481705 0.143333
2.483126 0.143333
2.484548 0.143333
2.485970 0.143333
2.487391 0.143333
2.488813 0.145000
2.490234 0.145000
2.491656 0.146667
2.493077 0.146667
2.494499 0.146667
2.495921 0.148333
2.497342 0.148333
2.498764 0.148333
2.500185 0.148333
2.501607 0.148333
2.503028 0.148333
2.504450 0.151667
2.505872 0.155000
2.507293 0.155000
2.508715 0.155000
2.510136 0.155000
2.511558 0.155000
2.512980 0.155000
2.514401 0.155000
2.515823 0.155000
2.517244 0.155000
2.518666 0.155000
2.520087 0.155000
2.521509 0.155000
2.522931 0.155000
2.524352 0.156667
2.525774 0.160000
2.527195 0.160000
2.528617 0.160000
2.530038 0.160000
2.531460 0.160000
2.532882 0.160000
2.534303 0.160000
2.535725 0.161667
2.537146 0.161667
2.538568 0.163333
2.539990 0.165000
2.541411 0.165000
2.542833 0.166667
2.544254 0.168333
2.545676 0.168333
2.547097 0.168333
2.548519 0.168333
2.549941 0.168333
2.551362 0.168333
2.552784 0.168333
2.554205 0.168333
2.555627 0.168333
2.557048 0.170000
2.558470 0.170000
2.559892 0.170000
2.561313 0.171667
2.562735 0.171667
2.564156 0.171667
2.565578 0.171667
2.567000 0.171667
2.568421 0.171667
2.569843 0.171667
2.571264 0.171667
2.572686 0.173333
2.574107 0.173333
2.575529 0.173333
2.576951 0.173333
2.578372 0.173333
2.579794 0.175000
2.581215 0.175000
2.582637 0.175000
2.584058 0.175000
2.585480 0.176667
2.586902 0.178333
2.588323 0.178333
2.589745 0.178333
2.591166 0.178333
2.592588 0.178333
2.594010 0.178333
2.595431 0.178333
2.596853 0.178333
2.598274 0.178333
2.599696 0.178333
2.601117 0.178333
2.602539 0.178333
2.603961 0.178333
2.605382 0.180000
2.606804 0.181667
2.608225 0.181667
2.609647 0.183333
2.611069 0.183333
2.612490 0.183333
2.613912 0.183333
2.615333 0.183333
2.616755 0.183333
2.618176 0.183333
2.619598 0.183333
2.621020 0.183333
2.622441 0.183333
2.623863 0.183333
2.625284 0.183333
2.626706 0.183333
2.628127 0.183333
2.629549 0.183333
2.630971 0.183333
2.632392 0.183333
2.633814 0.183333
2.635235 0.185000
2.636657 0.185000
2.638079 0.186667
2.639500 0.190000
2.640922 0.190000
2.642343 0.190000
2.643765 0.190000
2.645186 0.191667
2.646608 0.191667
2.648030 0.191667
2.649451 0.193333
2.650873 0.195000
2.652294 0.196667
2.653716 0.196667
2.655137 0.196667
2.656559 0.196667
2.657981 0.196667
2.659402 0.198333
2.660824 0.198333
2.662245 0.198333
2.663667 0.198333
2.665089 0.198333
2.666510 0.198333
2.667932 0.198333
2.669353 0.198333
2.670775 0.201667
2.672196 0.203333
2.673618 0.203333
2.675040 0.203333
2.676461 0.205000
2.677883 0.205000
2.679304 0.205000
2.680726 0.205000
2.682147 0.205000
2.683569 0.206667
2.684991 0.206667
2.686412 0.206667
2.687834 0.208333
2.689255 0.208333
2.690677 0.208333
2.692099 0.208333
2.693520 0.208333
2.694942 0.210000
2.696363 0.211667
2.697785 0.213333
2.699206 0.215000
2.700628 0.215000
2.702050 0.215000
2.703471 0.215000
2.704893 0.216667
2.706314 0.216667
2.707736 0.216667
2.709158 0.218333
2.710579 0.218333
2.712001 0.218333
2.713422 0.218333
2.714844 0.218333
2.716265 0.218333
2.717687 0.218333
2.719109 0.220000
2.720530 0.220000
2.721952 0.220000
2.723373 0.220000
2.724795 0.221667
2.726216 0.221667
2.727638 0.223333
2.729060 0.226667
2.730481 0.226667
2.731903 0.226667
2.733324 0.226667
2.734746 0.226667
2.736168 0.228333
2.737589 0.228333
2.739011 0.228333
2.740432 0.228333
2.741854 0.230000
2.743275 0.230000
2.744697 0.231667
2.746119 0.235000
2.747540 0.236667
2.748962 0.236667
2.750383 0.236667
2.751805 0.236667
2.753226 0.236667
2.754648 0.238333
2.756070 0.238333
2.757491 0.238333
2.758913 0.240000
2.760334 0.240000
2.761756 0.243333
2.763178 0.243333
2.764599 0.243333
2.766021 0.246667
2.767442 0.246667
2.768864 0.248333
2.770285 0.248333
2.771707 0.248333
2.773129 0.248333
2.774550 0.248333
2.775972 0.248333
2.777393 0.250000
2.778815 0.251667
2.780236 0.253333
2.781658 0.253333
2.783080 0.253333
2.784501 0.253333
2.785923 0.253333
2.787344 0.253333
2.788766 0.253333
2.790188 0.253333
2.791609 0.253333
2.793031 0.255000
2.794452 0.255000
2.795874 0.255000
2.797295 0.256667
2.798717 0.258333
2.800139 0.258333
2.801560 0.260000
2.802982 0.260000
2.804403 0.260000
2.805825 0.260000
2.807246 0.260000
2.808668 0.260000
2.810090 0.260000
2.811511 0.260000
2.812933 0.261667
2.814354 0.261667
2.815776 0.261667
2.817198 0.261667
2.818619 0.261667
2.820041 0.261667
2.821462 0.261667
2.822884 0.261667
2.824305 0.261667
2.825727 0.261667
2.827149 0.261667
2.828570 0.261667
2.829992 0.263333
2.831413 0.263333
2.832835 0.263333
2.834257 0.265000
2.835678 0.265000
2.837100 0.266667
2.838521 0.270000
2.839943 0.270000
2.841364 0.271667
2.842786 0.271667
2.844208 0.271667
2.845629 0.273333
2.847051 0.273333
2.848472 0.273333
2.849894 0.273333
2.851315 0.273333
2.852737 0.275000
2.854159 0.278333
2.855580 0.278333
2.857002 0.280000
2.858423 0.283333
2.859845 0.283333
2.861267 0.283333
2.862688 0.285000
2.864110 0.288333
2.865531 0.288333
2.866953 0.288333
2.868374 0.291667
2.869796 0.291667
2.871218 0.291667
2.872639 0.291667
2.874061 0.293333
2.875482 0.293333
2.876904 0.293333
2.878325 0.295000
2.879747 0.295000
2.881169 0.295000
2.882590 0.295000
2.884012 0.295000
2.885433 0.295000
2.886855 0.298333
2.888277 0.300000
2.889698 0.301667
2.891120 0.301667
2.892541 0.301667
2.893963 0.301667
2.895384 0.303333
2.896806 0.303333
2.898228 0.306667
2.899649 0.306667
2.901071 0.306667
2.902492 0.306667
2.903914 0.306667
2.905335 0.308333
2.906757 0.310000
2.908179 0.310000
2.909600 0.310000
2.911022 0.311667
2.912443 0.311667
2.913865 0.311667
2.915287 0.311667
2.916708 0.313333
2.918130 0.313333
2.919551 0.315000
2.920973 0.315000
2.922394 0.316667
2.923816 0.316667
2.925238 0.316667
2.926659 0.316667
2.928081 0.316667
2.929502 0.318333
2.930924 0.320000
2.932346 0.320000
2.933767 0.320000
2.935189 0.321667
2.936610 0.323333
2.938032 0.325000
2.939453 0.328333
2.940875 0.328333
2.942297 0.328333
2.943718 0.328333
2.945140 0.328333
2.946561 0.328333
2.947983 0.328333
2.949404 0.328333
2.950826 0.330000
2.952248 0.331667
2.953669 0.331667
2.955091 0.331667
2.956512 0.333333
2.957934 0.333333
2.959356 0.333333
2.960777 0.335000
2.962199 0.335000
2.963620 0.336667
2.965042 0.336667
2.966463 0.340000
2.967885 0.340000
2.969307 0.340000
2.970728 0.340000
2.972150 0.341667
2.973571 0.341667
2.974993 0.341667
2.976414 0.341667
2.977836 0.341667
2.979258 0.345000
2.980679 0.345000
2.982101 0.345000
2.983522 0.345000
2.984944 0.346667
2.986366 0.348333
2.987787 0.348333
2.989209 0.348333
2.990630 0.348333
2.992052 0.348333
2.993473 0.348333
2.994895 0.348333
2.996317 0.348333
2.997738 0.348333
2.999160 0.348333
3.000581 0.348333
3.002003 0.348333
3.003424 0.348333
3.004846 0.348333
3.006268 0.348333
3.007689 0.348333
3.009111 0.348333
3.010532 0.348333
3.011954 0.348333
3.013376 0.348333
3.014797 0.348333
3.016219 0.348333
3.017640 0.350000
3.019062 0.350000
3.020483 0.350000
3.021905 0.350000
3.023327 0.350000
3.024748 0.350000
3.026170 0.350000
3.027591 0.351667
3.029013 0.351667
3.030434 0.353333
3.031856 0.353333
3.033278 0.353333
3.034699 0.353333
3.036121 0.353333
3.037542 0.355000
3.038964 0.356667
3.040386 0.358333
3.041807 0.358333
3.043229 0.358333
3.044650 0.358333
3.046072 0.358333
3.047493 0.360000
3.048915 0.360000
3.050337 0.360000
3.051758 0.360000
3.053180 0.361667
3.054601 0.363333
3.056023 0.363333
3.057445 0.363333
3.058866 0.363333
3.060288 0.363333
3.061709 0.365000
3.063131 0.368333
3.064552 0.368333
3.065974 0.368333
3.067396 0.368333
3.068817 0.370000
3.070239 0.370000
3.071660 0.370000
3.073082 0.370000
3.074503 0.370000
3.075925 0.371667
3.077347 0.371667
3.078768 0.375000
3.080190 0.376667
3.081611 0.376667
3.083033 0.376667
3.084455 0.376667
3.085876 0.376667
3.087298 0.376667
3.088719 0.376667
3.090141 0.376667
3.091562 0.378333
3.092984 0.378333
3.094406 0.378333
3.095827 0.378333
3.097249 0.380000
3.098670 0.380000
3.100092 0.380000
3.101513 0.381667
3.102935 0.383333
3.104357 0.383333
3.105778 0.383333
3.107200 0.383333
3.108621 0.383333
3.110043 0.383333
3.111465 0.383333
3.112886 0.385000
3.114308 0.385000
3.115729 0.386667
3.117151 0.386667
3.118572 0.386667
3.119994 0.386667
3.121416 0.390000
3.122837 0.390000
3.124259 0.390000
3.125680 0.390000
3.127102 0.390000
3.128523 0.390000
3.129945 0.390000
3.131367 0.393333
3.132788 0.393333
3.134210 0.393333
3.135631 0.393333
3.137053 0.393333
3.138475 0.395000
3.139896 0.395000
3.141318 0.396667
3.142739 0.396667
3.144161 0.398333
3.145582 0.400000
3.147004 0.401667
3.148426 0.401667
3.149847 0.401667
3.151269 0.401667
3.152690 0.401667
3.154112 0.403333
3.155533 0.403333
3.156955 0.403333
3.158377 0.403333
3.159798 0.403333
3.161220 0.403333
3.162641 0.405000
3.164063 0.406667
3.165485 0.408333
3.166906 0.408333
3.168328 0.408333
3.169749 0.408333
3.171171 0.408333
3.172592 0.408333
3.174014 0.411667
3.175436 0.411667
3.176857 0.413333
3.178279 0.413333
3.179700 0.415000
3.181122 0.415000
3.182544 0.416667
3.183965 0.418333
3.185387 0.418333
3.186808 0.418333
3.188230 0.420000
3.189651 0.420000
3.191073 0.421667
3.192495 0.421667
3.193916 0.423333
3.195338 0.423333
3.196759 0.423333
3.198181 0.425000
3.199602 0.428333
3.201024 0.428333
3.202446 0.428333
3.203867 0.430000
3.205289 0.430000
3.206710 0.430000
3.208132 0.430000
3.209554 0.430000
3.210975 0.430000
3.212397 0.431667
3.213818 0.431667
3.215240 0.431667
3.216661 0.431667
3.218083 0.431667
3.219505 0.431667
3.220926 0.433333
3.222348 0.433333
3.223769 0.433333
3.225191 0.433333
3.226612 0.433333
3.228034 0.433333
3.229456 0.433333
3.230877 0.433333
3.232299 0.433333
3.233720 0.438333
3.235142 0.438333
3.236564 0.438333
3.237985 0.438333
3.239407 0.441667
3.240828 0.441667
3.242250 0.441667
3.243671 0.443333
3.245093 0.446667
3.246515 0.446667
3.247936 0.446667
3.249358 0.446667
3.250779 0.446667
3.252201 0.448333
3.253622 0.450000
3.255044 0.451667
3.256466 0.451667
3.257887 0.451667
3.259309 0.453333
3.260730 0.453333
3.262152 0.455000
3.263574 0.455000
3.264995 0.455000
3.266417 0.456667
3.267838 0.458333
3.269260 0.458333
3.270681 0.458333
3.272103 0.458333
3.273525 0.458333
3.274946 0.458333
3.276368 0.458333
3.277789 0.458333
3.279211 0.458333
3.280633 0.460000
3.282054 0.461667
3.283476 0.461667
3.284897 0.461667
3.286319 0.461667
3.287740 0.461667
3.289162 0.461667
3.290584 0.461667
3.292005 0.461667
3.293427 0.465000
3.294848 0.465000
3.296270 0.465000
3.297691 0.465000
3.299113 0.465000
3.300535 0.465000
3.301956 0.465000
3.303378 0.465000
3.304799 0.465000
3.306221 0.465000
3.307643 0.465000
3.309064 0.465000
3.310486 0.465000
3.311907 0.465000
3.313329 0.465000
3.314750 0.466667
3.316172 0.466667
3.317594 0.468333
3.319015 0.468333
3.320437 0.468333
3.321858 0.468333
3.323280 0.471667
3.324701 0.473333
3.326123 0.476667
3.327545 0.478333
3.328966 0.478333
3.330388 0.478333
3.331809 0.478333
3.333231 0.480000
3.334653 0.481667
3.336074 0.481667
3.337496 0.481667
3.338917 0.481667
3.340339 0.481667
3.341760 0.481667
3.343182 0.481667
3.344604 0.481667
3.346025 0.481667
3.347447 0.481667
3.348868 0.481667
3.350290 0.481667
3.351711 0.481667
3.353133 0.481667
3.354555 0.481667
3.355976 0.481667
3.357398 0.481667
3.358819 0.481667
3.360241 0.483333
3.361663 0.483333
3.363084 0.483333
3.364506 0.485000
3.365927 0.485000
3.367349 0.486667
3.368770 0.486667
3.370192 0.486667
3.371614 0.486667
3.373035 0.486667
3.374457 0.486667
3.375878 0.488333
3.377300 0.488333
3.378721 0.488333
3.380143 0.488333
3.381565 0.488333
3.382986 0.488333
3.384408 0.488333
3.385829 0.488333
3.387251 0.488333
3.388673 0.488333
3.390094 0.490000
3.391516 0.491667
3.392937 0.491667
3.394359 0.495000
3.395780 0.496667
3.397202 0.496667
3.398624 0.496667
3.400045 0.496667
3.401467 0.498333
3.402888 0.498333
3.404310 0.498333
3.405732 0.500000
3.407153 0.500000
3.408575 0.500000
3.409996 0.500000
3.411418 0.503333
3.412839 0.505000
3.414261 0.506667
3.415683 0.508333
3.417104 0.511667
3.418526 0.511667
3.419947 0.511667
3.421369 0.511667
3.422790 0.511667
3.424212 0.513333
3.425634 0.515000
3.427055 0.515000
3.428477 0.516667
3.429898 0.516667
3.431320 0.516667
3.432742 0.516667
3.434163 0.516667
3.435585 0.516667
3.437006 0.516667
3.438428 0.516667
3.439849 0.516667
3.441271 0.516667
3.442693 0.516667
3.444114 0.516667
3.445536 0.516667
3.446957 0.518333
3.448379 0.518333
3.449800 0.518333
3.451222 0.518333
3.452644 0.518333
3.454065 0.518333
3.455487 0.518333
3.456908 0.518333
3.458330 0.518333
3.459752 0.518333
3.461173 0.518333
3.462595 0.518333
3.464016 0.518333
3.465438 0.520000
3.466859 0.520000
3.468281 0.520000
3.469703 0.520000
3.471124 0.521667
3.472546 0.523333
3.473967 0.523333
3.475389 0.523333
3.476810 0.528333
3.478232 0.528333
3.479654 0.528333
3.481075 0.528333
3.482497 0.530000
3.483918 0.533333
3.485340 0.533333
3.486762 0.533333
3.488183 0.535000
3.489605 0.535000
3.491026 0.536667
3.492448 0.540000
3.493869 0.540000
3.495291 0.540000
3.496713 0.540000
3.498134 0.541667
3.499556 0.541667
3.500977 0.541667
3.502399 0.541667
3.503821 0.543333
3.505242 0.546667
3.506664 0.548333
3.508085 0.548333
3.509507 0.548333
3.510928 0.548333
3.512350 0.548333
3.513772 0.550000
3.515193 0.550000
3.516615 0.551667
3.518036 0.553333
3.519458 0.555000
3.520879 0.555000
3.522301 0.555000
3.523723 0.555000
3.525144 0.555000
3.526566 0.555000
3.527987 0.555000
3.529409 0.556667
3.530831 0.556667
3.532252 0.558333
3.533674 0.558333
3.535095 0.560000
3.536517 0.560000
3.537938 0.560000
3.539360 0.560000
3.540782 0.560000
3.542203 0.560000
3.543625 0.560000
3.545046 0.560000
3.546468 0.560000
3.547889 0.560000
3.549311 0.560000
3.550733 0.560000
3.552154 0.560000
3.553576 0.560000
3.554997 0.560000
3.556419 0.561667
3.557841 0.561667
3.559262 0.561667
3.560684 0.561667
3.562105 0.561667
3.563527 0.561667
3.564948 0.561667
3.566370 0.563333
3.567792 0.565000
3.569213 0.565000
3.570635 0.565000
3.572056 0.565000
3.573478 0.565000
3.574899 0.565000
3.576321 0.565000
3.577743 0.566667
3.579164 0.566667
3.580586 0.566667
3.582007 0.568333
3.583429 0.568333
3.584851 0.570000
3.586272 0.570000
3.587694 0.570000
3.589115 0.570000
3.590537 0.571667
3.591958 0.571667
3.593380 0.573333
3.594802 0.573333
3.596223 0.575000
3.597645 0.575000
3.599066 0.575000
3.600488 0.575000
3.601909 0.575000
3.603331 0.575000
3.604753 0.575000
3.606174 0.575000
3.607596 0.576667
3.609017 0.576667
3.610439 0.576667
3.611861 0.578333
3.613282 0.578333
3.614704 0.578333
3.616125 0.578333
3.617547 0.578333
3.618968 0.578333
3.620390 0.578333
3.621812 0.580000
3.623233 0.580000
3.624655 0.581667
3.626076 0.581667
3.627498 0.583333
3.628920 0.583333
3.630341 0.585000
3.631763 0.585000
3.633184 0.585000
3.634606 0.585000
3.636027 0.586667
3.637449 0.586667
3.638871 0.586667
3.640292 0.586667
3.641714 0.586667
3.643135 0.586667
3.644557 0.586667
3.645978 0.588333
3.647400 0.588333
3.648822 0.588333
3.650243 0.588333
3.651665 0.590000
3.653086 0.591667
3.654508 0.593333
3.655930 0.595000
3.657351 0.595000
3.658773 0.595000
3.660194 0.595000
3.661616 0.595000
3.663037 0.595000
3.664459 0.595000
3.665881 0.595000
3.667302 0.595000
3.668724 0.596667
3.670145 0.598333
3.671567 0.600000
3.672988 0.600000
3.674410 0.601667
3.675832 0.601667
3.677253 0.603333
3.678675 0.603333
3.680096 0.603333
3.681518 0.603333
3.682940 0.603333
3.684361 0.603333
3.685783 0.603333
3.687204 0.603333
3.688626 0.603333
3.690047 0.603333
3.691469 0.603333
3.692891 0.603333
3.694312 0.603333
3.695734 0.603333
3.697155 0.603333
3.698577 0.603333
3.699998 0.603333
3.701420 0.605000
3.702842 0.605000
3.704263 0.605000
3.705685 0.605000
3.707106 0.605000
3.708528 0.605000
3.709950 0.608333
3.711371 0.608333
3.712793 0.608333
3.714214 0.610000
3.715636 0.611667
3.717057 0.611667
3.718479 0.613333
3.719901 0.613333
3.721322 0.615000
3.722744 0.615000
3.724165 0.616667
3.725587 0.616667
3.727009 0.616667
3.728430 0.616667
3.729852 0.616667
3.731273 0.616667
3.732695 0.616667
3.734116 0.616667
3.735538 0.616667
3.736960 0.618333
3.738381 0.618333
3.739803 0.618333
3.741224 0.620000
3.742646 0.620000
3.744067 0.620000
3.745489 0.620000
3.746911 0.620000
3.748332 0.620000
3.749754 0.620000
3.751175 0.620000
3.752597 0.620000
3.754019 0.620000
3.755440 0.620000
3.756862 0.620000
3.758283 0.620000
3.759705 0.620000
3.761126 0.620000
3.762548 0.620000
3.763970 0.620000
3.765391 0.621667
3.766813 0.621667
3.768234 0.621667
3.769656 0.623333
3.771077 0.623333
3.772499 0.623333
3.773921 0.623333
3.775342 0.623333
3.776764 0.623333
3.778185 0.623333
3.779607 0.625000
3.781029 0.626667
3.782450 0.626667
3.783872 0.626667
3.785293 0.628333
3.786715 0.630000
3.788136 0.631667
3.789558 0.631667
3.790980 0.631667
3.792401 0.631667
3.793823 0.633333
3.795244 0.633333
3.796666 0.640000
3.798087 0.640000
3.799509 0.640000
3.800931 0.640000
3.802352 0.641667
3.803774 0.641667
3.805195 0.641667
3.806617 0.641667
3.808039 0.641667
3.809460 0.643333
3.810882 0.643333
3.812303 0.643333
3.813725 0.643333
3.815146 0.643333
3.816568 0.643333
3.817990 0.643333
3.819411 0.643333
3.820833 0.643333
3.822254 0.645000
3.823676 0.645000
3.825097 0.646667
3.826519 0.646667
3.827941 0.646667
3.829362 0.646667
3.830784 0.646667
3.832205 0.646667
3.833627 0.646667
3.835049 0.646667
3.836470 0.646667
3.837892 0.648333
3.839313 0.648333
3.840735 0.650000
3.842156 0.650000
3.843578 0.650000
3.845000 0.655000
3.846421 0.655000
3.847843 0.655000
3.849264 0.655000
3.850686 0.656667
3.852108 0.658333
3.853529 0.658333
3.854951 0.660000
3.856372 0.660000
3.857794 0.660000
3.859215 0.660000
3.860637 0.660000
3.862059 0.660000
3.863480 0.661667
3.864902 0.663333
3.866323 0.663333
3.867745 0.663333
3.869166 0.663333
3.870588 0.663333
3.872010 0.663333
3.873431 0.665000
3.874853 0.665000
3.876274 0.665000
3.877696 0.665000
3.879118 0.665000
3.880539 0.665000
3.881961 0.665000
3.883382 0.666667
3.884804 0.666667
3.886225 0.668333
3.887647 0.670000
3.889069 0.670000
3.890490 0.670000
3.891912 0.670000
3.893333 0.670000
3.894755 0.670000
3.896176 0.670000
3.897598 0.670000
3.899020 0.670000
3.900441 0.675000
3.901863 0.676667
3.903284 0.676667
3.904706 0.676667
3.906128 0.676667
3.907549 0.676667
3.908971 0.676667
3.910392 0.676667
3.911814 0.676667
3.913235 0.680000
3.914657 0.680000
3.916079 0.680000
3.917500 0.680000
3.918922 0.681667
3.920343 0.683333
3.921765 0.683333
3.923186 0.685000
3.924608 0.685000
3.926030 0.685000
3.927451 0.685000
3.928873 0.685000
3.930294 0.686667
3.931716 0.686667
3.933138 0.686667
3.934559 0.686667
3.935981 0.686667
3.937402 0.686667
3.938824 0.688333
3.940245 0.688333
3.941667 0.688333
3.943089 0.688333
3.944510 0.688333
3.945932 0.688333
3.947353 0.688333
3.948775 0.688333
3.950197 0.688333
3.951618 0.688333
3.953040 0.688333
3.954461 0.688333
3.955883 0.688333
3.957304 0.688333
3.958726 0.690000
3.960148 0.690000
3.961569 0.690000
3.962991 0.690000
3.964412 0.690000
3.965834 0.690000
3.967255 0.690000
3.968677 0.690000
3.970099 0.690000
3.971520 0.690000
3.972942 0.690000
3.974363 0.690000
3.975785 0.690000
3.977207 0.690000
3.978628 0.690000
3.980050 0.690000
3.981471 0.690000
3.982893 0.690000
3.984314 0.690000
3.985736 0.691667
3.987158 0.693333
3.988579 0.693333
3.990001 0.693333
3.991422 0.693333
3.992844 0.693333
3.994265 0.693333
3.995687 0.695000
3.997109 0.695000
3.998530 0.695000
3.999952 0.695000
4.001373 0.695000
4.002795 0.695000
4.004217 0.695000
4.005638 0.695000
4.007060 0.695000
4.008481 0.695000
4.009903 0.695000
4.011324 0.695000
4.012746 0.695000
4.014168 0.695000
4.015589 0.695000
4.017011 0.695000
4.018432 0.695000
4.019854 0.696667
4.021275 0.696667
4.022697 0.696667
4.024119 0.696667
4.025540 0.696667
4.026962 0.696667
4.028383 0.696667
4.029805 0.696667
4.031227 0.696667
4.032648 0.696667
4.034070 0.696667
4.035491 0.696667
4.036913 0.696667
4.038334 0.698333
4.039756 0.698333
4.041178 0.698333
4.042599 0.698333
4.044021 0.698333
4.045442 0.698333
4.046864 0.698333
4.048285 0.698333
4.049707 0.698333
4.051129 0.698333
4.052550 0.698333
4.053972 0.698333
4.055393 0.698333
4.056815 0.698333
4.058237 0.698333
4.059658 0.698333
4.061080 0.698333
4.062501 0.698333
4.063923 0.698333
4.065344 0.698333
4.066766 0.698333
4.068188 0.698333
4.069609 0.700000
4.071031 0.700000
4.072452 0.700000
4.073874 0.700000
4.075296 0.700000
4.076717 0.700000
4.078139 0.700000
4.079560 0.700000
4.080982 0.700000
4.082403 0.700000
4.083825 0.700000
4.085247 0.701667
4.086668 0.701667
4.088090 0.701667
4.089511 0.703333
4.090933 0.703333
4.092354 0.705000
4.093776 0.705000
4.095198 0.705000
4.096619 0.705000
4.098041 0.706667
4.099462 0.708333
4.100884 0.708333
4.102306 0.708333
4.103727 0.708333
4.105149 0.710000
4.106570 0.715000
4.107992 0.715000
4.109413 0.716667
4.110835 0.716667
4.112257 0.716667
4.113678 0.720000
4.115100 0.720000
4.116521 0.720000
4.117943 0.720000
4.119364 0.720000
4.120786 0.721667
4.122208 0.721667
4.123629 0.721667
4.125051 0.721667
4.126472 0.721667
4.127894 0.721667
4.129316 0.721667
4.130737 0.721667
4.132159 0.721667
4.133580 0.723333
4.135002 0.723333
4.136423 0.723333
4.137845 0.723333
4.139267 0.723333
4.140688 0.723333
4.142110 0.723333
4.143531 0.723333
4.144953 0.723333
4.146374 0.723333
4.147796 0.723333
4.149218 0.725000
4.150639 0.725000
4.152061 0.725000
4.153482 0.725000
4.154904 0.725000
4.156326 0.725000
4.157747 0.725000
4.159169 0.726667
4.160590 0.726667
4.162012 0.728333
4.163433 0.728333
4.164855 0.728333
4.166277 0.728333
4.167698 0.728333
4.169120 0.728333
4.170541 0.730000
4.171963 0.730000
4.173385 0.730000
4.174806 0.730000
4.176228 0.730000
4.177649 0.730000
4.179071 0.730000
4.180492 0.730000
4.181914 0.730000
4.183336 0.730000
4.184757 0.730000
4.186179 0.733333
4.187600 0.735000
4.189022 0.735000
4.190443 0.735000
4.191865 0.735000
4.193287 0.735000
4.194708 0.735000
4.196130 0.735000
4.197551 0.735000
4.198973 0.735000
4.200395 0.735000
4.201816 0.736667
4.203238 0.736667
4.204659 0.736667
4.206081 0.736667
4.207502 0.738333
4.208924 0.738333
4.210346 0.738333
4.211767 0.738333
4.213189 0.738333
4.214610 0.738333
4.216032 0.738333
4.217453 0.738333
4.218875 0.738333
4.220297 0.738333
4.221718 0.738333
4.223140 0.738333
4.224561 0.738333
4.225983 0.738333
4.227405 0.740000
4.228826 0.740000
4.230248 0.740000
4.231669 0.740000
4.233091 0.741667
4.234512 0.741667
4.235934 0.743333
4.237356 0.743333
4.238777 0.743333
4.240199 0.743333
4.241620 0.743333
4.243042 0.745000
4.244463 0.745000
4.245885 0.746667
4.247307 0.746667
4.248728 0.746667
4.250150 0.746667
4.251571 0.746667
4.252993 0.746667
4.254415 0.746667
4.255836 0.746667
4.257258 0.746667
4.258679 0.748333
4.260101 0.748333
4.261522 0.748333
4.262944 0.748333
4.264366 0.750000
4.265787 0.750000
4.267209 0.750000
4.268630 0.751667
4.270052 0.751667
4.271473 0.751667
4.272895 0.753333
4.274317 0.753333
4.275738 0.755000
4.277160 0.756667
4.278581 0.756667
4.280003 0.756667
4.281425 0.756667
4.282846 0.756667
4.284268 0.756667
4.285689 0.756667
4.287111 0.756667
4.288532 0.756667
4.289954 0.756667
4.291376 0.756667
4.292797 0.756667
4.294219 0.756667
4.295640 0.756667
4.297062 0.756667
4.298484 0.756667
4.299905 0.756667
4.301327 0.756667
4.302748 0.756667
4.304170 0.758333
4.305591 0.758333
4.307013 0.758333
4.308435 0.758333
4.309856 0.760000
4.311278 0.760000
4.312699 0.760000
4.314121 0.760000
4.315542 0.760000
4.316964 0.760000
4.318386 0.760000
4.319807 0.760000
4.321229 0.760000
4.322650 0.760000
4.324072 0.761667
4.325494 0.761667
4.326915 0.761667
4.328337 0.761667
4.329758 0.763333
4.331180 0.763333
4.332601 0.765000
4.334023 0.765000
4.335445 0.765000
4.336866 0.765000
4.338288 0.766667
4.339709 0.770000
4.341131 0.770000
4.342552 0.770000
4.343974 0.770000
4.345396 0.770000
4.346817 0.770000
4.348239 0.770000
4.349660 0.770000
4.351082 0.770000
4.352504 0.770000
4.353925 0.770000
4.355347 0.771667
4.356768 0.771667
4.358190 0.771667
4.359611 0.771667
4.361033 0.771667
4.362455 0.773333
4.363876 0.773333
4.365298 0.773333
4.366719 0.776667
4.368141 0.776667
4.369562 0.776667
4.370984 0.776667
4.372406 0.776667
4.373827 0.776667
4.375249 0.776667
4.376670 0.776667
4.378092 0.776667
4.379514 0.776667
4.380935 0.778333
4.382357 0.778333
4.383778 0.778333
4.385200 0.778333
4.386621 0.778333
4.388043 0.780000
4.389465 0.780000
4.390886 0.780000
4.392308 0.781667
4.393729 0.781667
4.395151 0.781667
4.396572 0.781667
4.397994 0.781667
4.399416 0.781667
4.400837 0.781667
4.402259 0.781667
4.403680 0.781667
4.405102 0.781667
4.406524 0.783333
4.407945 0.783333
4.409367 0.785000
4.410788 0.785000
4.412210 0.785000
4.413631 0.785000
4.415053 0.785000
4.416475 0.785000
4.417896 0.785000
4.419318 0.788333
4.420739 0.788333
4.422161 0.788333
4.423583 0.788333
4.425004 0.788333
4.426426 0.788333
4.427847 0.788333
4.429269 0.788333
4.430690 0.788333
4.432112 0.788333
4.433534 0.788333
4.434955 0.790000
4.436377 0.790000
4.437798 0.790000
4.439220 0.790000
4.440641 0.790000
4.442063 0.790000
4.443485 0.790000
4.444906 0.790000
4.446328 0.790000
4.447749 0.790000
4.449171 0.790000
4.450593 0.790000
4.452014 0.791667
4.453436 0.791667
4.454857 0.791667
4.456279 0.791667
4.457700 0.791667
4.459122 0.791667
4.460544 0.793333
4.461965 0.793333
4.463387 0.793333
4.464808 0.793333
4.466230 0.795000
4.467651 0.795000
4.469073 0.795000
4.470495 0.795000
4.471916 0.795000
4.473338 0.795000
4.474759 0.795000
4.476181 0.795000
4.477603 0.795000
4.479024 0.795000
4.480446 0.795000
4.481867 0.795000
4.483289 0.795000
4.484710 0.796667
4.486132 0.796667
4.487554 0.796667
4.488975 0.798333
4.490397 0.798333
4.491818 0.798333
4.493240 0.800000
4.494661 0.800000
4.496083 0.800000
4.497505 0.800000
4.498926 0.800000
4.500348 0.801667
4.501769 0.801667
4.503191 0.801667
4.504613 0.801667
4.506034 0.803333
4.507456 0.803333
4.508877 0.803333
4.510299 0.803333
4.511720 0.805000
4.513142 0.805000
4.514564 0.805000
4.515985 0.805000
4.517407 0.805000
4.518828 0.805000
4.520250 0.805000
4.521672 0.806667
4.523093 0.806667
4.524515 0.806667
4.525936 0.806667
4.527358 0.806667
4.528779 0.808333
4.530201 0.808333
4.531623 0.808333
4.533044 0.808333
4.534466 0.808333
4.535887 0.808333
4.537309 0.808333
4.538730 0.808333
4.540152 0.808333
4.541574 0.808333
4.542995 0.808333
4.544417 0.810000
4.545838 0.810000
4.547260 0.810000
4.548682 0.810000
4.550103 0.811667
4.551525 0.811667
4.552946 0.811667
4.554368 0.813333
4.555789 0.813333
4.557211 0.813333
4.558633 0.813333
4.560054 0.813333
4.561476 0.813333
4.562897 0.813333
4.564319 0.813333
4.565740 0.813333
4.567162 0.813333
4.568584 0.813333
4.570005 0.813333
4.571427 0.813333
4.572848 0.813333
4.574270 0.813333
4.575692 0.813333
4.577113 0.813333
4.578535 0.813333
4.579956 0.815000
4.581378 0.815000
4.582799 0.815000
4.584221 0.815000
4.585643 0.815000
4.587064 0.815000
4.588486 0.816667
4.589907 0.818333
4.591329 0.818333
4.592750 0.818333
4.594172 0.818333
4.595594 0.820000
4.597015 0.820000
4.598437 0.821667
4.599858 0.821667
4.601280 0.823333
4.602702 0.823333
4.604123 0.823333
4.605545 0.823333
4.606966 0.823333
4.608388 0.823333
4.609809 0.823333
4.611231 0.823333
4.612653 0.823333
4.614074 0.826667
4.615496 0.826667
4.616917 0.826667
4.618339 0.826667
4.619760 0.828333
4.621182 0.828333
4.622604 0.828333
4.624025 0.828333
4.625447 0.830000
4.626868 0.830000
4.628290 0.830000
4.629712 0.831667
4.631133 0.831667
4.632555 0.831667
4.633976 0.831667
4.635398 0.831667
4.636819 0.831667
4.638241 0.831667
4.639663 0.831667
4.641084 0.831667
4.642506 0.831667
4.643927 0.831667
4.645349 0.831667
4.646771 0.833333
4.648192 0.833333
4.649614 0.833333
4.651035 0.833333
4.652457 0.833333
4.653878 0.833333
4.655300 0.833333
4.656722 0.833333
4.658143 0.833333
4.659565 0.833333
4.660986 0.833333
4.662408 0.833333
4.663829 0.833333
4.665251 0.833333
4.666673 0.833333
4.668094 0.833333
4.669516 0.833333
4.670937 0.835000
4.672359 0.835000
4.673781 0.835000
4.675202 0.835000
4.676624 0.835000
4.678045 0.835000
4.679467 0.835000
4.680888 0.835000
4.682310 0.835000
4.683732 0.835000
4.685153 0.835000
4.686575 0.836667
4.687996 0.836667
4.689418 0.836667
4.690839 0.836667
4.692261 0.836667
4.693683 0.836667
4.695104 0.836667
4.696526 0.836667
4.697947 0.836667
4.699369 0.836667
4.700791 0.836667
4.702212 0.838333
4.703634 0.838333
4.705055 0.838333
4.706477 0.838333
4.707898 0.838333
4.709320 0.838333
4.710742 0.838333
4.712163 0.840000
4.713585 0.840000
4.715006 0.840000
4.716428 0.840000
4.717849 0.840000
4.719271 0.840000
4.720693 0.840000
4.722114 0.840000
4.723536 0.841667
4.724957 0.841667
4.726379 0.841667
4.727801 0.841667
4.729222 0.841667
4.730644 0.843333
4.732065 0.843333
4.733487 0.843333
4.734908 0.843333
4.736330 0.843333
4.737752 0.843333
4.739173 0.843333
4.740595 0.843333
4.742016 0.843333
4.743438 0.843333
4.744860 0.843333
4.746281 0.843333
4.747703 0.845000
4.749124 0.845000
4.750546 0.848333
4.751967 0.848333
4.753389 0.848333
4.754811 0.848333
4.756232 0.848333
4.757654 0.848333
4.759075 0.848333
4.760497 0.848333
4.761918 0.848333
4.763340 0.848333
4.764762 0.848333
4.766183 0.848333
4.767605 0.850000
4.769026 0.851667
4.770448 0.851667
4.771870 0.851667
4.773291 0.851667
4.774713 0.853333
4.776134 0.853333
4.777556 0.853333
4.778977 0.853333
4.780399 0.853333
4.781821 0.853333
4.783242 0.853333
4.784664 0.855000
4.786085 0.856667
4.787507 0.856667
4.788928 0.856667
4.790350 0.856667
4.791772 0.856667
4.793193 0.856667
4.794615 0.858333
4.796036 0.858333
4.797458 0.858333
4.798880 0.860000
4.800301 0.860000
4.801723 0.860000
4.803144 0.860000
4.804566 0.860000
4.805987 0.860000
4.807409 0.860000
4.808831 0.860000
4.810252 0.860000
4.811674 0.860000
4.813095 0.860000
4.814517 0.860000
4.815938 0.860000
4.817360 0.861667
4.818782 0.861667
4.820203 0.861667
4.821625 0.861667
4.823046 0.861667
4.824468 0.861667
4.825890 0.861667
4.827311 0.861667
4.828733 0.861667
4.830154 0.861667
4.831576 0.861667
4.832997 0.861667
4.834419 0.861667
4.835841 0.861667
4.837262 0.861667
4.838684 0.861667
4.840105 0.861667
4.841527 0.861667
4.842948 0.861667
4.844370 0.861667
4.845792 0.861667
4.847213 0.861667
4.848635 0.861667
4.850056 0.861667
4.851478 0.861667
4.852900 0.861667
4.854321 0.863333
4.855743 0.863333
4.857164 0.865000
4.858586 0.865000
4.860007 0.865000
4.861429 0.865000
4.862851 0.865000
4.864272 0.865000
4.865694 0.865000
4.867115 0.865000
4.868537 0.865000
4.869959 0.865000
4.871380 0.865000
4.872802 0.865000
4.874223 0.865000
4.875645 0.865000
4.877066 0.865000
4.878488 0.865000
4.879910 0.868333
4.881331 0.868333
4.882753 0.868333
4.884174 0.868333
4.885596 0.868333
4.887017 0.868333
4.888439 0.868333
4.889861 0.868333
4.891282 0.868333
4.892704 0.868333
4.894125 0.868333
4.895547 0.871667
4.896969 0.871667
4.898390 0.871667
4.899812 0.871667
4.901233 0.875000
4.902655 0.875000
4.904076 0.875000
4.905498 0.875000
4.906920 0.875000
4.908341 0.875000
4.909763 0.875000
4.911184 0.875000
4.912606 0.875000
4.914027 0.875000
4.915449 0.876667
4.916871 0.876667
4.918292 0.876667
4.919714 0.876667
4.921135 0.876667
4.922557 0.876667
4.923979 0.876667
4.925400 0.876667
4.926822 0.876667
4.928243 0.876667
4.929665 0.876667
4.931086 0.876667
4.932508 0.876667
4.933930 0.876667
4.935351 0.876667
4.936773 0.876667
4.938194 0.876667
4.939616 0.876667
4.941037 0.876667
4.942459 0.876667
4.943881 0.876667
4.945302 0.876667
4.946724 0.876667
4.948145 0.876667
4.949567 0.878333
4.950989 0.878333
4.952410 0.878333
4.953832 0.878333
4.955253 0.878333
4.956675 0.878333
4.958096 0.878333
4.959518 0.878333
4.960940 0.878333
4.962361 0.878333
4.963783 0.878333
4.965204 0.880000
4.966626 0.880000
4.968048 0.880000
4.969469 0.880000
4.970891 0.880000
4.972312 0.881667
4.973734 0.881667
4.975155 0.881667
4.976577 0.881667
4.977999 0.881667
4.979420 0.881667
4.980842 0.881667
4.982263 0.881667
4.983685 0.881667
4.985106 0.881667
4.986528 0.881667
4.987950 0.881667
4.989371 0.881667
4.990793 0.881667
4.992214 0.881667
4.993636 0.881667
4.995058 0.881667
4.996479 0.881667
4.997901 0.881667
4.999322 0.883333
5.000744 0.883333
5.002165 0.883333
5.003587 0.883333
5.005009 0.883333
5.006430 0.883333
5.007852 0.883333
5.009273 0.885000
5.010695 0.885000
5.012116 0.885000
5.013538 0.885000
5.014960 0.885000
5.016381 0.885000
5.017803 0.885000
5.019224 0.885000
5.020646 0.885000
5.022068 0.885000
5.023489 0.885000
5.024911 0.885000
5.026332 0.885000
5.027754 0.886667
5.029175 0.886667
5.030597 0.886667
5.032019 0.886667
5.033440 0.886667
5.034862 0.886667
5.036283 0.886667
5.037705 0.886667
5.039126 0.886667
5.040548 0.886667
5.041970 0.886667
5.043391 0.886667
5.044813 0.890000
5.046234 0.890000
5.047656 0.890000
5.049078 0.890000
5.050499 0.890000
5.051921 0.890000
5.053342 0.890000
5.054764 0.890000
5.056185 0.890000
5.057607 0.890000
5.059029 0.890000
5.060450 0.890000
5.061872 0.890000
5.063293 0.890000
5.064715 0.890000
5.066136 0.890000
5.067558 0.890000
5.068980 0.890000
5.070401 0.890000
5.071823 0.890000
5.073244 0.890000
5.074666 0.890000
5.076088 0.890000
5.077509 0.890000
5.078931 0.891667
5.080352 0.891667
5.081774 0.893333
5.083195 0.893333
5.084617 0.893333
5.086039 0.893333
5.087460 0.893333
5.088882 0.893333
5.090303 0.893333
5.091725 0.893333
5.093147 0.893333
5.094568 0.893333
5.095990 0.893333
5.097411 0.893333
5.098833 0.895000
5.100254 0.895000
5.101676 0.895000
5.103098 0.895000
5.104519 0.895000
5.105941 0.895000
5.107362 0.895000
5.108784 0.895000
5.110205 0.895000
5.111627 0.895000
5.113049 0.895000
5.114470 0.895000
5.115892 0.895000
5.117313 0.895000
5.118735 0.895000
5.120157 0.895000
5.121578 0.895000
5.123000 0.895000
5.124421 0.895000
5.125843 0.895000
5.127264 0.895000
5.128686 0.895000
5.130108 0.895000
5.131529 0.895000
5.132951 0.895000
5.134372 0.895000
5.135794 0.895000
5.137215 0.895000
5.138637 0.895000
5.140059 0.895000
5.141480 0.895000
5.142902 0.896667
5.144323 0.896667
5.145745 0.896667
5.147167 0.896667
5.148588 0.896667
5.150010 0.896667
5.151431 0.896667
5.152853 0.896667
5.154274 0.896667
5.155696 0.896667
5.157118 0.896667
5.158539 0.896667
5.159961 0.896667
5.161382 0.896667
5.162804 0.896667
5.164225 0.896667
5.165647 0.896667
5.167069 0.896667
5.168490 0.896667
5.169912 0.896667
5.171333 0.896667
5.172755 0.896667
5.174177 0.896667
5.175598 0.896667
5.177020 0.896667
5.178441 0.896667
5.179863 0.896667
5.181284 0.896667
5.182706 0.896667
5.184128 0.896667
5.185549 0.896667
5.186971 0.896667
5.188392 0.896667
5.189814 0.896667
5.191236 0.896667
5.192657 0.896667
5.194079 0.896667
5.195500 0.896667
5.196922 0.896667
5.198343 0.896667
5.199765 0.898333
5.201187 0.898333
5.202608 0.898333
5.204030 0.898333
5.205451 0.898333
5.206873 0.898333
5.208294 0.898333
5.209716 0.898333
5.211138 0.898333
5.212559 0.898333
5.213981 0.898333
5.215402 0.900000
5.216824 0.900000
5.218246 0.900000
5.219667 0.900000
5.221089 0.900000
5.222510 0.900000
5.223932 0.900000
5.225353 0.900000
5.226775 0.900000
5.228197 0.900000
5.229618 0.900000
5.231040 0.901667
5.232461 0.901667
5.233883 0.901667
5.235304 0.901667
5.236726 0.901667
5.238148 0.901667
5.239569 0.901667
5.240991 0.901667
5.242412 0.901667
5.243834 0.901667
5.245256 0.903333
5.246677 0.905000
5.248099 0.906667
5.249520 0.906667
5.250942 0.906667
5.252363 0.906667
5.253785 0.908333
5.255207 0.908333
5.256628 0.908333
5.258050 0.908333
5.259471 0.908333
5.260893 0.908333
5.262314 0.910000
5.263736 0.910000
5.265158 0.911667
5.266579 0.911667
5.268001 0.911667
5.269422 0.911667
5.270844 0.911667
5.272266 0.911667
5.273687 0.911667
5.275109 0.913333
5.276530 0.913333
5.277952 0.913333
5.279373 0.913333
5.280795 0.913333
5.282217 0.913333
5.283638 0.913333
5.285060 0.913333
5.286481 0.913333
5.287903 0.913333
5.289324 0.913333
5.290746 0.913333
5.292168 0.913333
5.293589 0.915000
5.295011 0.915000
5.296432 0.915000
5.297854 0.915000
5.299276 0.915000
5.300697 0.915000
5.302119 0.915000
5.303540 0.915000
5.304962 0.915000
5.306383 0.915000
5.307805 0.915000
5.309227 0.915000
5.310648 0.915000
5.312070 0.915000
5.313491 0.915000
5.314913 0.915000
5.316335 0.915000
5.317756 0.915000
5.319178 0.915000
5.320599 0.915000
5.322021 0.915000
5.323442 0.915000
5.324864 0.915000
5.326286 0.915000
5.327707 0.915000
5.329129 0.915000
5.330550 0.915000
5.331972 0.915000
5.333393 0.915000
5.334815 0.915000
5.336237 0.915000
5.337658 0.915000
5.339080 0.915000
5.340501 0.915000
5.341923 0.915000
5.343345 0.915000
5.344766 0.915000
5.346188 0.915000
5.347609 0.915000
5.349031 0.915000
5.350452 0.915000
5.351874 0.915000
5.353296 0.915000
5.354717 0.915000
5.356139 0.915000
5.357560 0.915000
5.358982 0.915000
5.360403 0.915000
5.361825 0.915000
5.363247 0.915000
5.364668 0.916667
5.366090 0.916667
5.367511 0.916667
5.368933 0.916667
5.370355 0.916667
5.371776 0.916667
5.373198 0.916667
5.374619 0.916667
5.376041 0.916667
5.377462 0.916667
5.378884 0.916667
5.380306 0.918333
5.381727 0.918333
5.383149 0.918333
5.384570 0.918333
5.385992 0.918333
5.387413 0.918333
5.388835 0.918333
5.390257 0.918333
5.391678 0.918333
5.393100 0.918333
5.394521 0.918333
5.395943 0.918333
5.397365 0.918333
5.398786 0.918333
5.400208 0.918333
5.401629 0.918333
5.403051 0.918333
5.404472 0.918333
5.405894 0.918333
5.407316 0.918333
5.408737 0.918333
5.410159 0.918333
5.411580 0.918333
5.413002 0.918333
5.414424 0.918333
5.415845 0.918333
5.417267 0.918333
5.418688 0.918333
5.420110 0.918333
5.421531 0.918333
5.422953 0.918333
5.424375 0.918333
5.425796 0.918333
5.427218 0.918333
5.428639 0.918333
5.430061 0.918333
5.431482 0.918333
5.432904 0.918333
5.434326 0.918333
5.435747 0.918333
5.437169 0.918333
5.438590 0.918333
5.440012 0.918333
5.441434 0.918333
5.442855 0.918333
5.444277 0.918333
5.445698 0.918333
5.447120 0.920000
5.448541 0.920000
5.449963 0.920000
5.451385 0.920000
5.452806 0.920000
5.454228 0.920000
5.455649 0.920000
5.457071 0.920000
5.458492 0.920000
5.459914 0.920000
5.461336 0.920000
5.462757 0.920000
5.464179 0.920000
5.465600 0.920000
5.467022 0.920000
5.468444 0.920000
5.469865 0.920000
5.471287 0.921667
5.472708 0.921667
5.474130 0.921667
5.475551 0.921667
5.476973 0.921667
5.478395 0.921667
5.479816 0.921667
5.481238 0.921667
5.482659 0.921667
5.484081 0.921667
5.485502 0.923333
5.486924 0.923333
5.488346 0.923333
5.489767 0.923333
5.491189 0.923333
5.492610 0.923333
5.494032 0.923333
5.495454 0.923333
5.496875 0.923333
5.498297 0.923333
5.499718 0.923333
5.501140 0.923333
5.502561 0.923333
5.503983 0.923333
5.505405 0.923333
5.506826 0.923333
5.508248 0.925000
5.509669 0.925000
5.511091 0.925000
5.512512 0.925000
5.513934 0.925000
5.515356 0.925000
5.516777 0.925000
5.518199 0.925000
5.519620 0.925000
5.521042 0.925000
5.522464 0.925000
5.523885 0.925000
5.525307 0.925000
5.526728 0.925000
5.528150 0.926667
5.529571 0.926667
5.530993 0.926667
5.532415 0.926667
5.533836 0.926667
5.535258 0.926667
5.536679 0.926667
5.538101 0.926667
5.539523 0.926667
5.540944 0.926667
5.542366 0.926667
5.543787 0.926667
5.545209 0.926667
5.546630 0.926667
5.548052 0.926667
5.549474 0.926667
5.550895 0.926667
5.552317 0.926667
5.553738 0.928333
5.555160 0.928333
5.556581 0.928333
5.558003 0.928333
5.559425 0.928333
5.560846 0.928333
5.562268 0.928333
5.563689 0.928333
5.565111 0.928333
5.566533 0.928333
5.567954 0.928333
5.569376 0.928333
5.570797 0.928333
5.572219 0.930000
5.573640 0.930000
5.575062 0.930000
5.576484 0.930000
5.577905 0.930000
5.579327 0.930000
5.580748 0.930000
5.582170 0.930000
5.583591 0.930000
5.585013 0.930000
5.586435 0.930000
5.587856 0.930000
5.589278 0.930000
5.590699 0.931667
5.592121 0.931667
5.593543 0.931667
5.594964 0.931667
5.596386 0.931667
5.597807 0.931667
5.599229 0.931667
5.600650 0.931667
5.602072 0.931667
5.603494 0.931667
5.604915 0.931667
5.606337 0.931667
5.607758 0.931667
5.609180 0.931667
5.610601 0.931667
5.612023 0.931667
5.613445 0.931667
5.614866 0.931667
5.616288 0.931667
5.617709 0.931667
5.619131 0.931667
5.620553 0.931667
5.621974 0.931667
5.623396 0.931667
5.624817 0.931667
5.626239 0.931667
5.627660 0.931667
5.629082 0.931667
5.630504 0.931667
5.631925 0.931667
5.633347 0.931667
5.634768 0.931667
5.636190 0.931667
5.637611 0.931667
5.639033 0.931667
5.640455 0.931667
5.641876 0.931667
5.643298 0.933333
5.644719 0.933333
5.646141 0.935000
5.647563 0.935000
5.648984 0.936667
5.650406 0.936667
5.651827 0.936667
5.653249 0.936667
5.654670 0.936667
5.656092 0.936667
5.657514 0.938333
5.658935 0.938333
5.660357 0.938333
5.661778 0.938333
5.663200 0.938333
5.664622 0.938333
5.666043 0.938333
5.667465 0.938333
5.668886 0.938333
5.670308 0.938333
5.671729 0.938333
5.673151 0.938333
5.674573 0.938333
5.675994 0.938333
5.677416 0.938333
5.678837 0.938333
5.680259 0.938333
5.681680 0.938333
5.683102 0.938333
5.684524 0.938333
5.685945 0.938333
5.687367 0.938333
5.688788 0.938333
5.690210 0.938333
5.691632 0.938333
5.693053 0.938333
5.694475 0.938333
5.695896 0.938333
5.697318 0.938333
5.698739 0.938333
5.700161 0.938333
5.701583 0.938333
5.703004 0.938333
5.704426 0.938333
5.705847 0.938333
5.707269 0.938333
5.708690 0.938333
5.710112 0.938333
5.711534 0.938333
5.712955 0.938333
5.714377 0.938333
5.715798 0.938333
5.717220 0.938333
5.718642 0.938333
5.720063 0.938333
5.721485 0.940000
5.722906 0.940000
5.724328 0.940000
5.725749 0.940000
5.727171 0.940000
5.728593 0.940000
5.730014 0.940000
5.731436 0.940000
5.732857 0.940000
5.734279 0.940000
5.735700 0.940000
5.737122 0.940000
5.738544 0.940000
5.739965 0.940000
5.741387 0.940000
5.742808 0.941667
5.744230 0.941667
5.745652 0.941667
5.747073 0.943333
5.748495 0.943333
5.749916 0.943333
5.751338 0.943333
5.752759 0.943333
5.754181 0.943333
5.755603 0.943333
5.757024 0.943333
5.758446 0.943333
5.759867 0.943333
5.761289 0.943333
5.762711 0.943333
5.764132 0.943333
5.765554 0.945000
5.766975 0.945000
5.768397 0.945000
5.769818 0.945000
5.771240 0.945000
5.772662 0.945000
5.774083 0.945000
5.775505 0.945000
5.776926 0.945000
5.778348 0.945000
5.779769 0.945000
5.781191 0.945000
5.782613 0.945000
5.784034 0.945000
5.785456 0.945000
5.786877 0.945000
5.788299 0.945000
5.789721 0.945000
5.791142 0.945000
5.792564 0.945000
5.793985 0.945000
5.795407 0.945000
5.796828 0.945000
5.798250 0.945000
5.799672 0.945000
5.801093 0.945000
5.802515 0.945000
5.803936 0.945000
5.805358 0.945000
5.806779 0.945000
5.808201 0.945000
5.809623 0.945000
5.811044 0.945000
5.812466 0.945000
5.813887 0.945000
5.815309 0.945000
5.816731 0.945000
5.818152 0.945000
5.819574 0.945000
5.820995 0.945000
5.822417 0.945000
5.823838 0.945000
5.825260 0.945000
5.826682 0.945000
5.828103 0.945000
5.829525 0.945000
5.830946 0.945000
5.832368 0.945000
5.833789 0.945000
5.835211 0.945000
5.836633 0.945000
5.838054 0.945000
5.839476 0.945000
5.840897 0.946667
5.842319 0.946667
5.843741 0.946667
5.845162 0.946667
5.846584 0.946667
5.848005 0.946667
5.849427 0.946667
5.850848 0.946667
5.852270 0.946667
5.853692 0.946667
5.855113 0.948333
5.856535 0.948333
5.857956 0.948333
5.859378 0.948333
5.860799 0.948333
5.862221 0.948333
5.863643 0.948333
5.865064 0.948333
5.866486 0.950000
5.867907 0.950000
5.869329 0.950000
5.870751 0.950000
5.872172 0.950000
5.873594 0.951667
5.875015 0.951667
5.876437 0.951667
5.877858 0.951667
5.879280 0.951667
5.880702 0.951667
5.882123 0.951667
5.883545 0.951667
5.884966 0.951667
5.886388 0.951667
5.887810 0.951667
5.889231 0.951667
5.890653 0.951667
5.892074 0.951667
5.893496 0.951667
5.894917 0.951667
5.896339 0.951667
5.897761 0.951667
5.899182 0.951667
5.900604 0.951667
5.902025 0.951667
5.903447 0.951667
5.904868 0.951667
5.906290 0.951667
5.907712 0.951667
5.909133 0.951667
5.910555 0.951667
5.911976 0.951667
5.913398 0.951667
5.914820 0.951667
5.916241 0.951667
5.917663 0.951667
5.919084 0.951667
5.920506 0.951667
5.921927 0.951667
5.923349 0.951667
5.924771 0.951667
5.926192 0.951667
5.927614 0.951667
5.929035 0.951667
5.930457 0.951667
5.931878 0.951667
5.933300 0.951667
5.934722 0.951667
5.936143 0.951667
5.937565 0.951667
5.938986 0.951667
5.940408 0.951667
5.941830 0.951667
5.943251 0.951667
5.944673 0.951667
5.946094 0.951667
5.947516 0.951667
5.948937 0.951667
5.950359 0.951667
5.951781 0.951667
5.953202 0.951667
5.954624 0.951667
5.956045 0.951667
5.957467 0.951667
5.958888 0.951667
5.960310 0.951667
5.961732 0.953333
5.963153 0.953333
5.964575 0.953333
5.965996 0.953333
5.967418 0.953333
5.968840 0.953333
5.970261 0.953333
5.971683 0.953333
5.973104 0.953333
5.974526 0.953333
5.975947 0.953333
5.977369 0.953333
5.978791 0.953333
5.980212 0.953333
5.981634 0.953333
5.983055 0.953333
5.984477 0.953333
5.985899 0.955000
5.987320 0.955000
5.988742 0.955000
5.990163 0.955000
5.991585 0.955000
5.993006 0.955000
5.994428 0.955000
5.995850 0.955000
5.997271 0.955000
5.998693 0.955000
6.000114 0.955000
6.001536 0.955000
6.002957 0.955000
6.004379 0.955000
6.005801 0.955000
6.007222 0.955000
6.008644 0.955000
6.010065 0.955000
6.011487 0.955000
6.012909 0.955000
6.014330 0.955000
6.015752 0.955000
6.017173 0.955000
6.018595 0.955000
6.020016 0.955000
6.021438 0.955000
6.022860 0.955000
6.024281 0.955000
6.025703 0.955000
6.027124 0.955000
6.028546 0.955000
6.029967 0.955000
6.031389 0.955000
6.032811 0.955000
6.034232 0.955000
6.035654 0.955000
6.037075 0.955000
6.038497 0.955000
6.039919 0.955000
6.041340 0.955000
6.042762 0.955000
6.044183 0.955000
6.045605 0.955000
6.047026 0.955000
6.048448 0.955000
6.049870 0.955000
6.051291 0.955000
6.052713 0.955000
6.054134 0.955000
6.055556 0.955000
6.056977 0.955000
6.058399 0.955000
6.059821 0.955000
6.061242 0.955000
6.062664 0.955000
6.064085 0.955000
6.065507 0.955000
6.066929 0.955000
6.068350 0.955000
6.069772 0.955000
6.071193 0.955000
6.072615 0.955000
6.074036 0.955000
6.075458 0.955000
6.076880 0.955000
6.078301 0.955000
6.079723 0.955000
6.081144 0.955000
6.082566 0.955000
6.083987 0.955000
6.085409 0.955000
6.086831 0.955000
6.088252 0.955000
6.089674 0.955000
6.091095 0.955000
6.092517 0.955000
6.093939 0.955000
6.095360 0.955000
6.096782 0.955000
6.098203 0.955000
6.099625 0.955000
6.101046 0.955000
6.102468 0.955000
6.103890 0.955000
6.105311 0.955000
6.106733 0.955000
6.108154 0.955000
6.109576 0.955000
6.110998 0.955000
6.112419 0.955000
6.113841 0.955000
6.115262 0.955000
6.116684 0.955000
6.118105 0.955000
6.119527 0.955000
6.120949 0.955000
6.122370 0.955000
6.123792 0.955000
6.125213 0.955000
6.126635 0.955000
6.128056 0.955000
6.129478 0.955000
6.130900 0.955000
6.132321 0.955000
6.133743 0.955000
6.135164 0.955000
6.136586 0.955000
6.138008 0.956667
6.139429 0.956667
6.140851 0.956667
6.142272 0.956667
6.143694 0.956667
6.145115 0.956667
6.146537 0.956667
6.147959 0.956667
6.149380 0.956667
6.150802 0.956667
6.152223 0.960000
6.153645 0.960000
6.155066 0.960000
6.156488 0.960000
6.157910 0.960000
6.159331 0.960000
6.160753 0.960000
6.162174 0.960000
6.163596 0.960000
6.165018 0.960000
6.166439 0.960000
6.167861 0.960000
6.169282 0.960000
6.170704 0.960000
6.172125 0.960000
6.173547 0.960000
6.174969 0.960000
6.176390 0.960000
6.177812 0.960000
6.179233 0.960000
6.180655 0.960000
6.182076 0.960000
6.183498 0.960000
6.184920 0.960000
6.186341 0.960000
6.187763 0.960000
6.189184 0.960000
6.190606 0.960000
6.192028 0.960000
6.193449 0.960000
6.194871 0.960000
6.196292 0.960000
6.197714 0.960000
6.199135 0.960000
6.200557 0.960000
6.201979 0.960000
6.203400 0.960000
6.204822 0.960000
6.206243 0.960000
6.207665 0.960000
6.209087 0.960000
6.210508 0.960000
6.211930 0.960000
6.213351 0.960000
6.214773 0.960000
6.216194 0.960000
6.217616 0.960000
6.219038 0.960000
6.220459 0.960000
6.221881 0.960000
6.223302 0.960000
6.224724 0.960000
6.226145 0.960000
6.227567 0.960000
6.228989 0.960000
6.230410 0.960000
6.231832 0.960000
6.233253 0.960000
6.234675 0.960000
6.236097 0.961667
6.237518 0.961667
6.238940 0.961667
6.240361 0.961667
6.241783 0.961667
6.243204 0.961667
6.244626 0.961667
6.246048 0.961667
6.247469 0.961667
6.248891 0.961667
6.250312 0.961667
6.251734 0.961667
6.253155 0.961667
6.254577 0.961667
6.255999 0.961667
6.257420 0.961667
6.258842 0.961667
6.260263 0.961667
6.261685 0.961667
6.263107 0.961667
6.264528 0.961667
6.265950 0.961667
6.267371 0.961667
6.268793 0.961667
6.270214 0.961667
6.271636 0.961667
6.273058 0.961667
6.274479 0.961667
6.275901 0.961667
6.277322 0.961667
6.278744 0.961667
6.280165 0.961667
6.281587 0.961667
6.283009 0.961667
6.284430 0.961667
6.285852 0.961667
6.287273 0.961667
6.288695 0.961667
6.290117 0.963333
6.291538 0.963333
6.292960 0.963333
6.294381 0.963333
6.295803 0.963333
6.297224 0.963333
6.298646 0.963333
6.300068 0.963333
6.301489 0.963333
6.302911 0.963333
6.304332 0.963333
6.305754 0.963333
6.307175 0.963333
6.308597 0.963333
6.310019 0.963333
6.311440 0.963333
6.312862 0.963333
6.314283 0.963333
6.315705 0.963333
6.317127 0.963333
6.318548 0.963333
6.319970 0.963333
6.321391 0.963333
6.322813 0.963333
6.324234 0.963333
6.325656 0.963333
6.327078 0.963333
6.328499 0.963333
6.329921 0.963333
6.331342 0.963333
6.332764 0.963333
6.334186 0.963333
6.335607 0.963333
6.337029 0.963333
6.338450 0.963333
6.339872 0.963333
6.341293 0.963333
6.342715 0.963333
6.344137 0.963333
6.345558 0.963333
6.346980 0.963333
6.348401 0.963333
6.349823 0.963333
6.351244 0.963333
6.352666 0.963333
6.354088 0.963333
6.355509 0.963333
6.356931 0.963333
6.358352 0.963333
6.359774 0.963333
6.361196 0.963333
6.362617 0.963333
6.364039 0.963333
6.365460 0.963333
6.366882 0.963333
6.368303 0.963333
6.369725 0.963333
6.371147 0.963333
6.372568 0.963333
6.373990 0.963333
6.375411 0.963333
6.376833 0.963333
6.378254 0.963333
6.379676 0.963333
6.381098 0.963333
6.382519 0.963333
6.383941 0.963333
6.385362 0.963333
6.386784 0.963333
6.388206 0.963333
6.389627 0.963333
6.391049 0.963333
6.392470 0.963333
6.393892 0.963333
6.395313 0.963333
6.396735 0.963333
6.398157 0.963333
6.399578 0.963333
6.401000 0.963333
6.402421 0.963333
6.403843 0.963333
6.405264 0.963333
6.406686 0.963333
6.408108 0.963333
6.409529 0.963333
6.410951 0.963333
6.412372 0.963333
6.413794 0.963333
6.415216 0.963333
6.416637 0.963333
6.418059 0.963333
6.419480 0.963333
6.420902 0.963333
6.422323 0.963333
6.423745 0.963333
6.425167 0.963333
6.426588 0.963333
6.428010 0.963333
6.429431 0.963333
6.430853 0.963333
6.432275 0.963333
6.433696 0.963333
6.435118 0.963333
6.436539 0.963333
6.437961 0.963333
6.439382 0.963333
6.440804 0.963333
6.442226 0.963333
6.443647 0.963333
6.445069 0.963333
6.446490 0.963333
6.447912 0.963333
6.449333 0.963333
6.450755 0.963333
6.452177 0.963333
6.453598 0.963333
6.455020 0.963333
6.456441 0.963333
6.457863 0.963333
6.459285 0.963333
6.460706 0.963333
6.462128 0.963333
6.463549 0.963333
6.464971 0.963333
6.466392 0.963333
6.467814 0.963333
6.469236 0.963333
6.470657 0.963333
6.472079 0.965000
6.473500 0.965000
6.474922 0.965000
6.476343 0.965000
6.477765 0.965000
6.479187 0.965000
6.480608 0.965000
6.482030 0.965000
6.483451 0.966667
6.484873 0.966667
6.486295 0.966667
6.487716 0.966667
6.489138 0.966667
6.490559 0.966667
6.491981 0.966667
6.493402 0.966667
6.494824 0.966667
6.496246 0.966667
6.497667 0.966667
6.499089 0.966667
6.500510 0.966667
6.501932 0.966667
6.503353 0.966667
6.504775 0.966667
6.506197 0.966667
6.507618 0.966667
6.509040 0.966667
6.510461 0.966667
6.511883 0.966667
6.513305 0.966667
6.514726 0.966667
6.516148 0.966667
6.517569 0.966667
6.518991 0.966667
6.520412 0.966667
6.521834 0.966667
6.523256 0.966667
6.524677 0.966667
6.526099 0.966667
6.527520 0.966667
6.528942 0.966667
6.530363 0.966667
6.531785 0.966667
6.533207 0.966667
6.534628 0.966667
6.536050 0.966667
6.537471 0.966667
6.538893 0.966667
6.540315 0.966667
6.541736 0.966667
6.543158 0.966667
6.544579 0.966667
6.546001 0.966667
6.547422 0.966667
6.548844 0.966667
6.550266 0.966667
6.551687 0.966667
6.553109 0.966667
6.554530 0.966667
6.555952 0.966667
6.557374 0.966667
6.558795 0.966667
6.560217 0.966667
6.561638 0.966667
6.563060 0.966667
6.564481 0.966667
6.565903 0.966667
6.567325 0.966667
6.568746 0.966667
6.570168 0.966667
6.571589 0.966667
6.573011 0.966667
6.574432 0.966667
6.575854 0.966667
6.577276 0.966667
6.578697 0.966667
6.580119 0.966667
6.581540 0.966667
6.582962 0.966667
6.584384 0.966667
6.585805 0.966667
6.587227 0.966667
6.588648 0.966667
6.590070 0.966667
6.591491 0.966667
6.592913 0.966667
6.594335 0.966667
6.595756 0.966667
6.597178 0.966667
6.598599 0.966667
6.600021 0.966667
6.601442 0.966667
6.602864 0.966667
6.604286 0.966667
6.605707 0.966667
6.607129 0.966667
6.608550 0.966667
6.609972 0.966667
6.611394 0.966667
6.612815 0.966667
6.614237 0.966667
6.615658 0.966667
6.617080 0.966667
6.618501 0.966667
6.619923 0.966667
6.621345 0.966667
6.622766 0.966667
6.624188 0.966667
6.625609 0.966667
6.627031 0.966667
6.628452 0.966667
6.629874 0.966667
6.631296 0.966667
6.632717 0.966667
6.634139 0.966667
6.635560 0.966667
6.636982 0.968333
6.638404 0.968333
6.639825 0.968333
6.641247 0.968333
6.642668 0.968333
6.644090 0.968333
6.645511 0.968333
6.646933 0.968333
6.648355 0.968333
6.649776 0.968333
6.651198 0.968333
6.652619 0.968333
6.654041 0.968333
6.655463 0.968333
6.656884 0.968333
6.658306 0.968333
6.659727 0.968333
6.661149 0.968333
6.662570 0.968333
6.663992 0.968333
6.665414 0.968333
6.666835 0.968333
6.668257 0.970000
6.669678 0.970000
6.671100 0.970000
6.672521 0.970000
6.673943 0.970000
6.675365 0.970000
6.676786 0.970000
6.678208 0.970000
6.679629 0.970000
6.681051 0.970000
6.682473 0.970000
6.683894 0.970000
6.685316 0.970000
6.686737 0.970000
6.688159 0.970000
6.689580 0.970000
6.691002 0.970000
6.692424 0.970000
6.693845 0.970000
6.695267 0.970000
6.696688 0.970000
6.698110 0.970000
6.699531 0.970000
6.700953 0.970000
6.702375 0.970000
6.703796 0.970000
6.705218 0.970000
6.706639 0.970000
6.708061 0.970000
6.709483 0.970000
6.710904 0.970000
6.712326 0.970000
6.713747 0.971667
6.715169 0.971667
6.716590 0.971667
6.718012 0.971667
6.719434 0.971667
6.720855 0.971667
6.722277 0.971667
6.723698 0.971667
6.725120 0.971667
6.726541 0.971667
6.727963 0.971667
6.729385 0.971667
6.730806 0.971667
6.732228 0.971667
6.733649 0.971667
6.735071 0.971667
6.736493 0.971667
6.737914 0.971667
6.739336 0.971667
6.740757 0.971667
6.742179 0.971667
6.743600 0.971667
6.745022 0.971667
6.746444 0.971667
6.747865 0.971667
6.749287 0.971667
6.750708 0.971667
6.752130 0.971667
6.753551 0.971667
6.754973 0.971667
6.756395 0.971667
6.757816 0.971667
6.759238 0.971667
6.760659 0.971667
6.762081 0.971667
6.763503 0.971667
6.764924 0.971667
6.766346 0.971667
6.767767 0.971667
6.769189 0.971667
6.770610 0.971667
6.772032 0.971667
6.773454 0.971667
6.774875 0.971667
6.776297 0.971667
6.777718 0.971667
6.779140 0.971667
6.780562 0.971667
6.781983 0.971667
6.783405 0.971667
6.784826 0.971667
6.786248 0.971667
6.787669 0.971667
6.789091 0.971667
6.790513 0.971667
6.791934 0.971667
6.793356 0.971667
6.794777 0.971667
6.796199 0.973333
6.797620 0.973333
6.799042 0.973333
6.800464 0.973333
6.801885 0.973333
6.803307 0.973333
6.804728 0.973333
6.806150 0.973333
6.807572 0.973333
6.808993 0.973333
6.810415 0.973333
6.811836 0.973333
6.813258 0.973333
6.814679 0.973333
6.816101 0.973333
6.817523 0.973333
6.818944 0.973333
6.820366 0.973333
6.821787 0.975000
6.823209 0.975000
6.824630 0.975000
6.826052 0.975000
6.827474 0.975000
6.828895 0.975000
6.830317 0.975000
6.831738 0.975000
6.833160 0.975000
6.834582 0.975000
6.836003 0.975000
6.837425 0.975000
6.838846 0.975000
6.840268 0.975000
6.841689 0.975000
6.843111 0.975000
6.844533 0.975000
6.845954 0.975000
6.847376 0.975000
6.848797 0.975000
6.850219 0.975000
6.851640 0.975000
6.853062 0.975000
6.854484 0.975000
6.855905 0.975000
6.857327 0.975000
6.858748 0.975000
6.860170 0.975000
6.861592 0.975000
6.863013 0.975000
6.864435 0.975000
6.865856 0.975000
6.867278 0.975000
6.868699 0.975000
6.870121 0.975000
6.871543 0.975000
6.872964 0.975000
6.874386 0.975000
6.875807 0.975000
6.877229 0.975000
6.878650 0.975000
6.880072 0.975000
6.881494 0.975000
6.882915 0.975000
6.884337 0.975000
6.885758 0.975000
6.887180 0.975000
6.888602 0.975000
6.890023 0.975000
6.891445 0.975000
6.892866 0.975000
6.894288 0.975000
6.895709 0.975000
6.897131 0.975000
6.898553 0.975000
6.899974 0.975000
6.901396 0.975000
6.902817 0.975000
6.904239 0.975000
6.905661 0.975000
6.907082 0.975000
6.908504 0.975000
6.909925 0.975000
6.911347 0.975000
6.912768 0.975000
6.914190 0.975000
6.915612 0.975000
6.917033 0.975000
6.918455 0.975000
6.919876 0.975000
6.921298 0.975000
6.922719 0.975000
6.924141 0.975000
6.925563 0.975000
6.926984 0.975000
6.928406 0.975000
6.929827 0.975000
6.931249 0.975000
6.932671 0.975000
6.934092 0.975000
6.935514 0.975000
6.936935 0.975000
6.938357 0.975000
6.939778 0.975000
6.941200 0.975000
6.942622 0.975000
6.944043 0.975000
6.945465 0.975000
6.946886 0.975000
6.948308 0.975000
6.949729 0.975000
6.951151 0.975000
6.952573 0.975000
6.953994 0.975000
6.955416 0.975000
6.956837 0.975000
6.958259 0.975000
6.959681 0.975000
6.961102 0.975000
6.962524 0.975000
6.963945 0.975000
6.965367 0.975000
6.966788 0.975000
6.968210 0.975000
6.969632 0.975000
6.971053 0.975000
6.972475 0.975000
6.973896 0.975000
6.975318 0.975000
6.976739 0.975000
6.978161 0.975000
6.979583 0.975000
6.981004 0.975000
6.982426 0.975000
6.983847 0.975000
6.985269 0.975000
6.986691 0.975000
6.988112 0.975000
6.989534 0.976667
6.990955 0.976667
6.992377 0.976667
6.993798 0.976667
6.995220 0.976667
6.996642 0.976667
6.998063 0.976667
6.999485 0.976667
7.000906 0.976667
7.002328 0.976667
7.003750 0.976667
7.005171 0.976667
7.006593 0.976667
7.008014 0.976667
7.009436 0.976667
7.010857 0.976667
7.012279 0.976667
7.013701 0.976667
7.015122 0.976667
7.016544 0.976667
7.017965 0.976667
7.019387 0.976667
7.020808 0.976667
7.022230 0.976667
7.023652 0.976667
7.025073 0.976667
7.026495 0.976667
7.027916 0.976667
7.029338 0.976667
7.030760 0.976667
7.032181 0.976667
7.033603 0.976667
7.035024 0.976667
7.036446 0.976667
7.037867 0.976667
7.039289 0.976667
7.040711 0.976667
7.042132 0.976667
7.043554 0.976667
7.044975 0.976667
7.046397 0.976667
7.047818 0.976667
7.049240 0.976667
7.050662 0.976667
7.052083 0.976667
7.053505 0.976667
7.054926 0.976667
7.056348 0.976667
7.057770 0.976667
7.059191 0.976667
7.060613 0.976667
7.062034 0.976667
7.063456 0.976667
7.064877 0.976667
7.066299 0.976667
7.067721 0.976667
7.069142 0.978333
7.070564 0.978333
7.071985 0.978333
7.073407 0.978333
7.074828 0.978333
7.076250 0.978333
7.077672 0.978333
7.079093 0.978333
7.080515 0.978333
7.081936 0.978333
7.083358 0.978333
7.084780 0.978333
7.086201 0.978333
7.087623 0.978333
7.089044 0.978333
7.090466 0.978333
7.091887 0.978333
7.093309 0.978333
7.094731 0.978333
7.096152 0.978333
7.097574 0.978333
7.098995 0.978333
7.100417 0.978333
7.101838 0.978333
7.103260 0.978333
7.104682 0.978333
7.106103 0.978333
7.107525 0.978333
7.108946 0.978333
7.110368 0.978333
7.111790 0.978333
7.113211 0.978333
7.114633 0.978333
7.116054 0.978333
7.117476 0.978333
7.118897 0.978333
7.120319 0.978333
7.121741 0.978333
7.123162 0.978333
7.124584 0.978333
7.126005 0.978333
7.127427 0.978333
7.128849 0.978333
7.130270 0.978333
7.131692 0.978333
7.133113 0.978333
7.134535 0.978333
7.135956 0.978333
7.137378 0.978333
7.138800 0.978333
7.140221 0.978333
7.141643 0.978333
7.143064 0.978333
7.144486 0.978333
7.145907 0.978333
7.147329 0.978333
7.148751 0.978333
7.150172 0.978333
7.151594 0.978333
7.153015 0.978333
7.154437 0.978333
7.155859 0.978333
7.157280 0.978333
7.158702 0.978333
7.160123 0.978333
7.161545 0.978333
7.162966 0.978333
7.164388 0.978333
7.165810 0.978333
7.167231 0.978333
7.168653 0.978333
7.170074 0.978333
7.171496 0.978333
7.172917 0.978333
7.174339 0.978333
7.175761 0.978333
7.177182 0.980000
7.178604 0.980000
7.180025 0.980000
7.181447 0.980000
7.182869 0.980000
7.184290 0.980000
7.185712 0.980000
7.187133 0.980000
7.188555 0.980000
7.189976 0.980000
7.191398 0.980000
7.192820 0.980000
7.194241 0.980000
7.195663 0.980000
7.197084 0.980000
7.198506 0.980000
7.199927 0.980000
7.201349 0.980000
7.202771 0.980000
7.204192 0.980000
7.205614 0.980000
7.207035 0.980000
7.208457 0.980000
7.209879 0.980000
7.211300 0.980000
7.212722 0.980000
7.214143 0.980000
7.215565 0.980000
7.216986 0.980000
7.218408 0.980000
7.219830 0.980000
7.221251 0.980000
7.222673 0.980000
7.224094 0.980000
7.225516 0.980000
7.226938 0.980000
7.228359 0.980000
7.229781 0.980000
7.231202 0.980000
7.232624 0.980000
7.234045 0.980000
7.235467 0.980000
7.236889 0.980000
7.238310 0.980000
7.239732 0.980000
7.241153 0.980000
7.242575 0.980000
7.243996 0.980000
7.245418 0.980000
7.246840 0.980000
7.248261 0.980000
7.249683 0.980000
7.251104 0.980000
7.252526 0.980000
7.253948 0.980000
7.255369 0.980000
7.256791 0.980000
7.258212 0.980000
7.259634 0.980000
7.261055 0.980000
7.262477 0.980000
7.263899 0.980000
7.265320 0.980000
7.266742 0.980000
7.268163 0.980000
7.269585 0.980000
7.271006 0.980000
7.272428 0.980000
7.273850 0.980000
7.275271 0.980000
7.276693 0.980000
7.278114 0.980000
7.279536 0.980000
7.280958 0.980000
7.282379 0.980000
7.283801 0.980000
7.285222 0.980000
7.286644 0.980000
7.288065 0.980000
7.289487 0.980000
7.290909 0.980000
7.292330 0.980000
7.293752 0.980000
7.295173 0.980000
7.296595 0.980000
7.298016 0.980000
7.299438 0.980000
7.300860 0.980000
7.302281 0.980000
7.303703 0.980000
7.305124 0.980000
7.306546 0.980000
7.307968 0.980000
7.309389 0.980000
7.310811 0.980000
7.312232 0.980000
7.313654 0.980000
7.315075 0.980000
7.316497 0.980000
7.317919 0.980000
7.319340 0.980000
7.320762 0.980000
7.322183 0.980000
7.323605 0.980000
7.325026 0.980000
7.326448 0.980000
7.327870 0.980000
7.329291 0.980000
7.330713 0.980000
7.332134 0.980000
7.333556 0.980000
7.334978 0.980000
7.336399 0.980000
7.337821 0.980000
7.339242 0.980000
7.340664 0.980000
7.342085 0.980000
7.343507 0.980000
7.344929 0.980000
7.346350 0.980000
7.347772 0.980000
7.349193 0.980000
7.350615 0.980000
7.352037 0.980000
7.353458 0.980000
7.354880 0.980000
7.356301 0.980000
7.357723 0.980000
7.359144 0.980000
7.360566 0.980000
7.361988 0.980000
7.363409 0.980000
7.364831 0.980000
7.366252 0.980000
7.367674 0.980000
7.369095 0.980000
7.370517 0.980000
7.371939 0.980000
7.373360 0.980000
7.374782 0.980000
7.376203 0.980000
7.377625 0.980000
7.379047 0.980000
7.380468 0.980000
7.381890 0.980000
7.383311 0.980000
7.384733 0.980000
7.386154 0.980000
7.387576 0.980000
7.388998 0.980000
7.390419 0.980000
7.391841 0.980000
7.393262 0.980000
7.394684 0.980000
7.396105 0.980000
7.397527 0.980000
7.398949 0.980000
7.400370 0.980000
7.401792 0.980000
7.403213 0.980000
7.404635 0.980000
7.406057 0.980000
7.407478 0.980000
7.408900 0.980000
7.410321 0.980000
7.411743 0.980000
7.413164 0.980000
7.414586 0.980000
7.416008 0.980000
7.417429 0.980000
7.418851 0.980000
7.420272 0.980000
7.421694 0.980000
7.423115 0.980000
7.424537 0.980000
7.425959 0.980000
7.427380 0.980000
7.428802 0.980000
7.430223 0.980000
7.431645 0.980000
7.433067 0.980000
7.434488 0.980000
7.435910 0.980000
7.437331 0.980000
7.438753 0.980000
7.440174 0.981667
7.441596 0.981667
7.443018 0.981667
7.444439 0.981667
7.445861 0.981667
7.447282 0.981667
7.448704 0.981667
7.450126 0.981667
7.451547 0.981667
7.452969 0.981667
7.454390 0.981667
7.455812 0.981667
7.457233 0.981667
7.458655 0.981667
7.460077 0.981667
7.461498 0.981667
7.462920 0.981667
7.464341 0.981667
7.465763 0.981667
7.467184 0.981667
7.468606 0.981667
7.470028 0.981667
7.471449 0.981667
7.472871 0.981667
7.474292 0.981667
7.475714 0.981667
7.477136 0.981667
7.478557 0.981667
7.479979 0.981667
7.481400 0.981667
7.482822 0.981667
7.484243 0.981667
7.485665 0.981667
7.487087 0.981667
7.488508 0.981667
7.489930 0.981667
7.491351 0.981667
7.492773 0.981667
7.494194 0.981667
7.495616 0.981667
7.497038 0.981667
7.498459 0.981667
7.499881 0.981667
7.501302 0.981667
7.502724 0.981667
7.504146 0.981667
7.505567 0.981667
7.506989 0.981667
7.508410 0.981667
7.509832 0.981667
7.511253 0.981667
7.512675 0.981667
7.514097 0.981667
7.515518 0.981667
7.516940 0.981667
7.518361 0.981667
7.519783 0.981667
7.521204 0.981667
7.522626 0.981667
7.524048 0.981667
7.525469 0.981667
7.526891 0.981667
7.528312 0.981667
7.529734 0.981667
7.531156 0.981667
7.532577 0.981667
7.533999 0.981667
7.535420 0.981667
7.536842 0.981667
7.538263 0.981667
7.539685 0.981667
7.541107 0.981667
7.542528 0.981667
7.543950 0.981667
7.545371 0.981667
7.546793 0.981667
7.548214 0.981667
7.549636 0.981667
7.551058 0.981667
7.552479 0.981667
7.553901 0.981667
7.555322 0.981667
7.556744 0.981667
7.558166 0.981667
7.559587 0.981667
7.561009 0.981667
7.562430 0.981667
7.563852 0.981667
7.565273 0.981667
7.566695 0.981667
7.568117 0.981667
7.569538 0.981667
7.570960 0.981667
7.572381 0.981667
7.573803 0.981667
7.575225 0.981667
7.576646 0.981667
7.578068 0.981667
7.579489 0.981667
7.580911 0.981667
7.582332 0.981667
7.583754 0.981667
7.585176 0.981667
7.586597 0.981667
7.588019 0.981667
7.589440 0.981667
7.590862 0.981667
7.592283 0.981667
7.593705 0.981667
7.595127 0.981667
7.596548 0.981667
7.597970 0.981667
7.599391 0.981667
7.600813 0.981667
7.602235 0.981667
7.603656 0.981667
7.605078 0.981667
7.606499 0.981667
7.607921 0.981667
7.609342 0.981667
7.610764 0.981667
7.612186 0.981667
7.613607 0.981667
7.615029 0.981667
7.616450 0.981667
7.617872 0.981667
7.619293 0.981667
7.620715 0.981667
7.622137 0.981667
7.623558 0.981667
7.624980 0.981667
7.626401 0.981667
7.627823 0.981667
7.629245 0.981667
7.630666 0.981667
7.632088 0.981667
7.633509 0.981667
7.634931 0.981667
7.636352 0.981667
7.637774 0.981667
7.639196 0.981667
7.640617 0.981667
7.642039 0.981667
7.643460 0.981667
7.644882 0.981667
7.646303 0.983333
7.647725 0.983333
7.649147 0.983333
7.650568 0.983333
7.651990 0.983333
7.653411 0.983333
7.654833 0.983333
7.656255 0.983333
7.657676 0.983333
7.659098 0.983333
7.660519 0.983333
7.661941 0.983333
7.663362 0.983333
7.664784 0.983333
7.666206 0.983333
7.667627 0.983333
7.669049 0.983333
7.670470 0.983333
7.671892 0.983333
7.673314 0.983333
7.674735 0.983333
7.676157 0.983333
7.677578 0.983333
7.679000 0.983333
7.680421 0.983333
7.681843 0.983333
7.683265 0.983333
7.684686 0.983333
7.686108 0.983333
7.687529 0.983333
7.688951 0.983333
7.690372 0.983333
7.691794 0.983333
7.693216 0.983333
7.694637 0.983333
7.696059 0.983333
7.697480 0.983333
7.698902 0.983333
7.700324 0.983333
7.701745 0.983333
7.703167 0.983333
7.704588 0.983333
7.706010 0.983333
7.707431 0.983333
7.708853 0.983333
7.710275 0.983333
7.711696 0.983333
7.713118 0.983333
7.714539 0.983333
7.715961 0.983333
7.717382 0.983333
7.718804 0.983333
7.720226 0.983333
7.721647 0.983333
7.723069 0.983333
7.724490 0.983333
7.725912 0.983333
7.727334 0.983333
7.728755 0.983333
7.730177 0.983333
7.731598 0.983333
7.733020 0.983333
7.734441 0.983333
7.735863 0.983333
7.737285 0.983333
7.738706 0.983333
7.740128 0.983333
7.741549 0.983333
7.742971 0.983333
7.744392 0.983333
7.745814 0.983333
7.747236 0.983333
7.748657 0.983333
7.750079 0.983333
7.751500 0.983333
7.752922 0.983333
7.754344 0.983333
7.755765 0.983333
7.757187 0.983333
7.758608 0.983333
7.760030 0.983333
7.761451 0.983333
7.762873 0.983333
7.764295 0.983333
7.765716 0.983333
7.767138 0.983333
7.768559 0.983333
7.769981 0.983333
7.771402 0.983333
7.772824 0.983333
7.774246 0.983333
7.775667 0.983333
7.777089 0.983333
7.778510 0.983333
7.779932 0.983333
7.781354 0.983333
7.782775 0.983333
7.784197 0.983333
7.785618 0.983333
7.787040 0.983333
7.788461 0.983333
7.789883 0.983333
7.791305 0.983333
7.792726 0.983333
7.794148 0.983333
7.795569 0.983333
7.796991 0.983333
7.798413 0.983333
7.799834 0.983333
7.801256 0.983333
7.802677 0.983333
7.804099 0.983333
7.805520 0.983333
7.806942 0.983333
7.808364 0.983333
7.809785 0.983333
7.811207 0.983333
7.812628 0.983333
7.814050 0.983333
7.815471 0.983333
7.816893 0.983333
7.818315 0.983333
7.819736 0.983333
7.821158 0.983333
7.822579 0.983333
7.824001 0.983333
7.825423 0.983333
7.826844 0.983333
7.828266 0.983333
7.829687 0.983333
7.831109 0.983333
7.832530 0.983333
7.833952 0.983333
7.835374 0.983333
7.836795 0.983333
7.838217 0.983333
7.839638 0.983333
7.841060 0.983333
7.842481 0.983333
7.843903 0.983333
7.845325 0.983333
7.846746 0.983333
7.848168 0.983333
7.849589 0.983333
7.851011 0.983333
7.852433 0.983333
7.853854 0.983333
7.855276 0.983333
7.856697 0.983333
7.858119 0.983333
7.859540 0.983333
7.860962 0.983333
7.862384 0.983333
7.863805 0.983333
7.865227 0.983333
7.866648 0.983333
7.868070 0.983333
7.869491 0.983333
7.870913 0.983333
7.872335 0.983333
7.873756 0.983333
7.875178 0.983333
7.876599 0.983333
7.878021 0.983333
7.879443 0.983333
7.880864 0.983333
7.882286 0.983333
7.883707 0.983333
7.885129 0.983333
7.886550 0.983333
7.887972 0.983333
7.889394 0.983333
7.890815 0.983333
7.892237 0.983333
7.893658 0.983333
7.895080 0.983333
7.896502 0.983333
7.897923 0.983333
7.899345 0.983333
7.900766 0.983333
7.902188 0.983333
7.903609 0.983333
7.905031 0.985000
7.906453 0.985000
7.907874 0.985000
7.909296 0.985000
7.910717 0.985000
7.912139 0.985000
7.913560 0.985000
7.914982 0.985000
7.916404 0.985000
7.917825 0.985000
7.919247 0.985000
7.920668 0.985000
7.922090 0.985000
7.923512 0.985000
7.924933 0.985000
7.926355 0.985000
7.927776 0.985000
7.929198 0.985000
7.930619 0.985000
7.932041 0.985000
7.933463 0.985000
7.934884 0.985000
7.936306 0.985000
7.937727 0.985000
7.939149 0.985000
7.940570 0.985000
7.941992 0.985000
7.943414 0.985000
7.944835 0.985000
7.946257 0.985000
7.947678 0.985000
7.949100 0.985000
7.950522 0.985000
7.951943 0.985000
7.953365 0.985000
7.954786 0.985000
7.956208 0.985000
7.957629 0.985000
7.959051 0.985000
7.960473 0.985000
7.961894 0.985000
7.963316 0.985000
7.964737 0.985000
7.966159 0.985000
7.967580 0.985000
7.969002 0.985000
7.970424 0.985000
7.971845 0.985000
7.973267 0.985000
7.974688 0.985000
7.976110 0.985000
7.977532 0.985000
7.978953 0.985000
7.980375 0.985000
7.981796 0.985000
7.983218 0.985000
7.984639 0.985000
7.986061 0.985000
7.987483 0.985000
7.988904 0.985000
7.990326 0.985000
7.991747 0.985000
7.993169 0.985000
7.994590 0.985000
7.996012 0.985000
7.997434 0.985000
7.998855 0.985000
