1.695289 0.001667
1.697431 0.001667
1.699573 0.001667
1.701715 0.001667
1.703857 0.001667
1.705999 0.001667
1.708141 0.001667
1.710282 0.001667
1.712424 0.001667
1.714566 0.001667
1.716708 0.001667
1.718850 0.001667
1.720992 0.001667
1.723134 0.001667
1.725276 0.001667
1.727418 0.001667
1.729560 0.001667
1.731702 0.001667
1.733844 0.001667
1.735986 0.001667
1.738128 0.001667
1.740270 0.001667
1.742412 0.001667
1.744554 0.001667
1.746696 0.001667
1.748838 0.001667
1.750980 0.001667
1.753122 0.001667
1.755264 0.003333
1.757406 0.003333
1.759548 0.003333
1.761689 0.003333
1.763831 0.003333
1.765973 0.003333
1.768115 0.003333
1.770257 0.003333
1.772399 0.003333
1.774541 0.003333
1.776683 0.003333
1.778825 0.003333
1.780967 0.005000
1.783109 0.005000
1.785251 0.005000
1.787393 0.005000
1.789535 0.005000
1.791677 0.005000
1.793819 0.005000
1.795961 0.005000
1.798103 0.005000
1.800245 0.005000
1.802387 0.005000
1.804529 0.005000
1.806671 0.005000
1.808813 0.006667
1.810954 0.006667
1.813096 0.006667
1.815238 0.006667
1.817380 0.008333
1.819522 0.008333
1.821664 0.008333
1.823806 0.008333
1.825948 0.008333
1.828090 0.008333
1.830232 0.010000
1.832374 0.010000
1.834516 0.010000
1.836658 0.010000
1.838800 0.010000
1.840942 0.010000
1.843084 0.010000
1.845226 0.010000
1.847368 0.010000
1.849510 0.010000
1.851652 0.010000
1.853794 0.010000
1.855936 0.011667
1.858078 0.011667
1.860220 0.011667
1.862361 0.011667
1.864503 0.011667
1.866645 0.011667
1.868787 0.011667
1.870929 0.011667
1.873071 0.011667
1.875213 0.011667
1.877355 0.011667
1.879497 0.011667
1.881639 0.011667
1.883781 0.013333
1.885923 0.013333
1.888065 0.013333
1.890207 0.013333
1.892349 0.013333
1.894491 0.013333
1.896633 0.013333
1.898775 0.013333
1.900917 0.013333
1.903059 0.016667
1.905201 0.016667
1.907343 0.016667
1.909485 0.016667
1.911626 0.016667
1.913768 0.016667
1.915910 0.016667
1.918052 0.016667
1.920194 0.016667
1.922336 0.016667
1.924478 0.016667
1.926620 0.016667
1.928762 0.016667
1.930904 0.016667
1.933046 0.016667
1.935188 0.016667
1.937330 0.016667
1.939472 0.016667
1.941614 0.016667
1.943756 0.016667
1.945898 0.016667
1.948040 0.018333
1.950182 0.018333
1.952324 0.018333
1.954466 0.020000
1.956608 0.020000
1.958750 0.020000
1.960892 0.020000
1.963033 0.020000
1.965175 0.020000
1.967317 0.020000
1.969459 0.020000
1.971601 0.020000
1.973743 0.020000
1.975885 0.020000
1.978027 0.020000
1.980169 0.020000
1.982311 0.020000
1.984453 0.020000
1.986595 0.021667
1.988737 0.021667
1.990879 0.021667
1.993021 0.021667
1.995163 0.021667
1.997305 0.021667
1.999447 0.021667
2.001589 0.021667
2.003731 0.021667
2.005873 0.021667
2.008015 0.021667
2.010157 0.021667
2.012298 0.021667
2.014440 0.021667
2.016582 0.021667
2.018724 0.021667
2.020866 0.021667
2.023008 0.021667
2.025150 0.021667
2.027292 0.021667
2.029434 0.021667
2.031576 0.021667
2.033718 0.021667
2.035860 0.021667
2.038002 0.021667
2.040144 0.021667
2.042286 0.023333
2.044428 0.025000
2.046570 0.026667
2.048712 0.026667
2.050854 0.026667
2.052996 0.026667
2.055138 0.026667
2.057280 0.026667
2.059422 0.026667
2.061564 0.026667
2.063705 0.026667
2.065847 0.026667
2.067989 0.026667
2.070131 0.026667
2.072273 0.026667
2.074415 0.026667
2.076557 0.026667
2.078699 0.026667
2.080841 0.028333
2.082983 0.028333
2.085125 0.030000
2.087267 0.030000
2.089409 0.030000
2.091551 0.030000
2.093693 0.030000
2.095835 0.030000
2.097977 0.030000
2.100119 0.030000
2.102261 0.030000
2.104403 0.030000
2.106545 0.030000
2.108687 0.030000
2.110829 0.030000
2.112970 0.030000
2.115112 0.030000
2.117254 0.030000
2.119396 0.030000
2.121538 0.030000
2.123680 0.030000
2.125822 0.030000
2.127964 0.030000
2.130106 0.030000
2.132248 0.030000
2.134390 0.031667
2.136532 0.031667
2.138674 0.031667
2.140816 0.031667
2.142958 0.031667
2.145100 0.031667
2.147242 0.031667
2.149384 0.031667
2.151526 0.033333
2.153668 0.033333
2.155810 0.033333
2.157952 0.033333
2.160094 0.033333
2.162235 0.033333
2.164377 0.033333
2.166519 0.033333
2.168661 0.033333
2.170803 0.033333
2.172945 0.033333
2.175087 0.033333
2.177229 0.033333
2.179371 0.033333
2.181513 0.033333
2.183655 0.035000
2.185797 0.035000
2.187939 0.035000
2.190081 0.036667
2.192223 0.036667
2.194365 0.036667
2.196507 0.036667
2.198649 0.036667
2.200791 0.040000
2.202933 0.040000
2.205075 0.041667
2.207217 0.041667
2.209359 0.041667
2.211501 0.041667
2.213642 0.043333
2.215784 0.043333
2.217926 0.043333
2.220068 0.045000
2.222210 0.045000
2.224352 0.046667
2.226494 0.046667
2.228636 0.046667
2.230778 0.046667
2.232920 0.048333
2.235062 0.048333
2.237204 0.048333
2.239346 0.048333
2.241488 0.048333
2.243630 0.048333
2.245772 0.048333
2.247914 0.048333
2.250056 0.048333
2.252198 0.048333
2.254340 0.048333
2.256482 0.048333
2.258624 0.048333
2.260766 0.048333
2.262907 0.048333
2.265049 0.048333
2.267191 0.048333
2.269333 0.048333
2.271475 0.050000
2.273617 0.050000
2.275759 0.050000
2.277901 0.050000
2.280043 0.050000
2.282185 0.050000
2.284327 0.050000
2.286469 0.051667
2.288611 0.051667
2.290753 0.053333
2.292895 0.055000
2.295037 0.056667
2.297179 0.056667
2.299321 0.056667
2.301463 0.056667
2.303605 0.056667
2.305747 0.056667
2.307889 0.056667
2.310031 0.060000
2.312173 0.060000
2.314314 0.065000
2.316456 0.066667
2.318598 0.068333
2.320740 0.068333
2.322882 0.068333
2.325024 0.070000
2.327166 0.070000
2.329308 0.070000
2.331450 0.070000
2.333592 0.070000
2.335734 0.070000
2.337876 0.070000
2.340018 0.070000
2.342160 0.070000
2.344302 0.070000
2.346444 0.071667
2.348586 0.071667
2.350728 0.073333
2.352870 0.073333
2.355012 0.075000
2.357154 0.075000
2.359296 0.076667
2.361438 0.076667
2.363579 0.076667
2.365721 0.078333
2.367863 0.083333
2.370005 0.085000
2.372147 0.088333
2.374289 0.088333
2.376431 0.088333
2.378573 0.088333
2.380715 0.088333
2.382857 0.088333
2.384999 0.088333
2.387141 0.090000
2.389283 0.090000
2.391425 0.090000
2.393567 0.090000
2.395709 0.091667
2.397851 0.093333
2.399993 0.093333
2.402135 0.093333
2.404277 0.093333
2.406419 0.093333
2.408561 0.093333
2.410703 0.093333
2.412845 0.093333
2.414986 0.095000
2.417128 0.095000
2.419270 0.095000
2.421412 0.095000
2.423554 0.096667
2.425696 0.096667
2.427838 0.098333
2.429980 0.098333
2.432122 0.098333
2.434264 0.100000
2.436406 0.101667
2.438548 0.101667
2.440690 0.101667
2.442832 0.101667
2.444974 0.101667
2.447116 0.101667
2.449258 0.101667
2.451400 0.101667
2.453542 0.101667
2.455684 0.101667
2.457826 0.101667
2.459968 0.101667
2.462110 0.101667
2.464251 0.101667
2.466393 0.101667
2.468535 0.101667
2.470677 0.101667
2.472819 0.103333
2.474961 0.103333
2.477103 0.103333
2.479245 0.103333
2.481387 0.103333
2.483529 0.103333
2.485671 0.103333
2.487813 0.105000
2.489955 0.106667
2.492097 0.108333
2.494239 0.108333
2.496381 0.110000
2.498523 0.110000
2.500665 0.110000
2.502807 0.110000
2.504949 0.111667
2.507091 0.111667
2.509233 0.111667
2.511375 0.111667
2.513517 0.111667
2.515658 0.111667
2.517800 0.111667
2.519942 0.111667
2.522084 0.111667
2.524226 0.111667
2.526368 0.111667
2.528510 0.113333
2.530652 0.115000
2.532794 0.116667
2.534936 0.116667
2.537078 0.116667
2.539220 0.116667
2.541362 0.120000
2.543504 0.121667
2.545646 0.121667
2.547788 0.121667
2.549930 0.123333
2.552072 0.123333
2.554214 0.123333
2.556356 0.123333
2.558498 0.126667
2.560640 0.126667
2.562782 0.130000
2.564923 0.130000
2.567065 0.130000
2.569207 0.130000
2.571349 0.130000
2.573491 0.133333
2.575633 0.133333
2.577775 0.135000
2.579917 0.135000
2.582059 0.135000
2.584201 0.135000
2.586343 0.141667
2.588485 0.143333
2.590627 0.143333
2.592769 0.143333
2.594911 0.143333
2.597053 0.143333
2.599195 0.145000
2.601337 0.145000
2.603479 0.145000
2.605621 0.145000
2.607763 0.145000
2.609905 0.145000
2.612047 0.145000
2.614188 0.146667
2.616330 0.148333
2.618472 0.148333
2.620614 0.148333
2.622756 0.148333
2.624898 0.150000
2.627040 0.150000
2.629182 0.151667
2.631324 0.153333
2.633466 0.153333
2.635608 0.153333
2.637750 0.153333
2.639892 0.153333
2.642034 0.153333
2.644176 0.155000
2.646318 0.155000
2.648460 0.155000
2.650602 0.155000
2.652744 0.155000
2.654886 0.160000
2.657028 0.161667
2.659170 0.163333
2.661312 0.163333
2.663454 0.163333
2.665595 0.163333
2.667737 0.163333
2.669879 0.163333
2.672021 0.163333
2.674163 0.163333
2.676305 0.163333
2.678447 0.163333
2.680589 0.163333
2.682731 0.166667
2.684873 0.166667
2.687015 0.166667
2.689157 0.168333
2.691299 0.168333
2.693441 0.168333
2.695583 0.168333
2.697725 0.168333
2.699867 0.171667
2.702009 0.171667
2.704151 0.171667
2.706293 0.175000
2.708435 0.176667
2.710577 0.176667
2.712719 0.178333
2.714860 0.178333
2.717002 0.181667
2.719144 0.181667
2.721286 0.181667
2.723428 0.181667
2.725570 0.181667
2.727712 0.183333
2.729854 0.185000
2.731996 0.185000
2.734138 0.188333
2.736280 0.191667
2.738422 0.193333
2.740564 0.195000
2.742706 0.196667
2.744848 0.196667
2.746990 0.196667
2.749132 0.196667
2.751274 0.196667
2.753416 0.196667
2.755558 0.201667
2.757700 0.201667
2.759842 0.201667
2.761984 0.205000
2.764126 0.206667
2.766267 0.206667
2.768409 0.206667
2.770551 0.208333
2.772693 0.210000
2.774835 0.210000
2.776977 0.210000
2.779119 0.211667
2.781261 0.211667
2.783403 0.211667
2.785545 0.213333
2.787687 0.213333
2.789829 0.213333
2.791971 0.213333
2.794113 0.213333
2.796255 0.215000
2.798397 0.215000
2.800539 0.215000
2.802681 0.215000
2.804823 0.215000
2.806965 0.216667
2.809107 0.216667
2.811249 0.216667
2.813391 0.216667
2.815532 0.216667
2.817674 0.216667
2.819816 0.216667
2.821958 0.218333
2.824100 0.220000
2.826242 0.220000
2.828384 0.220000
2.830526 0.220000
2.832668 0.223333
2.834810 0.225000
2.836952 0.225000
2.839094 0.226667
2.841236 0.228333
2.843378 0.230000
2.845520 0.230000
2.847662 0.230000
2.849804 0.230000
2.851946 0.230000
2.854088 0.230000
2.856230 0.233333
2.858372 0.233333
2.860514 0.236667
2.862656 0.236667
2.864798 0.236667
2.866939 0.240000
2.869081 0.241667
2.871223 0.241667
2.873365 0.241667
2.875507 0.241667
2.877649 0.245000
2.879791 0.245000
2.881933 0.245000
2.884075 0.245000
2.886217 0.245000
2.888359 0.245000
2.890501 0.248333
2.892643 0.248333
2.894785 0.248333
2.896927 0.250000
2.899069 0.251667
2.901211 0.251667
2.903353 0.251667
2.905495 0.251667
2.907637 0.253333
2.909779 0.253333
2.911921 0.255000
2.914063 0.255000
2.916204 0.256667
2.918346 0.256667
2.920488 0.256667
2.922630 0.256667
2.924772 0.256667
2.926914 0.256667
2.929056 0.258333
2.931198 0.258333
2.933340 0.260000
2.935482 0.263333
2.937624 0.263333
2.939766 0.266667
2.941908 0.266667
2.944050 0.271667
2.946192 0.271667
2.948334 0.271667
2.950476 0.271667
2.952618 0.271667
2.954760 0.276667
2.956902 0.278333
2.959044 0.278333
2.961186 0.278333
2.963328 0.280000
2.965470 0.283333
2.967611 0.283333
2.969753 0.283333
2.971895 0.283333
2.974037 0.285000
2.976179 0.285000
2.978321 0.285000
2.980463 0.290000
2.982605 0.290000
2.984747 0.291667
2.986889 0.293333
2.989031 0.293333
2.991173 0.293333
2.993315 0.293333
2.995457 0.293333
2.997599 0.295000
2.999741 0.296667
3.001883 0.296667
3.004025 0.300000
3.006167 0.300000
3.008309 0.300000
3.010451 0.300000
3.012593 0.303333
3.014735 0.305000
3.016876 0.305000
3.019018 0.305000
3.021160 0.305000
3.023302 0.306667
3.025444 0.308333
3.027586 0.310000
3.029728 0.310000
3.031870 0.310000
3.034012 0.310000
3.036154 0.310000
3.038296 0.310000
3.040438 0.310000
3.042580 0.311667
3.044722 0.313333
3.046864 0.313333
3.049006 0.316667
3.051148 0.316667
3.053290 0.316667
3.055432 0.316667
3.057574 0.318333
3.059716 0.320000
3.061858 0.320000
3.064000 0.321667
3.066141 0.325000
3.068283 0.325000
3.070425 0.326667
3.072567 0.326667
3.074709 0.326667
3.076851 0.326667
3.078993 0.326667
3.081135 0.326667
3.083277 0.326667
3.085419 0.328333
3.087561 0.328333
3.089703 0.328333
3.091845 0.331667
3.093987 0.331667
3.096129 0.331667
3.098271 0.331667
3.100413 0.333333
3.102555 0.335000
3.104697 0.335000
3.106839 0.338333
3.108981 0.338333
3.111123 0.341667
3.113265 0.341667
3.115407 0.341667
3.117548 0.341667
3.119690 0.341667
3.121832 0.343333
3.123974 0.345000
3.126116 0.345000
3.128258 0.345000
3.130400 0.346667
3.132542 0.346667
3.134684 0.346667
3.136826 0.346667
3.138968 0.346667
3.141110 0.350000
3.143252 0.350000
3.145394 0.351667
3.147536 0.353333
3.149678 0.355000
3.151820 0.355000
3.153962 0.355000
3.156104 0.356667
3.158246 0.358333
3.160388 0.360000
3.162530 0.360000
3.164672 0.360000
3.166813 0.360000
3.168955 0.360000
3.171097 0.360000
3.173239 0.360000
3.175381 0.361667
3.177523 0.363333
3.179665 0.366667
3.181807 0.368333
3.183949 0.370000
3.186091 0.370000
3.188233 0.371667
3.190375 0.373333
3.192517 0.373333
3.194659 0.373333
3.196801 0.373333
3.198943 0.376667
3.201085 0.376667
3.203227 0.378333
3.205369 0.378333
3.207511 0.380000
3.209653 0.380000
3.211795 0.381667
3.213937 0.383333
3.216079 0.386667
3.218220 0.390000
3.220362 0.391667
3.222504 0.391667
3.224646 0.391667
3.226788 0.391667
3.228930 0.393333
3.231072 0.393333
3.233214 0.396667
3.235356 0.398333
3.237498 0.398333
3.239640 0.398333
3.241782 0.398333
3.243924 0.400000
3.246066 0.400000
3.248208 0.400000
3.250350 0.403333
3.252492 0.403333
3.254634 0.403333
3.256776 0.403333
3.258918 0.403333
3.261060 0.405000
3.263202 0.405000
3.265344 0.405000
3.267485 0.406667
3.269627 0.406667
3.271769 0.408333
3.273911 0.408333
3.276053 0.408333
3.278195 0.408333
3.280337 0.411667
3.282479 0.411667
3.284621 0.411667
3.286763 0.411667
3.288905 0.413333
3.291047 0.415000
3.293189 0.416667
3.295331 0.416667
3.297473 0.418333
3.299615 0.418333
3.301757 0.420000
3.303899 0.420000
3.306041 0.420000
3.308183 0.420000
3.310325 0.423333
3.312467 0.423333
3.314609 0.423333
3.316751 0.430000
3.318892 0.433333
3.321034 0.433333
3.323176 0.433333
3.325318 0.435000
3.327460 0.436667
3.329602 0.438333
3.331744 0.438333
3.333886 0.438333
3.336028 0.440000
3.338170 0.440000
3.340312 0.443333
3.342454 0.443333
3.344596 0.445000
3.346738 0.445000
3.348880 0.446667
3.351022 0.446667
3.353164 0.450000
3.355306 0.450000
3.357448 0.450000
3.359590 0.451667
3.361732 0.455000
3.363874 0.455000
3.366016 0.455000
3.368157 0.455000
3.370299 0.455000
3.372441 0.455000
3.374583 0.455000
3.376725 0.455000
3.378867 0.455000
3.381009 0.456667
3.383151 0.456667
3.385293 0.456667
3.387435 0.456667
3.389577 0.456667
3.391719 0.456667
3.393861 0.456667
3.396003 0.456667
3.398145 0.456667
3.400287 0.456667
3.402429 0.456667
3.404571 0.461667
3.406713 0.463333
3.408855 0.466667
3.410997 0.466667
3.413139 0.466667
3.415281 0.468333
3.417422 0.471667
3.419564 0.473333
3.421706 0.475000
3.423848 0.476667
3.425990 0.478333
3.428132 0.478333
3.430274 0.478333
3.432416 0.478333
3.434558 0.478333
3.436700 0.480000
3.438842 0.480000
3.440984 0.481667
3.443126 0.485000
3.445268 0.485000
3.447410 0.488333
3.449552 0.488333
3.451694 0.488333
3.453836 0.488333
3.455978 0.490000
3.458120 0.491667
3.460262 0.493333
3.462404 0.493333
3.464546 0.493333
3.466688 0.495000
3.468829 0.498333
3.470971 0.498333
3.473113 0.498333
3.475255 0.498333
3.477397 0.498333
3.479539 0.498333
3.481681 0.500000
3.483823 0.500000
3.485965 0.501667
3.488107 0.503333
3.490249 0.503333
3.492391 0.503333
3.494533 0.503333
3.496675 0.503333
3.498817 0.505000
3.500959 0.506667
3.503101 0.506667
3.505243 0.506667
3.507385 0.506667
3.509527 0.506667
3.511669 0.508333
3.513811 0.510000
3.515953 0.510000
3.518094 0.513333
3.520236 0.513333
3.522378 0.513333
3.524520 0.513333
3.526662 0.513333
3.528804 0.515000
3.530946 0.515000
3.533088 0.516667
3.535230 0.518333
3.537372 0.518333
3.539514 0.518333
3.541656 0.521667
3.543798 0.521667
3.545940 0.523333
3.548082 0.523333
3.550224 0.525000
3.552366 0.526667
3.554508 0.528333
3.556650 0.530000
3.558792 0.531667
3.560934 0.531667
3.563076 0.535000
3.565218 0.536667
3.567360 0.536667
3.569501 0.538333
3.571643 0.538333
3.573785 0.538333
3.575927 0.538333
3.578069 0.540000
3.580211 0.540000
3.582353 0.540000
3.584495 0.540000
3.586637 0.541667
3.588779 0.541667
3.590921 0.546667
3.593063 0.550000
3.595205 0.550000
3.597347 0.550000
3.599489 0.551667
3.601631 0.551667
3.603773 0.551667
3.605915 0.551667
3.608057 0.551667
3.610199 0.553333
3.612341 0.553333
3.614483 0.553333
3.616625 0.553333
3.618766 0.555000
3.620908 0.555000
3.623050 0.555000
3.625192 0.555000
3.627334 0.555000
3.629476 0.555000
3.631618 0.555000
3.633760 0.555000
3.635902 0.555000
3.638044 0.555000
3.640186 0.555000
3.642328 0.555000
3.644470 0.555000
3.646612 0.558333
3.648754 0.558333
3.650896 0.560000
3.653038 0.560000
3.655180 0.561667
3.657322 0.563333
3.659464 0.565000
3.661606 0.566667
3.663748 0.568333
3.665890 0.568333
3.668032 0.568333
3.670173 0.568333
3.672315 0.568333
3.674457 0.568333
3.676599 0.568333
3.678741 0.568333
3.680883 0.570000
3.683025 0.570000
3.685167 0.570000
3.687309 0.570000
3.689451 0.570000
3.691593 0.571667
3.693735 0.571667
3.695877 0.571667
3.698019 0.573333
3.700161 0.573333
3.702303 0.573333
3.704445 0.573333
3.706587 0.575000
3.708729 0.575000
3.710871 0.576667
3.713013 0.578333
3.715155 0.578333
3.717297 0.578333
3.719438 0.580000
3.721580 0.580000
3.723722 0.583333
3.725864 0.583333
3.728006 0.583333
3.730148 0.585000
3.732290 0.590000
3.734432 0.590000
3.736574 0.590000
3.738716 0.590000
3.740858 0.590000
3.743000 0.591667
3.745142 0.591667
3.747284 0.591667
3.749426 0.591667
3.751568 0.593333
3.753710 0.593333
3.755852 0.595000
3.757994 0.595000
3.760136 0.595000
3.762278 0.596667
3.764420 0.596667
3.766562 0.596667
3.768704 0.600000
3.770845 0.600000
3.772987 0.600000
3.775129 0.600000
3.777271 0.601667
3.779413 0.601667
3.781555 0.603333
3.783697 0.605000
3.785839 0.608333
3.787981 0.608333
3.790123 0.608333
3.792265 0.608333
3.794407 0.608333
3.796549 0.608333
3.798691 0.608333
3.800833 0.608333
3.802975 0.610000
3.805117 0.610000
3.807259 0.611667
3.809401 0.611667
3.811543 0.611667
3.813685 0.611667
3.815827 0.611667
3.817969 0.611667
3.820110 0.613333
3.822252 0.615000
3.824394 0.616667
3.826536 0.618333
3.828678 0.618333
3.830820 0.620000
3.832962 0.620000
3.835104 0.621667
3.837246 0.621667
3.839388 0.623333
3.841530 0.623333
3.843672 0.625000
3.845814 0.625000
3.847956 0.625000
3.850098 0.626667
3.852240 0.628333
3.854382 0.628333
3.856524 0.628333
3.858666 0.628333
3.860808 0.628333
3.862950 0.628333
3.865092 0.630000
3.867234 0.630000
3.869375 0.630000
3.871517 0.630000
3.873659 0.630000
3.875801 0.630000
3.877943 0.630000
3.880085 0.630000
3.882227 0.631667
3.884369 0.631667
3.886511 0.631667
3.888653 0.633333
3.890795 0.633333
3.892937 0.633333
3.895079 0.635000
3.897221 0.635000
3.899363 0.635000
3.901505 0.635000
3.903647 0.635000
3.905789 0.636667
3.907931 0.636667
3.910073 0.638333
3.912215 0.640000
3.914357 0.640000
3.916499 0.640000
3.918641 0.641667
3.920782 0.641667
3.922924 0.641667
3.925066 0.641667
3.927208 0.641667
3.929350 0.641667
3.931492 0.641667
3.933634 0.641667
3.935776 0.641667
3.937918 0.641667
3.940060 0.643333
3.942202 0.643333
3.944344 0.645000
3.946486 0.645000
3.948628 0.645000
3.950770 0.645000
3.952912 0.645000
3.955054 0.645000
3.957196 0.645000
3.959338 0.646667
3.961480 0.646667
3.963622 0.646667
3.965764 0.646667
3.967906 0.646667
3.970047 0.648333
3.972189 0.648333
3.974331 0.648333
3.976473 0.648333
3.978615 0.648333
3.980757 0.648333
3.982899 0.648333
3.985041 0.648333
3.987183 0.648333
3.989325 0.648333
3.991467 0.648333
3.993609 0.650000
3.995751 0.650000
3.997893 0.650000
4.000035 0.650000
4.002177 0.650000
4.004319 0.650000
4.006461 0.653333
4.008603 0.653333
4.010745 0.655000
4.012887 0.655000
4.015029 0.655000
4.017171 0.655000
4.019313 0.655000
4.021454 0.655000
4.023596 0.656667
4.025738 0.658333
4.027880 0.658333
4.030022 0.658333
4.032164 0.660000
4.034306 0.660000
4.036448 0.661667
4.038590 0.661667
4.040732 0.665000
4.042874 0.666667
4.045016 0.666667
4.047158 0.668333
4.049300 0.668333
4.051442 0.670000
4.053584 0.670000
4.055726 0.670000
4.057868 0.673333
4.060010 0.673333
4.062152 0.675000
4.064294 0.675000
4.066436 0.675000
4.068578 0.675000
4.070719 0.675000
4.072861 0.675000
4.075003 0.675000
4.077145 0.675000
4.079287 0.676667
4.081429 0.676667
4.083571 0.676667
4.085713 0.678333
4.087855 0.678333
4.089997 0.678333
4.092139 0.678333
4.094281 0.678333
4.096423 0.678333
4.098565 0.680000
4.100707 0.681667
4.102849 0.681667
4.104991 0.681667
4.107133 0.683333
4.109275 0.683333
4.111417 0.683333
4.113559 0.685000
4.115701 0.685000
4.117843 0.685000
4.119985 0.686667
4.122126 0.686667
4.124268 0.686667
4.126410 0.690000
4.128552 0.690000
4.130694 0.690000
4.132836 0.691667
4.134978 0.691667
4.137120 0.691667
4.139262 0.691667
4.141404 0.691667
4.143546 0.691667
4.145688 0.693333
4.147830 0.695000
4.149972 0.696667
4.152114 0.696667
4.154256 0.696667
4.156398 0.696667
4.158540 0.698333
4.160682 0.698333
4.162824 0.698333
4.164966 0.698333
4.167108 0.700000
4.169250 0.700000
4.171391 0.700000
4.173533 0.700000
4.175675 0.700000
4.177817 0.700000
4.179959 0.701667
4.182101 0.701667
4.184243 0.701667
4.186385 0.703333
4.188527 0.703333
4.190669 0.705000
4.192811 0.705000
4.194953 0.705000
4.197095 0.705000
4.199237 0.705000
4.201379 0.705000
4.203521 0.705000
4.205663 0.705000
4.207805 0.705000
4.209947 0.706667
4.212089 0.706667
4.214231 0.706667
4.216373 0.708333
4.218515 0.708333
4.220657 0.708333
4.222798 0.708333
4.224940 0.708333
4.227082 0.708333
4.229224 0.708333
4.231366 0.708333
4.233508 0.708333
4.235650 0.708333
4.237792 0.710000
4.239934 0.710000
4.242076 0.710000
4.244218 0.710000
4.246360 0.710000
4.248502 0.710000
4.250644 0.710000
4.252786 0.710000
4.254928 0.710000
4.257070 0.710000
4.259212 0.710000
4.261354 0.711667
4.263496 0.713333
4.265638 0.713333
4.267780 0.716667
4.269922 0.716667
4.272063 0.716667
4.274205 0.716667
4.276347 0.716667
4.278489 0.720000
4.280631 0.720000
4.282773 0.720000
4.284915 0.720000
4.287057 0.720000
4.289199 0.720000
4.291341 0.721667
4.293483 0.721667
4.295625 0.721667
4.297767 0.721667
4.299909 0.721667
4.302051 0.721667
4.304193 0.721667
4.306335 0.723333
4.308477 0.723333
4.310619 0.723333
4.312761 0.723333
4.314903 0.725000
4.317045 0.726667
4.319187 0.726667
4.321328 0.726667
4.323470 0.726667
4.325612 0.726667
4.327754 0.726667
4.329896 0.726667
4.332038 0.726667
4.334180 0.726667
4.336322 0.726667
4.338464 0.728333
4.340606 0.728333
4.342748 0.728333
4.344890 0.728333
4.347032 0.728333
4.349174 0.728333
4.351316 0.728333
4.353458 0.728333
4.355600 0.730000
4.357742 0.730000
4.359884 0.731667
4.362026 0.731667
4.364168 0.731667
4.366310 0.733333
4.368452 0.733333
4.370594 0.733333
4.372735 0.733333
4.374877 0.733333
4.377019 0.733333
4.379161 0.735000
4.381303 0.735000
4.383445 0.736667
4.385587 0.736667
4.387729 0.738333
4.389871 0.738333
4.392013 0.738333
4.394155 0.738333
4.396297 0.738333
4.398439 0.738333
4.400581 0.738333
4.402723 0.738333
4.404865 0.740000
4.407007 0.740000
4.409149 0.740000
4.411291 0.740000
4.413433 0.740000
4.415575 0.740000
4.417717 0.740000
4.419859 0.740000
4.422000 0.740000
4.424142 0.740000
4.426284 0.741667
4.428426 0.741667
4.430568 0.741667
4.432710 0.743333
4.434852 0.743333
4.436994 0.743333
4.439136 0.745000
4.441278 0.745000
4.443420 0.746667
4.445562 0.746667
4.447704 0.746667
4.449846 0.746667
4.451988 0.746667
4.454130 0.746667
4.456272 0.746667
4.458414 0.746667
4.460556 0.746667
4.462698 0.746667
4.464840 0.746667
4.466982 0.748333
4.469124 0.748333
4.471266 0.748333
4.473407 0.748333
4.475549 0.748333
4.477691 0.748333
4.479833 0.750000
4.481975 0.750000
4.484117 0.750000
4.486259 0.750000
4.488401 0.751667
4.490543 0.751667
4.492685 0.751667
4.494827 0.751667
4.496969 0.751667
4.499111 0.751667
4.501253 0.751667
4.503395 0.753333
4.505537 0.753333
4.507679 0.753333
4.509821 0.753333
4.511963 0.753333
4.514105 0.753333
4.516247 0.753333
4.518389 0.753333
4.520531 0.753333
4.522672 0.755000
4.524814 0.755000
4.526956 0.755000
4.529098 0.755000
4.531240 0.756667
4.533382 0.756667
4.535524 0.756667
4.537666 0.756667
4.539808 0.756667
4.541950 0.756667
4.544092 0.756667
4.546234 0.758333
4.548376 0.758333
4.550518 0.760000
4.552660 0.760000
4.554802 0.761667
4.556944 0.761667
4.559086 0.761667
4.561228 0.761667
4.563370 0.761667
4.565512 0.763333
4.567654 0.765000
4.569796 0.765000
4.571938 0.765000
4.574079 0.765000
4.576221 0.766667
4.578363 0.766667
4.580505 0.766667
4.582647 0.766667
4.584789 0.766667
4.586931 0.768333
4.589073 0.768333
4.591215 0.768333
4.593357 0.768333
4.595499 0.768333
4.597641 0.771667
4.599783 0.773333
4.601925 0.773333
4.604067 0.775000
4.606209 0.775000
4.608351 0.775000
4.610493 0.775000
4.612635 0.775000
4.614777 0.775000
4.616919 0.778333
4.619061 0.781667
4.621203 0.781667
4.623344 0.781667
4.625486 0.781667
4.627628 0.783333
4.629770 0.783333
4.631912 0.783333
4.634054 0.785000
4.636196 0.785000
4.638338 0.785000
4.640480 0.785000
4.642622 0.785000
4.644764 0.785000
4.646906 0.785000
4.649048 0.785000
4.651190 0.785000
4.653332 0.785000
4.655474 0.785000
4.657616 0.786667
4.659758 0.788333
4.661900 0.788333
4.664042 0.788333
4.666184 0.788333
4.668326 0.788333
4.670468 0.788333
4.672610 0.790000
4.674751 0.790000
4.676893 0.790000
4.679035 0.791667
4.681177 0.793333
4.683319 0.793333
4.685461 0.793333
4.687603 0.793333
4.689745 0.793333
4.691887 0.795000
4.694029 0.795000
4.696171 0.795000
4.698313 0.795000
4.700455 0.795000
4.702597 0.795000
4.704739 0.795000
4.706881 0.795000
4.709023 0.795000
4.711165 0.795000
4.713307 0.798333
4.715449 0.798333
4.717591 0.798333
4.719733 0.798333
4.721875 0.803333
4.724016 0.803333
4.726158 0.803333
4.728300 0.805000
4.730442 0.805000
4.732584 0.805000
4.734726 0.805000
4.736868 0.805000
4.739010 0.805000
4.741152 0.805000
4.743294 0.805000
4.745436 0.805000
4.747578 0.806667
4.749720 0.806667
4.751862 0.806667
4.754004 0.808333
4.756146 0.808333
4.758288 0.810000
4.760430 0.810000
4.762572 0.811667
4.764714 0.811667
4.766856 0.811667
4.768998 0.811667
4.771140 0.811667
4.773281 0.811667
4.775423 0.813333
4.777565 0.813333
4.779707 0.813333
4.781849 0.813333
4.783991 0.813333
4.786133 0.813333
4.788275 0.815000
4.790417 0.815000
4.792559 0.815000
4.794701 0.815000
4.796843 0.815000
4.798985 0.815000
4.801127 0.815000
4.803269 0.815000
4.805411 0.815000
4.807553 0.815000
4.809695 0.815000
4.811837 0.815000
4.813979 0.815000
4.816121 0.815000
4.818263 0.815000
4.820405 0.815000
4.822547 0.815000
4.824688 0.815000
4.826830 0.815000
4.828972 0.815000
4.831114 0.815000
4.833256 0.815000
4.835398 0.815000
4.837540 0.815000
4.839682 0.816667
4.841824 0.816667
4.843966 0.816667
4.846108 0.816667
4.848250 0.816667
4.850392 0.816667
4.852534 0.816667
4.854676 0.816667
4.856818 0.816667
4.858960 0.816667
4.861102 0.816667
4.863244 0.816667
4.865386 0.816667
4.867528 0.818333
4.869670 0.818333
4.871812 0.818333
4.873953 0.818333
4.876095 0.820000
4.878237 0.820000
4.880379 0.820000
4.882521 0.820000
4.884663 0.820000
4.886805 0.820000
4.888947 0.821667
4.891089 0.821667
4.893231 0.823333
4.895373 0.823333
4.897515 0.823333
4.899657 0.823333
4.901799 0.823333
4.903941 0.823333
4.906083 0.823333
4.908225 0.823333
4.910367 0.823333
4.912509 0.823333
4.914651 0.823333
4.916793 0.823333
4.918935 0.825000
4.921077 0.825000
4.923219 0.825000
4.925360 0.825000
4.927502 0.825000
4.929644 0.826667
4.931786 0.826667
4.933928 0.826667
4.936070 0.826667
4.938212 0.826667
4.940354 0.826667
4.942496 0.826667
4.944638 0.826667
4.946780 0.826667
4.948922 0.826667
4.951064 0.826667
4.953206 0.826667
4.955348 0.826667
4.957490 0.828333
4.959632 0.828333
4.961774 0.828333
4.963916 0.828333
4.966058 0.828333
4.968200 0.828333
4.970342 0.828333
4.972484 0.828333
4.974625 0.828333
4.976767 0.828333
4.978909 0.828333
4.981051 0.828333
4.983193 0.830000
4.985335 0.830000
4.987477 0.830000
4.989619 0.831667
4.991761 0.835000
4.993903 0.835000
4.996045 0.835000
4.998187 0.835000
5.000329 0.835000
5.002471 0.835000
5.004613 0.835000
5.006755 0.835000
5.008897 0.835000
5.011039 0.835000
5.013181 0.836667
5.015323 0.838333
5.017465 0.838333
5.019607 0.838333
5.021749 0.838333
5.023891 0.838333
5.026032 0.838333
5.028174 0.840000
5.030316 0.840000
5.032458 0.841667
5.034600 0.841667
5.036742 0.841667
5.038884 0.841667
5.041026 0.841667
5.043168 0.841667
5.045310 0.841667
5.047452 0.841667
5.049594 0.841667
5.051736 0.841667
5.053878 0.841667
5.056020 0.841667
5.058162 0.843333
5.060304 0.846667
5.062446 0.848333
5.064588 0.848333
5.066730 0.848333
5.068872 0.848333
5.071014 0.848333
5.073156 0.848333
5.075297 0.848333
5.077439 0.848333
5.079581 0.848333
5.081723 0.848333
5.083865 0.850000
5.086007 0.850000
5.088149 0.850000
5.090291 0.851667
5.092433 0.851667
5.094575 0.851667
5.096717 0.851667
5.098859 0.851667
5.101001 0.853333
5.103143 0.853333
5.105285 0.853333
5.107427 0.853333
5.109569 0.853333
5.111711 0.853333
5.113853 0.853333
5.115995 0.855000
5.118137 0.855000
5.120279 0.856667
5.122421 0.856667
5.124563 0.856667
5.126704 0.856667
5.128846 0.856667
5.130988 0.858333
5.133130 0.858333
5.135272 0.858333
5.137414 0.860000
5.139556 0.860000
5.141698 0.860000
5.143840 0.860000
5.145982 0.860000
5.148124 0.861667
5.150266 0.861667
5.152408 0.861667
5.154550 0.861667
5.156692 0.861667
5.158834 0.861667
5.160976 0.861667
5.163118 0.861667
5.165260 0.861667
5.167402 0.861667
5.169544 0.861667
5.171686 0.863333
5.173828 0.863333
5.175969 0.865000
5.178111 0.865000
5.180253 0.865000
5.182395 0.865000
5.184537 0.865000
5.186679 0.866667
5.188821 0.866667
5.190963 0.866667
5.193105 0.866667
5.195247 0.866667
5.197389 0.868333
5.199531 0.868333
5.201673 0.870000
5.203815 0.870000
5.205957 0.870000
5.208099 0.870000
5.210241 0.870000
5.212383 0.871667
5.214525 0.873333
5.216667 0.873333
5.218809 0.873333
5.220951 0.873333
5.223093 0.873333
5.225234 0.873333
5.227376 0.873333
5.229518 0.873333
5.231660 0.873333
5.233802 0.873333
5.235944 0.873333
5.238086 0.873333
5.240228 0.873333
5.242370 0.873333
5.244512 0.873333
5.246654 0.873333
5.248796 0.875000
5.250938 0.875000
5.253080 0.875000
5.255222 0.875000
5.257364 0.875000
5.259506 0.875000
5.261648 0.875000
5.263790 0.876667
5.265932 0.876667
5.268074 0.876667
5.270216 0.876667
5.272358 0.876667
5.274500 0.878333
5.276641 0.878333
5.278783 0.878333
5.280925 0.878333
5.283067 0.878333
5.285209 0.878333
5.287351 0.878333
5.289493 0.878333
5.291635 0.878333
5.293777 0.878333
5.295919 0.878333
5.298061 0.878333
5.300203 0.878333
5.302345 0.878333
5.304487 0.878333
5.306629 0.878333
5.308771 0.878333
5.310913 0.878333
5.313055 0.878333
5.315197 0.878333
5.317339 0.878333
5.319481 0.878333
5.321623 0.878333
5.323765 0.878333
5.325906 0.878333
5.328048 0.878333
5.330190 0.878333
5.332332 0.878333
5.334474 0.878333
5.336616 0.878333
5.338758 0.878333
5.340900 0.878333
5.343042 0.878333
5.345184 0.878333
5.347326 0.880000
5.349468 0.880000
5.351610 0.881667
5.353752 0.881667
5.355894 0.881667
5.358036 0.881667
5.360178 0.881667
5.362320 0.881667
5.364462 0.881667
5.366604 0.881667
5.368746 0.881667
5.370888 0.881667
5.373030 0.881667
5.375172 0.881667
5.377313 0.881667
5.379455 0.881667
5.381597 0.881667
5.383739 0.881667
5.385881 0.881667
5.388023 0.881667
5.390165 0.881667
5.392307 0.883333
5.394449 0.883333
5.396591 0.885000
5.398733 0.885000
5.400875 0.885000
5.403017 0.885000
5.405159 0.885000
5.407301 0.885000
5.409443 0.885000
5.411585 0.885000
5.413727 0.885000
5.415869 0.885000
5.418011 0.885000
5.420153 0.885000
5.422295 0.885000
5.424437 0.885000
5.426578 0.885000
5.428720 0.885000
5.430862 0.885000
5.433004 0.885000
5.435146 0.885000
5.437288 0.885000
5.439430 0.885000
5.441572 0.885000
5.443714 0.885000
5.445856 0.885000
5.447998 0.885000
5.450140 0.885000
5.452282 0.885000
5.454424 0.885000
5.456566 0.885000
5.458708 0.885000
5.460850 0.885000
5.462992 0.885000
5.465134 0.886667
5.467276 0.886667
5.469418 0.886667
5.471560 0.886667
5.473702 0.886667
5.475844 0.886667
5.477985 0.888333
5.480127 0.891667
5.482269 0.891667
5.484411 0.891667
5.486553 0.891667
5.488695 0.891667
5.490837 0.891667
5.492979 0.891667
5.495121 0.891667
5.497263 0.893333
5.499405 0.895000
5.501547 0.895000
5.503689 0.895000
5.505831 0.895000
5.507973 0.895000
5.510115 0.895000
5.512257 0.895000
5.514399 0.895000
5.516541 0.895000
5.518683 0.895000
5.520825 0.895000
5.522967 0.895000
5.525109 0.895000
5.527250 0.895000
5.529392 0.895000
5.531534 0.895000
5.533676 0.895000
5.535818 0.895000
5.537960 0.895000
5.540102 0.896667
5.542244 0.896667
5.544386 0.896667
5.546528 0.898333
5.548670 0.900000
5.550812 0.900000
5.552954 0.900000
5.555096 0.900000
5.557238 0.900000
5.559380 0.900000
5.561522 0.900000
5.563664 0.900000
5.565806 0.900000
5.567948 0.900000
5.570090 0.901667
5.572232 0.901667
5.574374 0.901667
5.576516 0.901667
5.578657 0.901667
5.580799 0.901667
5.582941 0.901667
5.585083 0.901667
5.587225 0.901667
5.589367 0.901667
5.591509 0.903333
5.593651 0.903333
5.595793 0.903333
5.597935 0.903333
5.600077 0.903333
5.602219 0.903333
5.604361 0.903333
5.606503 0.903333
5.608645 0.903333
5.610787 0.905000
5.612929 0.905000
5.615071 0.906667
5.617213 0.906667
5.619355 0.908333
5.621497 0.908333
5.623639 0.908333
5.625781 0.908333
5.627922 0.908333
5.630064 0.908333
5.632206 0.908333
5.634348 0.908333
5.636490 0.908333
5.638632 0.908333
5.640774 0.908333
5.642916 0.908333
5.645058 0.910000
5.647200 0.910000
5.649342 0.910000
5.651484 0.910000
5.653626 0.910000
5.655768 0.910000
5.657910 0.910000
5.660052 0.910000
5.662194 0.910000
5.664336 0.910000
5.666478 0.911667
5.668620 0.911667
5.670762 0.911667
5.672904 0.911667
5.675046 0.911667
5.677187 0.911667
5.679329 0.913333
5.681471 0.913333
5.683613 0.913333
5.685755 0.913333
5.687897 0.913333
5.690039 0.915000
5.692181 0.915000
5.694323 0.915000
5.696465 0.915000
5.698607 0.915000
5.700749 0.915000
5.702891 0.915000
5.705033 0.915000
5.707175 0.915000
5.709317 0.915000
5.711459 0.915000
5.713601 0.915000
5.715743 0.915000
5.717885 0.916667
5.720027 0.916667
5.722169 0.916667
5.724311 0.918333
5.726453 0.918333
5.728594 0.918333
5.730736 0.920000
5.732878 0.920000
5.735020 0.920000
5.737162 0.920000
5.739304 0.920000
5.741446 0.920000
5.743588 0.920000
5.745730 0.920000
5.747872 0.920000
5.750014 0.925000
5.752156 0.926667
5.754298 0.926667
5.756440 0.926667
5.758582 0.926667
5.760724 0.926667
5.762866 0.926667
5.765008 0.926667
5.767150 0.926667
5.769292 0.928333
5.771434 0.928333
5.773576 0.928333
5.775718 0.928333
5.777859 0.928333
5.780001 0.928333
5.782143 0.928333
5.784285 0.928333
5.786427 0.928333
5.788569 0.928333
5.790711 0.928333
5.792853 0.928333
5.794995 0.928333
5.797137 0.928333
5.799279 0.928333
5.801421 0.928333
5.803563 0.928333
5.805705 0.928333
5.807847 0.928333
5.809989 0.928333
5.812131 0.928333
5.814273 0.928333
5.816415 0.928333
5.818557 0.928333
5.820699 0.928333
5.822841 0.928333
5.824983 0.928333
5.827125 0.928333
5.829266 0.928333
5.831408 0.928333
5.833550 0.928333
5.835692 0.928333
5.837834 0.928333
5.839976 0.928333
5.842118 0.928333
5.844260 0.928333
5.846402 0.928333
5.848544 0.930000
5.850686 0.930000
5.852828 0.930000
5.854970 0.930000
5.857112 0.930000
5.859254 0.930000
5.861396 0.930000
5.863538 0.930000
5.865680 0.930000
5.867822 0.930000
5.869964 0.930000
5.872106 0.930000
5.874248 0.930000
5.876390 0.930000
5.878531 0.930000
5.880673 0.930000
5.882815 0.930000
5.884957 0.930000
5.887099 0.930000
5.889241 0.930000
5.891383 0.930000
5.893525 0.930000
5.895667 0.930000
5.897809 0.930000
5.899951 0.930000
5.902093 0.931667
5.904235 0.931667
5.906377 0.931667
5.908519 0.931667
5.910661 0.931667
5.912803 0.931667
5.914945 0.931667
5.917087 0.931667
5.919229 0.931667
5.921371 0.931667
5.923513 0.931667
5.925655 0.931667
5.927797 0.931667
5.929938 0.931667
5.932080 0.931667
5.934222 0.931667
5.936364 0.931667
5.938506 0.931667
5.940648 0.931667
5.942790 0.931667
5.944932 0.931667
5.947074 0.931667
5.949216 0.931667
5.951358 0.931667
5.953500 0.931667
5.955642 0.931667
5.957784 0.931667
5.959926 0.931667
5.962068 0.931667
5.964210 0.931667
5.966352 0.931667
5.968494 0.931667
5.970636 0.931667
5.972778 0.931667
5.974920 0.931667
5.977062 0.931667
5.979203 0.931667
5.981345 0.931667
5.983487 0.931667
5.985629 0.931667
5.987771 0.931667
5.989913 0.931667
5.992055 0.931667
5.994197 0.931667
5.996339 0.931667
5.998481 0.931667
6.000623 0.931667
6.002765 0.931667
6.004907 0.931667
6.007049 0.931667
6.009191 0.931667
6.011333 0.931667
6.013475 0.931667
6.015617 0.931667
6.017759 0.931667
6.019901 0.931667
6.022043 0.931667
6.024185 0.931667
6.026327 0.931667
6.028469 0.931667
6.030610 0.931667
6.032752 0.931667
6.034894 0.931667
6.037036 0.931667
6.039178 0.931667
6.041320 0.931667
6.043462 0.931667
6.045604 0.931667
6.047746 0.931667
6.049888 0.931667
6.052030 0.931667
6.054172 0.931667
6.056314 0.931667
6.058456 0.931667
6.060598 0.931667
6.062740 0.931667
6.064882 0.931667
6.067024 0.931667
6.069166 0.931667
6.071308 0.931667
6.073450 0.931667
6.075592 0.933333
6.077734 0.933333
6.079875 0.933333
6.082017 0.933333
6.084159 0.933333
6.086301 0.933333
6.088443 0.933333
6.090585 0.933333
6.092727 0.933333
6.094869 0.933333
6.097011 0.933333
6.099153 0.933333
6.101295 0.933333
6.103437 0.933333
6.105579 0.933333
6.107721 0.933333
6.109863 0.933333
6.112005 0.933333
6.114147 0.933333
6.116289 0.933333
6.118431 0.933333
6.120573 0.935000
6.122715 0.935000
6.124857 0.935000
6.126999 0.935000
6.129140 0.935000
6.131282 0.935000
6.133424 0.936667
6.135566 0.936667
6.137708 0.936667
6.139850 0.938333
6.141992 0.938333
6.144134 0.938333
6.146276 0.938333
6.148418 0.938333
6.150560 0.938333
6.152702 0.938333
6.154844 0.938333
6.156986 0.938333
6.159128 0.938333
6.161270 0.938333
6.163412 0.938333
6.165554 0.938333
6.167696 0.938333
6.169838 0.938333
6.171980 0.938333
6.174122 0.938333
6.176264 0.938333
6.178406 0.938333
6.180547 0.938333
6.182689 0.938333
6.184831 0.940000
6.186973 0.940000
6.189115 0.940000
6.191257 0.940000
6.193399 0.940000
6.195541 0.940000
6.197683 0.941667
6.199825 0.941667
6.201967 0.941667
6.204109 0.941667
6.206251 0.941667
6.208393 0.941667
6.210535 0.941667
6.212677 0.941667
6.214819 0.941667
6.216961 0.941667
6.219103 0.941667
6.221245 0.941667
6.223387 0.943333
6.225529 0.943333
6.227671 0.943333
6.229812 0.943333
6.231954 0.943333
6.234096 0.943333
6.236238 0.943333
6.238380 0.943333
6.240522 0.943333
6.242664 0.943333
6.244806 0.943333
6.246948 0.943333
6.249090 0.943333
6.251232 0.943333
6.253374 0.943333
6.255516 0.943333
6.257658 0.943333
6.259800 0.943333
6.261942 0.943333
6.264084 0.943333
6.266226 0.943333
6.268368 0.943333
6.270510 0.943333
6.272652 0.943333
6.274794 0.943333
6.276936 0.943333
6.279078 0.943333
6.281219 0.943333
6.283361 0.943333
6.285503 0.943333
6.287645 0.943333
6.289787 0.943333
6.291929 0.943333
6.294071 0.943333
6.296213 0.943333
6.298355 0.943333
6.300497 0.943333
6.302639 0.943333
6.304781 0.943333
6.306923 0.943333
6.309065 0.943333
6.311207 0.943333
6.313349 0.943333
6.315491 0.943333
6.317633 0.943333
6.319775 0.943333
6.321917 0.943333
6.324059 0.943333
6.326201 0.943333
6.328343 0.943333
6.330484 0.943333
6.332626 0.943333
6.334768 0.943333
6.336910 0.943333
6.339052 0.943333
6.341194 0.943333
6.343336 0.943333
6.345478 0.943333
6.347620 0.943333
6.349762 0.943333
6.351904 0.943333
6.354046 0.943333
6.356188 0.943333
6.358330 0.943333
6.360472 0.943333
6.362614 0.943333
6.364756 0.943333
6.366898 0.943333
6.369040 0.943333
6.371182 0.943333
6.373324 0.943333
6.375466 0.943333
6.377608 0.943333
6.379750 0.943333
6.381891 0.943333
6.384033 0.943333
6.386175 0.943333
6.388317 0.943333
6.390459 0.943333
6.392601 0.945000
6.394743 0.945000
6.396885 0.945000
6.399027 0.945000
6.401169 0.945000
6.403311 0.945000
6.405453 0.945000
6.407595 0.945000
6.409737 0.945000
6.411879 0.945000
6.414021 0.945000
6.416163 0.945000
6.418305 0.945000
6.420447 0.945000
6.422589 0.945000
6.424731 0.945000
6.426873 0.945000
6.429015 0.945000
6.431156 0.945000
6.433298 0.948333
6.435440 0.948333
6.437582 0.948333
6.439724 0.948333
6.441866 0.948333
6.444008 0.948333
6.446150 0.948333
6.448292 0.948333
6.450434 0.948333
6.452576 0.948333
6.454718 0.948333
6.456860 0.948333
6.459002 0.948333
6.461144 0.948333
6.463286 0.948333
6.465428 0.948333
6.467570 0.948333
6.469712 0.948333
6.471854 0.948333
6.473996 0.948333
6.476138 0.948333
6.478280 0.948333
6.480422 0.948333
6.482563 0.948333
6.484705 0.948333
6.486847 0.948333
6.488989 0.948333
6.491131 0.948333
6.493273 0.948333
6.495415 0.948333
6.497557 0.948333
6.499699 0.948333
6.501841 0.948333
6.503983 0.948333
6.506125 0.948333
6.508267 0.948333
6.510409 0.948333
6.512551 0.948333
6.514693 0.950000
6.516835 0.950000
6.518977 0.950000
6.521119 0.950000
6.523261 0.950000
6.525403 0.950000
6.527545 0.950000
6.529687 0.950000
6.531828 0.950000
6.533970 0.950000
6.536112 0.950000
6.538254 0.950000
6.540396 0.950000
6.542538 0.950000
6.544680 0.951667
6.546822 0.951667
6.548964 0.951667
6.551106 0.951667
6.553248 0.951667
6.555390 0.951667
6.557532 0.951667
6.559674 0.951667
6.561816 0.951667
6.563958 0.951667
6.566100 0.951667
6.568242 0.951667
6.570384 0.953333
6.572526 0.953333
6.574668 0.953333
6.576810 0.953333
6.578952 0.953333
6.581093 0.953333
6.583235 0.953333
6.585377 0.955000
6.587519 0.955000
6.589661 0.955000
6.591803 0.955000
6.593945 0.955000
6.596087 0.955000
6.598229 0.955000
6.600371 0.955000
6.602513 0.956667
6.604655 0.956667
6.606797 0.956667
6.608939 0.956667
6.611081 0.956667
6.613223 0.956667
6.615365 0.956667
6.617507 0.956667
6.619649 0.956667
6.621791 0.956667
6.623933 0.956667
6.626075 0.956667
6.628217 0.956667
6.630359 0.956667
6.632500 0.956667
6.634642 0.956667
6.636784 0.956667
6.638926 0.956667
6.641068 0.956667
6.643210 0.956667
6.645352 0.958333
6.647494 0.958333
6.649636 0.958333
6.651778 0.958333
6.653920 0.958333
6.656062 0.958333
6.658204 0.958333
6.660346 0.958333
6.662488 0.958333
6.664630 0.958333
6.666772 0.958333
6.668914 0.958333
6.671056 0.958333
6.673198 0.958333
6.675340 0.958333
6.677482 0.958333
6.679624 0.958333
6.681765 0.958333
6.683907 0.958333
6.686049 0.958333
6.688191 0.958333
6.690333 0.958333
6.692475 0.958333
6.694617 0.958333
6.696759 0.958333
6.698901 0.958333
6.701043 0.960000
6.703185 0.960000
6.705327 0.960000
6.707469 0.960000
6.709611 0.960000
6.711753 0.960000
6.713895 0.960000
6.716037 0.960000
6.718179 0.960000
6.720321 0.960000
6.722463 0.960000
6.724605 0.960000
6.726747 0.960000
6.728889 0.960000
6.731031 0.960000
6.733172 0.960000
6.735314 0.960000
6.737456 0.960000
6.739598 0.960000
6.741740 0.960000
6.743882 0.960000
6.746024 0.960000
6.748166 0.960000
6.750308 0.960000
6.752450 0.960000
6.754592 0.960000
6.756734 0.960000
6.758876 0.960000
6.761018 0.960000
6.763160 0.960000
6.765302 0.960000
6.767444 0.960000
6.769586 0.960000
6.771728 0.960000
6.773870 0.960000
6.776012 0.960000
6.778154 0.960000
6.780296 0.960000
6.782437 0.960000
6.784579 0.960000
6.786721 0.960000
6.788863 0.960000
6.791005 0.960000
6.793147 0.960000
6.795289 0.960000
6.797431 0.960000
6.799573 0.960000
6.801715 0.960000
6.803857 0.960000
6.805999 0.960000
6.808141 0.960000
6.810283 0.960000
6.812425 0.960000
6.814567 0.960000
6.816709 0.960000
6.818851 0.960000
6.820993 0.960000
6.823135 0.961667
6.825277 0.961667
6.827419 0.961667
6.829561 0.961667
6.831703 0.961667
6.833844 0.961667
6.835986 0.961667
6.838128 0.961667
6.840270 0.961667
6.842412 0.961667
6.844554 0.961667
6.846696 0.961667
6.848838 0.961667
6.850980 0.961667
6.853122 0.961667
6.855264 0.961667
6.857406 0.961667
6.859548 0.961667
6.861690 0.961667
6.863832 0.961667
6.865974 0.961667
6.868116 0.961667
6.870258 0.961667
6.872400 0.961667
6.874542 0.961667
6.876684 0.961667
6.878826 0.961667
6.880968 0.961667
6.883109 0.961667
6.885251 0.961667
6.887393 0.961667
6.889535 0.961667
6.891677 0.961667
6.893819 0.961667
6.895961 0.961667
6.898103 0.961667
6.900245 0.961667
6.902387 0.961667
6.904529 0.961667
6.906671 0.961667
6.908813 0.961667
6.910955 0.961667
6.913097 0.961667
6.915239 0.961667
6.917381 0.961667
6.919523 0.961667
6.921665 0.961667
6.923807 0.961667
6.925949 0.961667
6.928091 0.961667
6.930233 0.961667
6.932375 0.961667
6.934516 0.961667
6.936658 0.961667
6.938800 0.961667
6.940942 0.961667
6.943084 0.961667
6.945226 0.961667
6.947368 0.961667
6.949510 0.961667
6.951652 0.961667
6.953794 0.961667
6.955936 0.961667
6.958078 0.961667
6.960220 0.961667
6.962362 0.961667
6.964504 0.961667
6.966646 0.961667
6.968788 0.961667
6.970930 0.961667
6.973072 0.961667
6.975214 0.961667
6.977356 0.961667
6.979498 0.961667
6.981640 0.961667
6.983781 0.961667
6.985923 0.961667
6.988065 0.961667
6.990207 0.961667
6.992349 0.961667
6.994491 0.961667
6.996633 0.961667
6.998775 0.961667
7.000917 0.961667
7.003059 0.961667
7.005201 0.961667
7.007343 0.961667
7.009485 0.961667
7.011627 0.961667
7.013769 0.961667
7.015911 0.961667
7.018053 0.961667
7.020195 0.961667
7.022337 0.961667
7.024479 0.961667
7.026621 0.961667
7.028763 0.961667
7.030905 0.961667
7.033046 0.961667
7.035188 0.961667
7.037330 0.961667
7.039472 0.961667
7.041614 0.961667
7.043756 0.961667
7.045898 0.961667
7.048040 0.961667
7.050182 0.961667
7.052324 0.961667
7.054466 0.961667
7.056608 0.961667
7.058750 0.961667
7.060892 0.961667
7.063034 0.961667
7.065176 0.961667
7.067318 0.961667
7.069460 0.961667
7.071602 0.961667
7.073744 0.961667
7.075886 0.961667
7.078028 0.961667
7.080170 0.961667
7.082312 0.961667
7.084453 0.961667
7.086595 0.961667
7.088737 0.961667
7.090879 0.961667
7.093021 0.961667
7.095163 0.961667
7.097305 0.961667
7.099447 0.961667
7.101589 0.961667
7.103731 0.961667
7.105873 0.961667
7.108015 0.963333
7.110157 0.963333
7.112299 0.963333
7.114441 0.963333
7.116583 0.963333
7.118725 0.963333
7.120867 0.963333
7.123009 0.963333
7.125151 0.963333
7.127293 0.963333
7.129435 0.963333
7.131577 0.963333
7.133718 0.963333
7.135860 0.963333
7.138002 0.963333
7.140144 0.963333
7.142286 0.965000
7.144428 0.965000
7.146570 0.965000
7.148712 0.965000
7.150854 0.965000
7.152996 0.965000
7.155138 0.965000
7.157280 0.965000
7.159422 0.966667
7.161564 0.966667
7.163706 0.966667
7.165848 0.966667
7.167990 0.966667
7.170132 0.966667
7.172274 0.966667
7.174416 0.966667
7.176558 0.966667
7.178700 0.966667
7.180842 0.968333
7.182984 0.968333
7.185125 0.968333
7.187267 0.968333
7.189409 0.968333
7.191551 0.968333
7.193693 0.968333
7.195835 0.968333
7.197977 0.968333
7.200119 0.968333
7.202261 0.970000
7.204403 0.970000
7.206545 0.970000
7.208687 0.970000
7.210829 0.970000
7.212971 0.970000
7.215113 0.970000
7.217255 0.970000
7.219397 0.970000
7.221539 0.970000
7.223681 0.971667
7.225823 0.971667
7.227965 0.971667
7.230107 0.971667
7.232249 0.971667
7.234390 0.971667
7.236532 0.971667
7.238674 0.971667
7.240816 0.971667
7.242958 0.971667
7.245100 0.971667
7.247242 0.971667
7.249384 0.971667
7.251526 0.971667
7.253668 0.971667
7.255810 0.971667
7.257952 0.971667
7.260094 0.971667
7.262236 0.971667
7.264378 0.971667
7.266520 0.971667
7.268662 0.971667
7.270804 0.971667
7.272946 0.971667
7.275088 0.971667
7.277230 0.971667
7.279372 0.971667
7.281514 0.971667
7.283656 0.971667
7.285797 0.971667
7.287939 0.971667
7.290081 0.971667
7.292223 0.971667
7.294365 0.971667
7.296507 0.971667
7.298649 0.971667
7.300791 0.971667
7.302933 0.971667
7.305075 0.971667
7.307217 0.971667
7.309359 0.971667
7.311501 0.971667
7.313643 0.971667
7.315785 0.971667
7.317927 0.971667
7.320069 0.971667
7.322211 0.971667
7.324353 0.971667
7.326495 0.971667
7.328637 0.971667
7.330779 0.971667
7.332921 0.971667
7.335062 0.973333
7.337204 0.973333
7.339346 0.973333
7.341488 0.973333
7.343630 0.975000
7.345772 0.975000
7.347914 0.975000
7.350056 0.975000
7.352198 0.975000
7.354340 0.975000
7.356482 0.975000
7.358624 0.975000
7.360766 0.975000
7.362908 0.975000
7.365050 0.975000
7.367192 0.975000
7.369334 0.975000
7.371476 0.975000
7.373618 0.975000
7.375760 0.975000
7.377902 0.975000
7.380044 0.975000
7.382186 0.975000
7.384328 0.975000
7.386469 0.975000
7.388611 0.975000
7.390753 0.975000
7.392895 0.975000
7.395037 0.975000
7.397179 0.975000
7.399321 0.975000
7.401463 0.975000
7.403605 0.975000
7.405747 0.975000
7.407889 0.975000
7.410031 0.975000
7.412173 0.975000
7.414315 0.975000
7.416457 0.975000
7.418599 0.975000
7.420741 0.975000
7.422883 0.975000
7.425025 0.975000
7.427167 0.975000
7.429309 0.975000
7.431451 0.975000
7.433593 0.975000
7.435734 0.975000
7.437876 0.975000
7.440018 0.975000
7.442160 0.975000
7.444302 0.975000
7.446444 0.975000
7.448586 0.975000
7.450728 0.975000
7.452870 0.975000
7.455012 0.975000
7.457154 0.975000
7.459296 0.975000
7.461438 0.975000
7.463580 0.975000
7.465722 0.975000
7.467864 0.975000
7.470006 0.975000
7.472148 0.975000
7.474290 0.975000
7.476432 0.975000
7.478574 0.975000
7.480716 0.975000
7.482858 0.975000
7.484999 0.975000
7.487141 0.975000
7.489283 0.975000
7.491425 0.975000
7.493567 0.975000
7.495709 0.975000
7.497851 0.975000
7.499993 0.975000
7.502135 0.975000
7.504277 0.975000
7.506419 0.975000
7.508561 0.975000
7.510703 0.975000
7.512845 0.975000
7.514987 0.975000
7.517129 0.975000
7.519271 0.975000
7.521413 0.975000
7.523555 0.975000
7.525697 0.975000
7.527839 0.975000
7.529981 0.975000
7.532123 0.975000
7.534265 0.975000
7.536406 0.975000
7.538548 0.975000
7.540690 0.975000
7.542832 0.975000
7.544974 0.975000
7.547116 0.975000
7.549258 0.975000
7.551400 0.975000
7.553542 0.975000
7.555684 0.975000
7.557826 0.975000
7.559968 0.975000
7.562110 0.975000
7.564252 0.975000
7.566394 0.975000
7.568536 0.975000
7.570678 0.975000
7.572820 0.975000
7.574962 0.975000
7.577104 0.975000
7.579246 0.975000
7.581388 0.975000
7.583530 0.975000
7.585671 0.975000
7.587813 0.975000
7.589955 0.975000
7.592097 0.975000
7.594239 0.975000
7.596381 0.975000
7.598523 0.975000
7.600665 0.975000
7.602807 0.975000
7.604949 0.975000
7.607091 0.975000
7.609233 0.975000
7.611375 0.975000
7.613517 0.975000
7.615659 0.975000
7.617801 0.975000
7.619943 0.975000
7.622085 0.975000
7.624227 0.975000
7.626369 0.975000
7.628511 0.975000
7.630653 0.975000
7.632795 0.975000
7.634937 0.975000
7.637078 0.975000
7.639220 0.975000
7.641362 0.975000
7.643504 0.975000
7.645646 0.975000
7.647788 0.975000
7.649930 0.975000
7.652072 0.975000
7.654214 0.975000
7.656356 0.975000
7.658498 0.975000
7.660640 0.975000
7.662782 0.975000
7.664924 0.975000
7.667066 0.975000
7.669208 0.975000
7.671350 0.975000
7.673492 0.975000
7.675634 0.975000
7.677776 0.975000
7.679918 0.975000
7.682060 0.975000
7.684202 0.975000
7.686343 0.975000
7.688485 0.975000
7.690627 0.975000
7.692769 0.975000
7.694911 0.975000
7.697053 0.975000
7.699195 0.975000
7.701337 0.975000
7.703479 0.975000
7.705621 0.975000
7.707763 0.975000
7.709905 0.975000
7.712047 0.975000
7.714189 0.975000
7.716331 0.975000
7.718473 0.975000
7.720615 0.975000
7.722757 0.975000
7.724899 0.975000
7.727041 0.975000
7.729183 0.975000
7.731325 0.975000
7.733467 0.975000
7.735609 0.975000
7.737750 0.975000
7.739892 0.975000
7.742034 0.975000
7.744176 0.975000
7.746318 0.975000
7.748460 0.975000
7.750602 0.975000
7.752744 0.975000
7.754886 0.975000
7.757028 0.975000
7.759170 0.975000
7.761312 0.975000
7.763454 0.975000
7.765596 0.975000
7.767738 0.975000
7.769880 0.975000
7.772022 0.975000
7.774164 0.975000
7.776306 0.975000
7.778448 0.975000
7.780590 0.976667
7.782732 0.976667
7.784874 0.976667
7.787015 0.976667
7.789157 0.976667
7.791299 0.976667
7.793441 0.976667
7.795583 0.976667
7.797725 0.976667
7.799867 0.976667
7.802009 0.976667
7.804151 0.976667
7.806293 0.976667
7.808435 0.978333
7.810577 0.978333
7.812719 0.978333
7.814861 0.978333
7.817003 0.978333
7.819145 0.978333
7.821287 0.978333
7.823429 0.978333
7.825571 0.978333
7.827713 0.978333
7.829855 0.978333
7.831997 0.978333
7.834139 0.978333
7.836281 0.978333
7.838422 0.978333
7.840564 0.978333
7.842706 0.978333
7.844848 0.978333
7.846990 0.978333
7.849132 0.978333
7.851274 0.978333
7.853416 0.978333
7.855558 0.978333
7.857700 0.978333
7.859842 0.978333
7.861984 0.978333
7.864126 0.978333
7.866268 0.978333
7.868410 0.978333
7.870552 0.978333
7.872694 0.978333
7.874836 0.978333
7.876978 0.978333
7.879120 0.978333
7.881262 0.978333
7.883404 0.978333
7.885546 0.978333
7.887687 0.978333
7.889829 0.978333
7.891971 0.978333
7.894113 0.978333
7.896255 0.978333
7.898397 0.980000
7.900539 0.980000
7.902681 0.980000
7.904823 0.980000
7.906965 0.980000
7.909107 0.980000
7.911249 0.980000
7.913391 0.980000
7.915533 0.980000
7.917675 0.980000
7.919817 0.980000
7.921959 0.980000
7.924101 0.980000
7.926243 0.980000
7.928385 0.980000
7.930527 0.980000
7.932669 0.980000
7.934811 0.980000
7.936952 0.980000
7.939094 0.980000
7.941236 0.980000
7.943378 0.981667
7.945520 0.981667
7.947662 0.981667
7.949804 0.981667
7.951946 0.981667
7.954088 0.981667
7.956230 0.981667
7.958372 0.981667
7.960514 0.981667
7.962656 0.981667
7.964798 0.981667
7.966940 0.981667
7.969082 0.981667
7.971224 0.981667
7.973366 0.981667
7.975508 0.981667
7.977650 0.981667
7.979792 0.981667
7.981934 0.981667
7.984076 0.981667
7.986218 0.981667
7.988359 0.981667
7.990501 0.981667
7.992643 0.981667
7.994785 0.981667
7.996927 0.981667
7.999069 0.981667
