1.674228 0.001667
1.675522 0.001667
1.676815 0.001667
1.678108 0.001667
1.679401 0.001667
1.680694 0.001667
1.681988 0.001667
1.683281 0.001667
1.684574 0.001667
1.685867 0.001667
1.687160 0.001667
1.688454 0.001667
1.689747 0.001667
1.691040 0.001667
1.692333 0.001667
1.693626 0.001667
1.694920 0.001667
1.696213 0.001667
1.697506 0.001667
1.698799 0.001667
1.700092 0.001667
1.701385 0.001667
1.702679 0.001667
1.703972 0.001667
1.705265 0.001667
1.706558 0.001667
1.707851 0.001667
1.709145 0.003333
1.710438 0.003333
1.711731 0.003333
1.713024 0.003333
1.714317 0.003333
1.715611 0.003333
1.716904 0.003333
1.718197 0.003333
1.719490 0.003333
1.720783 0.003333
1.722077 0.003333
1.723370 0.003333
1.724663 0.003333
1.725956 0.003333
1.727249 0.003333
1.728542 0.003333
1.729836 0.003333
1.731129 0.003333
1.732422 0.003333
1.733715 0.003333
1.735008 0.003333
1.736302 0.003333
1.737595 0.003333
1.738888 0.003333
1.740181 0.003333
1.741474 0.005000
1.742768 0.005000
1.744061 0.005000
1.745354 0.005000
1.746647 0.005000
1.747940 0.005000
1.749234 0.005000
1.750527 0.005000
1.751820 0.005000
1.753113 0.005000
1.754406 0.005000
1.755699 0.006667
1.756993 0.006667
1.758286 0.006667
1.759579 0.006667
1.760872 0.006667
1.762165 0.008333
1.763459 0.008333
1.764752 0.010000
1.766045 0.010000
1.767338 0.010000
1.768631 0.010000
1.769925 0.010000
1.771218 0.010000
1.772511 0.010000
1.773804 0.010000
1.775097 0.010000
1.776391 0.010000
1.777684 0.010000
1.778977 0.010000
1.780270 0.010000
1.781563 0.010000
1.782856 0.010000
1.784150 0.010000
1.785443 0.010000
1.786736 0.010000
1.788029 0.010000
1.789322 0.010000
1.790616 0.010000
1.791909 0.010000
1.793202 0.010000
1.794495 0.010000
1.795788 0.010000
1.797082 0.010000
1.798375 0.010000
1.799668 0.010000
1.800961 0.010000
1.802254 0.010000
1.803548 0.010000
1.804841 0.010000
1.806134 0.011667
1.807427 0.011667
1.808720 0.011667
1.810013 0.011667
1.811307 0.011667
1.812600 0.011667
1.813893 0.011667
1.815186 0.011667
1.816479 0.011667
1.817773 0.011667
1.819066 0.011667
1.820359 0.011667
1.821652 0.011667
1.822945 0.011667
1.824239 0.011667
1.825532 0.011667
1.826825 0.011667
1.828118 0.011667
1.829411 0.013333
1.830705 0.013333
1.831998 0.013333
1.833291 0.013333
1.834584 0.013333
1.835877 0.013333
1.837170 0.013333
1.838464 0.013333
1.839757 0.013333
1.841050 0.013333
1.842343 0.013333
1.843636 0.013333
1.844930 0.013333
1.846223 0.013333
1.847516 0.013333
1.848809 0.013333
1.850102 0.013333
1.851396 0.013333
1.852689 0.013333
1.853982 0.013333
1.855275 0.013333
1.856568 0.013333
1.857862 0.013333
1.859155 0.013333
1.860448 0.013333
1.861741 0.013333
1.863034 0.015000
1.864327 0.015000
1.865621 0.015000
1.866914 0.015000
1.868207 0.015000
1.869500 0.015000
1.870793 0.015000
1.872087 0.015000
1.873380 0.015000
1.874673 0.015000
1.875966 0.015000
1.877259 0.015000
1.878553 0.015000
1.879846 0.015000
1.881139 0.015000
1.882432 0.015000
1.883725 0.015000
1.885019 0.015000
1.886312 0.015000
1.887605 0.015000
1.888898 0.015000
1.890191 0.015000
1.891484 0.015000
1.892778 0.015000
1.894071 0.015000
1.895364 0.015000
1.896657 0.015000
1.897950 0.015000
1.899244 0.015000
1.900537 0.015000
1.901830 0.015000
1.903123 0.015000
1.904416 0.015000
1.905710 0.015000
1.907003 0.015000
1.908296 0.015000
1.909589 0.015000
1.910882 0.015000
1.912176 0.015000
1.913469 0.015000
1.914762 0.015000
1.916055 0.015000
1.917348 0.015000
1.918641 0.015000
1.919935 0.015000
1.921228 0.015000
1.922521 0.015000
1.923814 0.015000
1.925107 0.015000
1.926401 0.015000
1.927694 0.015000
1.928987 0.015000
1.930280 0.015000
1.931573 0.015000
1.932867 0.015000
1.934160 0.015000
1.935453 0.015000
1.936746 0.015000
1.938039 0.015000
1.939333 0.015000
1.940626 0.015000
1.941919 0.015000
1.943212 0.015000
1.944505 0.015000
1.945798 0.015000
1.947092 0.015000
1.948385 0.015000
1.949678 0.015000
1.950971 0.015000
1.952264 0.015000
1.953558 0.015000
1.954851 0.016667
1.956144 0.016667
1.957437 0.016667
1.958730 0.016667
1.960024 0.016667
1.961317 0.016667
1.962610 0.016667
1.963903 0.016667
1.965196 0.016667
1.966490 0.018333
1.967783 0.018333
1.969076 0.018333
1.970369 0.018333
1.971662 0.018333
1.972955 0.018333
1.974249 0.018333
1.975542 0.018333
1.976835 0.018333
1.978128 0.018333
1.979421 0.018333
1.980715 0.018333
1.982008 0.020000
1.983301 0.020000
1.984594 0.020000
1.985887 0.020000
1.987181 0.020000
1.988474 0.020000
1.989767 0.020000
1.991060 0.020000
1.992353 0.021667
1.993647 0.021667
1.994940 0.023333
1.996233 0.023333
1.997526 0.023333
1.998819 0.023333
2.000112 0.023333
2.001406 0.023333
2.002699 0.023333
2.003992 0.023333
2.005285 0.023333
2.006578 0.023333
2.007872 0.023333
2.009165 0.023333
2.010458 0.023333
2.011751 0.025000
2.013044 0.025000
2.014338 0.025000
2.015631 0.026667
2.016924 0.026667
2.018217 0.026667
2.019510 0.026667
2.020803 0.026667
2.022097 0.026667
2.023390 0.026667
2.024683 0.026667
2.025976 0.026667
2.027269 0.026667
2.028563 0.026667
2.029856 0.026667
2.031149 0.026667
2.032442 0.026667
2.033735 0.026667
2.035029 0.028333
2.036322 0.028333
2.037615 0.028333
2.038908 0.028333
2.040201 0.028333
2.041495 0.028333
2.042788 0.028333
2.044081 0.028333
2.045374 0.028333
2.046667 0.030000
2.047960 0.030000
2.049254 0.030000
2.050547 0.030000
2.051840 0.031667
2.053133 0.031667
2.054426 0.031667
2.055720 0.031667
2.057013 0.031667
2.058306 0.033333
2.059599 0.033333
2.060892 0.033333
2.062186 0.033333
2.063479 0.033333
2.064772 0.033333
2.066065 0.033333
2.067358 0.035000
2.068652 0.035000
2.069945 0.035000
2.071238 0.035000
2.072531 0.035000
2.073824 0.035000
2.075117 0.035000
2.076411 0.035000
2.077704 0.035000
2.078997 0.035000
2.080290 0.035000
2.081583 0.035000
2.082877 0.035000
2.084170 0.035000
2.085463 0.035000
2.086756 0.035000
2.088049 0.038333
2.089343 0.038333
2.090636 0.038333
2.091929 0.038333
2.093222 0.038333
2.094515 0.038333
2.095809 0.038333
2.097102 0.038333
2.098395 0.038333
2.099688 0.038333
2.100981 0.038333
2.102274 0.038333
2.103568 0.038333
2.104861 0.038333
2.106154 0.040000
2.107447 0.040000
2.108740 0.040000
2.110034 0.040000
2.111327 0.040000
2.112620 0.040000
2.113913 0.040000
2.115206 0.040000
2.116500 0.040000
2.117793 0.040000
2.119086 0.040000
2.120379 0.040000
2.121672 0.040000
2.122966 0.040000
2.124259 0.040000
2.125552 0.040000
2.126845 0.040000
2.128138 0.040000
2.129431 0.040000
2.130725 0.040000
2.132018 0.040000
2.133311 0.040000
2.134604 0.040000
2.135897 0.041667
2.137191 0.041667
2.138484 0.041667
2.139777 0.041667
2.141070 0.041667
2.142363 0.041667
2.143657 0.041667
2.144950 0.041667
2.146243 0.041667
2.147536 0.041667
2.148829 0.041667
2.150123 0.041667
2.151416 0.041667
2.152709 0.041667
2.154002 0.041667
2.155295 0.041667
2.156588 0.041667
2.157882 0.041667
2.159175 0.041667
2.160468 0.043333
2.161761 0.045000
2.163054 0.045000
2.164348 0.045000
2.165641 0.045000
2.166934 0.045000
2.168227 0.045000
2.169520 0.045000
2.170814 0.045000
2.172107 0.045000
2.173400 0.045000
2.174693 0.045000
2.175986 0.045000
2.177280 0.045000
2.178573 0.045000
2.179866 0.045000
2.181159 0.045000
2.182452 0.045000
2.183745 0.045000
2.185039 0.045000
2.186332 0.045000
2.187625 0.045000
2.188918 0.045000
2.190211 0.045000
2.191505 0.045000
2.192798 0.045000
2.194091 0.045000
2.195384 0.045000
2.196677 0.045000
2.197971 0.048333
2.199264 0.048333
2.200557 0.048333
2.201850 0.048333
2.203143 0.048333
2.204437 0.050000
2.205730 0.051667
2.207023 0.051667
2.208316 0.051667
2.209609 0.051667
2.210902 0.051667
2.212196 0.051667
2.213489 0.051667
2.214782 0.051667
2.216075 0.051667
2.217368 0.051667
2.218662 0.051667
2.219955 0.051667
2.221248 0.051667
2.222541 0.051667
2.223834 0.051667
2.225128 0.053333
2.226421 0.053333
2.227714 0.055000
2.229007 0.055000
2.230300 0.055000
2.231594 0.055000
2.232887 0.055000
2.234180 0.058333
2.235473 0.058333
2.236766 0.058333
2.238059 0.058333
2.239353 0.058333
2.240646 0.058333
2.241939 0.058333
2.243232 0.058333
2.244525 0.058333
2.245819 0.058333
2.247112 0.058333
2.248405 0.058333
2.249698 0.060000
2.250991 0.060000
2.252285 0.060000
2.253578 0.060000
2.254871 0.060000
2.256164 0.060000
2.257457 0.061667
2.258751 0.061667
2.260044 0.061667
2.261337 0.061667
2.262630 0.061667
2.263923 0.061667
2.265216 0.063333
2.266510 0.063333
2.267803 0.066667
2.269096 0.066667
2.270389 0.066667
2.271682 0.066667
2.272976 0.066667
2.274269 0.066667
2.275562 0.066667
2.276855 0.066667
2.278148 0.066667
2.279442 0.066667
2.280735 0.068333
2.282028 0.068333
2.283321 0.068333
2.284614 0.068333
2.285908 0.070000
2.287201 0.070000
2.288494 0.070000
2.289787 0.070000
2.291080 0.070000
2.292373 0.070000
2.293667 0.070000
2.294960 0.070000
2.296253 0.070000
2.297546 0.070000
2.298839 0.070000
2.300133 0.070000
2.301426 0.070000
2.302719 0.071667
2.304012 0.071667
2.305305 0.071667
2.306599 0.071667
2.307892 0.071667
2.309185 0.071667
2.310478 0.073333
2.311771 0.073333
2.313065 0.075000
2.314358 0.075000
2.315651 0.075000
2.316944 0.075000
2.318237 0.075000
2.319530 0.076667
2.320824 0.078333
2.322117 0.078333
2.323410 0.078333
2.324703 0.078333
2.325996 0.078333
2.327290 0.080000
2.328583 0.080000
2.329876 0.081667
2.331169 0.081667
2.332462 0.083333
2.333756 0.083333
2.335049 0.083333
2.336342 0.083333
2.337635 0.083333
2.338928 0.083333
2.340222 0.086667
2.341515 0.086667
2.342808 0.086667
2.344101 0.086667
2.345394 0.086667
2.346687 0.086667
2.347981 0.086667
2.349274 0.086667
2.350567 0.088333
2.351860 0.088333
2.353153 0.088333
2.354447 0.088333
2.355740 0.090000
2.357033 0.090000
2.358326 0.091667
2.359619 0.093333
2.360913 0.093333
2.362206 0.093333
2.363499 0.093333
2.364792 0.095000
2.366085 0.095000
2.367378 0.095000
2.368672 0.096667
2.369965 0.096667
2.371258 0.100000
2.372551 0.100000
2.373844 0.100000
2.375138 0.101667
2.376431 0.101667
2.377724 0.103333
2.379017 0.103333
2.380310 0.105000
2.381604 0.106667
2.382897 0.106667
2.384190 0.106667
2.385483 0.106667
2.386776 0.106667
2.388070 0.106667
2.389363 0.106667
2.390656 0.106667
2.391949 0.106667
2.393242 0.106667
2.394535 0.106667
2.395829 0.106667
2.397122 0.108333
2.398415 0.110000
2.399708 0.111667
2.401001 0.111667
2.402295 0.113333
2.403588 0.113333
2.404881 0.115000
2.406174 0.115000
2.407467 0.116667
2.408761 0.116667
2.410054 0.116667
2.411347 0.118333
2.412640 0.118333
2.413933 0.118333
2.415227 0.118333
2.416520 0.118333
2.417813 0.120000
2.419106 0.121667
2.420399 0.121667
2.421692 0.121667
2.422986 0.123333
2.424279 0.125000
2.425572 0.126667
2.426865 0.126667
2.428158 0.126667
2.429452 0.126667
2.430745 0.126667
2.432038 0.126667
2.433331 0.126667
2.434624 0.126667
2.435918 0.126667
2.437211 0.126667
2.438504 0.126667
2.439797 0.126667
2.441090 0.126667
2.442384 0.126667
2.443677 0.126667
2.444970 0.126667
2.446263 0.126667
2.447556 0.126667
2.448849 0.126667
2.450143 0.126667
2.451436 0.126667
2.452729 0.128333
2.454022 0.128333
2.455315 0.128333
2.456609 0.128333
2.457902 0.128333
2.459195 0.130000
2.460488 0.130000
2.461781 0.131667
2.463075 0.131667
2.464368 0.131667
2.465661 0.133333
2.466954 0.133333
2.468247 0.133333
2.469541 0.133333
2.470834 0.133333
2.472127 0.135000
2.473420 0.135000
2.474713 0.135000
2.476006 0.135000
2.477300 0.135000
2.478593 0.135000
2.479886 0.135000
2.481179 0.135000
2.482472 0.136667
2.483766 0.136667
2.485059 0.136667
2.486352 0.136667
2.487645 0.138333
2.488938 0.138333
2.490232 0.140000
2.491525 0.140000
2.492818 0.141667
2.494111 0.141667
2.495404 0.141667
2.496698 0.141667
2.497991 0.141667
2.499284 0.141667
2.500577 0.141667
2.501870 0.141667
2.503163 0.141667
2.504457 0.141667
2.505750 0.141667
2.507043 0.141667
2.508336 0.141667
2.509629 0.141667
2.510923 0.141667
2.512216 0.141667
2.513509 0.141667
2.514802 0.141667
2.516095 0.141667
2.517389 0.141667
2.518682 0.141667
2.519975 0.141667
2.521268 0.141667
2.522561 0.141667
2.523855 0.141667
2.525148 0.141667
2.526441 0.141667
2.527734 0.141667
2.529027 0.141667
2.530320 0.141667
2.531614 0.141667
2.532907 0.143333
2.534200 0.145000
2.535493 0.146667
2.536786 0.148333
2.538080 0.148333
2.539373 0.148333
2.540666 0.148333
2.541959 0.148333
2.543252 0.151667
2.544546 0.151667
2.545839 0.151667
2.547132 0.151667
2.548425 0.153333
2.549718 0.153333
2.551012 0.153333
2.552305 0.153333
2.553598 0.155000
2.554891 0.156667
2.556184 0.156667
2.557477 0.156667
2.558771 0.156667
2.560064 0.156667
2.561357 0.158333
2.562650 0.158333
2.563943 0.158333
2.565237 0.160000
2.566530 0.160000
2.567823 0.160000
2.569116 0.160000
2.570409 0.160000
2.571703 0.160000
2.572996 0.161667
2.574289 0.161667
2.575582 0.161667
2.576875 0.161667
2.578169 0.161667
2.579462 0.163333
2.580755 0.165000
2.582048 0.165000
2.583341 0.166667
2.584634 0.168333
2.585928 0.168333
2.587221 0.168333
2.588514 0.168333
2.589807 0.168333
2.591100 0.168333
2.592394 0.168333
2.593687 0.168333
2.594980 0.168333
2.596273 0.168333
2.597566 0.168333
2.598860 0.168333
2.600153 0.168333
2.601446 0.170000
2.602739 0.170000
2.604032 0.170000
2.605326 0.170000
2.606619 0.171667
2.607912 0.171667
2.609205 0.171667
2.610498 0.171667
2.611791 0.171667
2.613085 0.171667
2.614378 0.173333
2.615671 0.173333
2.616964 0.173333
2.618257 0.175000
2.619551 0.175000
2.620844 0.175000
2.622137 0.175000
2.623430 0.175000
2.624723 0.175000
2.626017 0.175000
2.627310 0.175000
2.628603 0.175000
2.629896 0.175000
2.631189 0.176667
2.632483 0.176667
2.633776 0.176667
2.635069 0.176667
2.636362 0.178333
2.637655 0.178333
2.638948 0.178333
2.640242 0.178333
2.641535 0.180000
2.642828 0.180000
2.644121 0.180000
2.645414 0.180000
2.646708 0.181667
2.648001 0.185000
2.649294 0.185000
2.650587 0.185000
2.651880 0.185000
2.653174 0.185000
2.654467 0.185000
2.655760 0.185000
2.657053 0.185000
2.658346 0.186667
2.659640 0.188333
2.660933 0.188333
2.662226 0.188333
2.663519 0.190000
2.664812 0.191667
2.666105 0.191667
2.667399 0.193333
2.668692 0.193333
2.669985 0.195000
2.671278 0.195000
2.672571 0.196667
2.673865 0.196667
2.675158 0.196667
2.676451 0.200000
2.677744 0.200000
2.679037 0.200000
2.680331 0.200000
2.681624 0.201667
2.682917 0.201667
2.684210 0.203333
2.685503 0.203333
2.686797 0.203333
2.688090 0.203333
2.689383 0.203333
2.690676 0.203333
2.691969 0.203333
2.693262 0.203333
2.694556 0.203333
2.695849 0.203333
2.697142 0.203333
2.698435 0.203333
2.699728 0.203333
2.701022 0.203333
2.702315 0.206667
2.703608 0.206667
2.704901 0.208333
2.706194 0.208333
2.707488 0.208333
2.708781 0.208333
2.710074 0.208333
2.711367 0.210000
2.712660 0.210000
2.713953 0.213333
2.715247 0.213333
2.716540 0.213333
2.717833 0.215000
2.719126 0.216667
2.720419 0.216667
2.721713 0.218333
2.723006 0.218333
2.724299 0.218333
2.725592 0.218333
2.726885 0.220000
2.728179 0.221667
2.729472 0.223333
2.730765 0.226667
2.732058 0.228333
2.733351 0.228333
2.734645 0.228333
2.735938 0.228333
2.737231 0.228333
2.738524 0.228333
2.739817 0.228333
2.741110 0.230000
2.742404 0.230000
2.743697 0.230000
2.744990 0.231667
2.746283 0.231667
2.747576 0.233333
2.748870 0.233333
2.750163 0.233333
2.751456 0.233333
2.752749 0.233333
2.754042 0.233333
2.755336 0.233333
2.756629 0.233333
2.757922 0.233333
2.759215 0.235000
2.760508 0.235000
2.761802 0.235000
2.763095 0.240000
2.764388 0.240000
2.765681 0.240000
2.766974 0.241667
2.768267 0.243333
2.769561 0.243333
2.770854 0.245000
2.772147 0.245000
2.773440 0.245000
2.774733 0.245000
2.776027 0.245000
2.777320 0.245000
2.778613 0.245000
2.779906 0.248333
2.781199 0.248333
2.782493 0.248333
2.783786 0.248333
2.785079 0.248333
2.786372 0.248333
2.787665 0.251667
2.788959 0.251667
2.790252 0.251667
2.791545 0.253333
2.792838 0.253333
2.794131 0.253333
2.795424 0.253333
2.796718 0.255000
2.798011 0.255000
2.799304 0.256667
2.800597 0.258333
2.801890 0.260000
2.803184 0.261667
2.804477 0.261667
2.805770 0.261667
2.807063 0.261667
2.808356 0.261667
2.809650 0.261667
2.810943 0.261667
2.812236 0.261667
2.813529 0.261667
2.814822 0.261667
2.816116 0.261667
2.817409 0.263333
2.818702 0.263333
2.819995 0.263333
2.821288 0.263333
2.822581 0.263333
2.823875 0.263333
2.825168 0.263333
2.826461 0.266667
2.827754 0.266667
2.829047 0.266667
2.830341 0.268333
2.831634 0.268333
2.832927 0.268333
2.834220 0.268333
2.835513 0.268333
2.836807 0.270000
2.838100 0.270000
2.839393 0.270000
2.840686 0.270000
2.841979 0.270000
2.843273 0.270000
2.844566 0.271667
2.845859 0.271667
2.847152 0.271667
2.848445 0.271667
2.849738 0.271667
2.851032 0.271667
2.852325 0.273333
2.853618 0.273333
2.854911 0.275000
2.856204 0.276667
2.857498 0.278333
2.858791 0.278333
2.860084 0.278333
2.861377 0.280000
2.862670 0.280000
2.863964 0.281667
2.865257 0.281667
2.866550 0.281667
2.867843 0.283333
2.869136 0.283333
2.870430 0.285000
2.871723 0.285000
2.873016 0.286667
2.874309 0.288333
2.875602 0.288333
2.876895 0.288333
2.878189 0.288333
2.879482 0.290000
2.880775 0.290000
2.882068 0.290000
2.883361 0.291667
2.884655 0.291667
2.885948 0.291667
2.887241 0.291667
2.888534 0.291667
2.889827 0.291667
2.891121 0.293333
2.892414 0.293333
2.893707 0.293333
2.895000 0.295000
2.896293 0.296667
2.897587 0.296667
2.898880 0.296667
2.900173 0.298333
2.901466 0.300000
2.902759 0.301667
2.904052 0.303333
2.905346 0.305000
2.906639 0.305000
2.907932 0.305000
2.909225 0.306667
2.910518 0.306667
2.911812 0.306667
2.913105 0.308333
2.914398 0.308333
2.915691 0.308333
2.916984 0.308333
2.918278 0.308333
2.919571 0.308333
2.920864 0.310000
2.922157 0.311667
2.923450 0.311667
2.924744 0.311667
2.926037 0.313333
2.927330 0.316667
2.928623 0.318333
2.929916 0.320000
2.931209 0.320000
2.932503 0.320000
2.933796 0.320000
2.935089 0.320000
2.936382 0.320000
2.937675 0.320000
2.938969 0.323333
2.940262 0.323333
2.941555 0.323333
2.942848 0.323333
2.944141 0.325000
2.945435 0.325000
2.946728 0.325000
2.948021 0.325000
2.949314 0.325000
2.950607 0.325000
2.951901 0.325000
2.953194 0.325000
2.954487 0.325000
2.955780 0.326667
2.957073 0.326667
2.958366 0.326667
2.959660 0.326667
2.960953 0.326667
2.962246 0.328333
2.963539 0.328333
2.964832 0.330000
2.966126 0.330000
2.967419 0.330000
2.968712 0.330000
2.970005 0.330000
2.971298 0.330000
2.972592 0.331667
2.973885 0.331667
2.975178 0.331667
2.976471 0.331667
2.977764 0.331667
2.979058 0.335000
2.980351 0.335000
2.981644 0.335000
2.982937 0.335000
2.984230 0.335000
2.985523 0.335000
2.986817 0.335000
2.988110 0.336667
2.989403 0.338333
2.990696 0.340000
2.991989 0.340000
2.993283 0.340000
2.994576 0.341667
2.995869 0.341667
2.997162 0.341667
2.998455 0.341667
2.999749 0.341667
3.001042 0.341667
3.002335 0.345000
3.003628 0.345000
3.004921 0.346667
3.006215 0.348333
3.007508 0.348333
3.008801 0.350000
3.010094 0.350000
3.011387 0.350000
3.012680 0.350000
3.013974 0.351667
3.015267 0.351667
3.016560 0.353333
3.017853 0.353333
3.019146 0.353333
3.020440 0.353333
3.021733 0.353333
3.023026 0.355000
3.024319 0.358333
3.025612 0.360000
3.026906 0.360000
3.028199 0.361667
3.029492 0.363333
3.030785 0.363333
3.032078 0.363333
3.033372 0.363333
3.034665 0.363333
3.035958 0.363333
3.037251 0.365000
3.038544 0.365000
3.039837 0.365000
3.041131 0.365000
3.042424 0.365000
3.043717 0.365000
3.045010 0.365000
3.046303 0.365000
3.047597 0.365000
3.048890 0.365000
3.050183 0.365000
3.051476 0.365000
3.052769 0.368333
3.054063 0.368333
3.055356 0.370000
3.056649 0.371667
3.057942 0.373333
3.059235 0.373333
3.060528 0.375000
3.061822 0.376667
3.063115 0.376667
3.064408 0.376667
3.065701 0.378333
3.066994 0.378333
3.068288 0.378333
3.069581 0.378333
3.070874 0.378333
3.072167 0.378333
3.073460 0.378333
3.074754 0.380000
3.076047 0.380000
3.077340 0.380000
3.078633 0.380000
3.079926 0.380000
3.081220 0.381667
3.082513 0.381667
3.083806 0.383333
3.085099 0.383333
3.086392 0.385000
3.087685 0.388333
3.088979 0.388333
3.090272 0.388333
3.091565 0.388333
3.092858 0.388333
3.094151 0.388333
3.095445 0.388333
3.096738 0.390000
3.098031 0.390000
3.099324 0.391667
3.100617 0.391667
3.101911 0.391667
3.103204 0.391667
3.104497 0.391667
3.105790 0.391667
3.107083 0.391667
3.108377 0.391667
3.109670 0.393333
3.110963 0.393333
3.112256 0.393333
3.113549 0.393333
3.114842 0.393333
3.116136 0.393333
3.117429 0.395000
3.118722 0.395000
3.120015 0.395000
3.121308 0.395000
3.122602 0.395000
3.123895 0.395000
3.125188 0.395000
3.126481 0.395000
3.127774 0.395000
3.129068 0.395000
3.130361 0.395000
3.131654 0.396667
3.132947 0.398333
3.134240 0.398333
3.135534 0.400000
3.136827 0.400000
3.138120 0.400000
3.139413 0.400000
3.140706 0.401667
3.141999 0.401667
3.143293 0.401667
3.144586 0.401667
3.145879 0.401667
3.147172 0.403333
3.148465 0.403333
3.149759 0.403333
3.151052 0.403333
3.152345 0.403333
3.153638 0.403333
3.154931 0.405000
3.156225 0.405000
3.157518 0.406667
3.158811 0.406667
3.160104 0.406667
3.161397 0.406667
3.162691 0.408333
3.163984 0.410000
3.165277 0.410000
3.166570 0.411667
3.167863 0.413333
3.169156 0.413333
3.170450 0.413333
3.171743 0.415000
3.173036 0.418333
3.174329 0.420000
3.175622 0.420000
3.176916 0.420000
3.178209 0.420000
3.179502 0.420000
3.180795 0.420000
3.182088 0.420000
3.183382 0.421667
3.184675 0.421667
3.185968 0.421667
3.187261 0.421667
3.188554 0.421667
3.189848 0.421667
3.191141 0.423333
3.192434 0.425000
3.193727 0.425000
3.195020 0.425000
3.196313 0.426667
3.197607 0.426667
3.198900 0.428333
3.200193 0.428333
3.201486 0.428333
3.202779 0.428333
3.204073 0.430000
3.205366 0.430000
3.206659 0.430000
3.207952 0.430000
3.209245 0.430000
3.210539 0.430000
3.211832 0.430000
3.213125 0.430000
3.214418 0.430000
3.215711 0.430000
3.217005 0.430000
3.218298 0.430000
3.219591 0.430000
3.220884 0.431667
3.222177 0.433333
3.223470 0.436667
3.224764 0.438333
3.226057 0.438333
3.227350 0.438333
3.228643 0.438333
3.229936 0.438333
3.231230 0.438333
3.232523 0.438333
3.233816 0.440000
3.235109 0.440000
3.236402 0.440000
3.237696 0.440000
3.238989 0.440000
3.240282 0.440000
3.241575 0.440000
3.242868 0.441667
3.244162 0.441667
3.245455 0.441667
3.246748 0.441667
3.248041 0.441667
3.249334 0.441667
3.250627 0.441667
3.251921 0.441667
3.253214 0.441667
3.254507 0.441667
3.255800 0.443333
3.257093 0.446667
3.258387 0.448333
3.259680 0.448333
3.260973 0.448333
3.262266 0.448333
3.263559 0.448333
3.264853 0.448333
3.266146 0.450000
3.267439 0.450000
3.268732 0.451667
3.270025 0.451667
3.271319 0.451667
3.272612 0.451667
3.273905 0.451667
3.275198 0.451667
3.276491 0.453333
3.277784 0.453333
3.279078 0.453333
3.280371 0.458333
3.281664 0.458333
3.282957 0.458333
3.284250 0.461667
3.285544 0.461667
3.286837 0.463333
3.288130 0.463333
3.289423 0.463333
3.290716 0.465000
3.292010 0.466667
3.293303 0.466667
3.294596 0.466667
3.295889 0.466667
3.297182 0.466667
3.298476 0.466667
3.299769 0.466667
3.301062 0.466667
3.302355 0.468333
3.303648 0.468333
3.304941 0.468333
3.306235 0.470000
3.307528 0.471667
3.308821 0.471667
3.310114 0.473333
3.311407 0.473333
3.312701 0.473333
3.313994 0.475000
3.315287 0.475000
3.316580 0.475000
3.317873 0.475000
3.319167 0.476667
3.320460 0.476667
3.321753 0.476667
3.323046 0.476667
3.324339 0.476667
3.325633 0.476667
3.326926 0.476667
3.328219 0.478333
3.329512 0.480000
3.330805 0.480000
3.332098 0.480000
3.333392 0.480000
3.334685 0.481667
3.335978 0.483333
3.337271 0.483333
3.338564 0.483333
3.339858 0.485000
3.341151 0.485000
3.342444 0.485000
3.343737 0.486667
3.345030 0.486667
3.346324 0.488333
3.347617 0.488333
3.348910 0.488333
3.350203 0.488333
3.351496 0.488333
3.352790 0.488333
3.354083 0.488333
3.355376 0.490000
3.356669 0.490000
3.357962 0.490000
3.359255 0.490000
3.360549 0.490000
3.361842 0.490000
3.363135 0.490000
3.364428 0.490000
3.365721 0.490000
3.367015 0.490000
3.368308 0.490000
3.369601 0.490000
3.370894 0.490000
3.372187 0.490000
3.373481 0.491667
3.374774 0.491667
3.376067 0.491667
3.377360 0.491667
3.378653 0.491667
3.379947 0.491667
3.381240 0.491667
3.382533 0.493333
3.383826 0.495000
3.385119 0.495000
3.386412 0.495000
3.387706 0.495000
3.388999 0.495000
3.390292 0.495000
3.391585 0.496667
3.392878 0.496667
3.394172 0.496667
3.395465 0.498333
3.396758 0.500000
3.398051 0.501667
3.399344 0.501667
3.400638 0.503333
3.401931 0.503333
3.403224 0.505000
3.404517 0.505000
3.405810 0.505000
3.407103 0.506667
3.408397 0.506667
3.409690 0.506667
3.410983 0.506667
3.412276 0.506667
3.413569 0.506667
3.414863 0.506667
3.416156 0.506667
3.417449 0.508333
3.418742 0.508333
3.420035 0.508333
3.421329 0.510000
3.422622 0.510000
3.423915 0.510000
3.425208 0.510000
3.426501 0.510000
3.427795 0.510000
3.429088 0.513333
3.430381 0.515000
3.431674 0.516667
3.432967 0.518333
3.434260 0.520000
3.435554 0.520000
3.436847 0.520000
3.438140 0.523333
3.439433 0.525000
3.440726 0.525000
3.442020 0.525000
3.443313 0.525000
3.444606 0.525000
3.445899 0.526667
3.447192 0.526667
3.448486 0.526667
3.449779 0.526667
3.451072 0.530000
3.452365 0.530000
3.453658 0.530000
3.454952 0.530000
3.456245 0.530000
3.457538 0.531667
3.458831 0.531667
3.460124 0.533333
3.461417 0.533333
3.462711 0.533333
3.464004 0.533333
3.465297 0.535000
3.466590 0.536667
3.467883 0.536667
3.469177 0.538333
3.470470 0.540000
3.471763 0.540000
3.473056 0.540000
3.474349 0.540000
3.475643 0.540000
3.476936 0.540000
3.478229 0.541667
3.479522 0.541667
3.480815 0.541667
3.482109 0.543333
3.483402 0.543333
3.484695 0.543333
3.485988 0.545000
3.487281 0.545000
3.488574 0.545000
3.489868 0.545000
3.491161 0.545000
3.492454 0.545000
3.493747 0.546667
3.495040 0.548333
3.496334 0.548333
3.497627 0.548333
3.498920 0.548333
3.500213 0.548333
3.501506 0.550000
3.502800 0.550000
3.504093 0.550000
3.505386 0.550000
3.506679 0.551667
3.507972 0.551667
3.509266 0.553333
3.510559 0.553333
3.511852 0.553333
3.513145 0.553333
3.514438 0.555000
3.515731 0.555000
3.517025 0.555000
3.518318 0.555000
3.519611 0.555000
3.520904 0.556667
3.522197 0.558333
3.523491 0.558333
3.524784 0.558333
3.526077 0.558333
3.527370 0.561667
3.528663 0.563333
3.529957 0.563333
3.531250 0.563333
3.532543 0.563333
3.533836 0.563333
3.535129 0.563333
3.536423 0.563333
3.537716 0.563333
3.539009 0.563333
3.540302 0.563333
3.541595 0.563333
3.542888 0.565000
3.544182 0.565000
3.545475 0.566667
3.546768 0.566667
3.548061 0.570000
3.549354 0.570000
3.550648 0.571667
3.551941 0.571667
3.553234 0.571667
3.554527 0.575000
3.555820 0.575000
3.557114 0.576667
3.558407 0.576667
3.559700 0.578333
3.560993 0.578333
3.562286 0.578333
3.563580 0.578333
3.564873 0.578333
3.566166 0.578333
3.567459 0.580000
3.568752 0.580000
3.570045 0.581667
3.571339 0.581667
3.572632 0.581667
3.573925 0.581667
3.575218 0.581667
3.576511 0.581667
3.577805 0.581667
3.579098 0.583333
3.580391 0.583333
3.581684 0.583333
3.582977 0.583333
3.584271 0.583333
3.585564 0.583333
3.586857 0.583333
3.588150 0.583333
3.589443 0.583333
3.590737 0.585000
3.592030 0.585000
3.593323 0.586667
3.594616 0.586667
3.595909 0.588333
3.597202 0.588333
3.598496 0.588333
3.599789 0.588333
3.601082 0.588333
3.602375 0.588333
3.603668 0.590000
3.604962 0.590000
3.606255 0.591667
3.607548 0.591667
3.608841 0.591667
3.610134 0.591667
3.611428 0.591667
3.612721 0.591667
3.614014 0.591667
3.615307 0.591667
3.616600 0.593333
3.617894 0.595000
3.619187 0.595000
3.620480 0.595000
3.621773 0.595000
3.623066 0.595000
3.624359 0.595000
3.625653 0.595000
3.626946 0.596667
3.628239 0.596667
3.629532 0.596667
3.630825 0.598333
3.632119 0.598333
3.633412 0.598333
3.634705 0.598333
3.635998 0.598333
3.637291 0.598333
3.638585 0.598333
3.639878 0.598333
3.641171 0.598333
3.642464 0.598333
3.643757 0.598333
3.645051 0.600000
3.646344 0.600000
3.647637 0.600000
3.648930 0.600000
3.650223 0.600000
3.651516 0.600000
3.652810 0.600000
3.654103 0.600000
3.655396 0.600000
3.656689 0.600000
3.657982 0.600000
3.659276 0.601667
3.660569 0.601667
3.661862 0.601667
3.663155 0.601667
3.664448 0.601667
3.665742 0.601667
3.667035 0.601667
3.668328 0.603333
3.669621 0.603333
3.670914 0.605000
3.672208 0.605000
3.673501 0.605000
3.674794 0.608333
3.676087 0.608333
3.677380 0.608333
3.678673 0.608333
3.679967 0.608333
3.681260 0.608333
3.682553 0.610000
3.683846 0.610000
3.685139 0.611667
3.686433 0.613333
3.687726 0.613333
3.689019 0.613333
3.690312 0.613333
3.691605 0.613333
3.692899 0.613333
3.694192 0.613333
3.695485 0.613333
3.696778 0.615000
3.698071 0.616667
3.699365 0.616667
3.700658 0.616667
3.701951 0.616667
3.703244 0.618333
3.704537 0.618333
3.705830 0.618333
3.707124 0.620000
3.708417 0.620000
3.709710 0.620000
3.711003 0.620000
3.712296 0.620000
3.713590 0.621667
3.714883 0.621667
3.716176 0.621667
3.717469 0.623333
3.718762 0.623333
3.720056 0.623333
3.721349 0.623333
3.722642 0.623333
3.723935 0.623333
3.725228 0.623333
3.726522 0.623333
3.727815 0.625000
3.729108 0.625000
3.730401 0.625000
3.731694 0.625000
3.732987 0.625000
3.734281 0.626667
3.735574 0.628333
3.736867 0.628333
3.738160 0.628333
3.739453 0.628333
3.740747 0.628333
3.742040 0.628333
3.743333 0.628333
3.744626 0.628333
3.745919 0.628333
3.747213 0.628333
3.748506 0.630000
3.749799 0.630000
3.751092 0.630000
3.752385 0.630000
3.753678 0.630000
3.754972 0.630000
3.756265 0.630000
3.757558 0.630000
3.758851 0.631667
3.760144 0.631667
3.761438 0.631667
3.762731 0.633333
3.764024 0.633333
3.765317 0.633333
3.766610 0.633333
3.767904 0.633333
3.769197 0.633333
3.770490 0.633333
3.771783 0.633333
3.773076 0.633333
3.774370 0.633333
3.775663 0.635000
3.776956 0.636667
3.778249 0.636667
3.779542 0.636667
3.780835 0.636667
3.782129 0.636667
3.783422 0.636667
3.784715 0.638333
3.786008 0.638333
3.787301 0.640000
3.788595 0.640000
3.789888 0.640000
3.791181 0.640000
3.792474 0.640000
3.793767 0.640000
3.795061 0.640000
3.796354 0.641667
3.797647 0.643333
3.798940 0.646667
3.800233 0.646667
3.801527 0.646667
3.802820 0.646667
3.804113 0.646667
3.805406 0.646667
3.806699 0.646667
3.807992 0.646667
3.809286 0.646667
3.810579 0.646667
3.811872 0.646667
3.813165 0.646667
3.814458 0.646667
3.815752 0.646667
3.817045 0.646667
3.818338 0.648333
3.819631 0.648333
3.820924 0.648333
3.822218 0.650000
3.823511 0.650000
3.824804 0.650000
3.826097 0.650000
3.827390 0.650000
3.828684 0.650000
3.829977 0.650000
3.831270 0.650000
3.832563 0.650000
3.833856 0.650000
3.835149 0.650000
3.836443 0.650000
3.837736 0.650000
3.839029 0.650000
3.840322 0.650000
3.841615 0.650000
3.842909 0.650000
3.844202 0.650000
3.845495 0.650000
3.846788 0.650000
3.848081 0.650000
3.849375 0.650000
3.850668 0.650000
3.851961 0.651667
3.853254 0.651667
3.854547 0.651667
3.855841 0.653333
3.857134 0.653333
3.858427 0.653333
3.859720 0.655000
3.861013 0.655000
3.862306 0.655000
3.863600 0.655000
3.864893 0.655000
3.866186 0.655000
3.867479 0.655000
3.868772 0.655000
3.870066 0.655000
3.871359 0.655000
3.872652 0.655000
3.873945 0.656667
3.875238 0.656667
3.876532 0.656667
3.877825 0.656667
3.879118 0.658333
3.880411 0.658333
3.881704 0.658333
3.882998 0.660000
3.884291 0.660000
3.885584 0.661667
3.886877 0.661667
3.888170 0.661667
3.889463 0.661667
3.890757 0.661667
3.892050 0.661667
3.893343 0.661667
3.894636 0.661667
3.895929 0.661667
3.897223 0.663333
3.898516 0.663333
3.899809 0.663333
3.901102 0.663333
3.902395 0.663333
3.903689 0.663333
3.904982 0.663333
3.906275 0.663333
3.907568 0.663333
3.908861 0.663333
3.910155 0.665000
3.911448 0.665000
3.912741 0.666667
3.914034 0.666667
3.915327 0.666667
3.916620 0.666667
3.917914 0.666667
3.919207 0.666667
3.920500 0.666667
3.921793 0.668333
3.923086 0.668333
3.924380 0.668333
3.925673 0.668333
3.926966 0.670000
3.928259 0.670000
3.929552 0.670000
3.930846 0.670000
3.932139 0.670000
3.933432 0.670000
3.934725 0.670000
3.936018 0.671667
3.937312 0.671667
3.938605 0.671667
3.939898 0.671667
3.941191 0.671667
3.942484 0.671667
3.943777 0.673333
3.945071 0.673333
3.946364 0.673333
3.947657 0.673333
3.948950 0.673333
3.950243 0.673333
3.951537 0.675000
3.952830 0.675000
3.954123 0.675000
3.955416 0.676667
3.956709 0.676667
3.958003 0.676667
3.959296 0.676667
3.960589 0.676667
3.961882 0.676667
3.963175 0.676667
3.964469 0.676667
3.965762 0.676667
3.967055 0.676667
3.968348 0.676667
3.969641 0.676667
3.970934 0.676667
3.972228 0.676667
3.973521 0.678333
3.974814 0.680000
3.976107 0.680000
3.977400 0.681667
3.978694 0.681667
3.979987 0.681667
3.981280 0.681667
3.982573 0.681667
3.983866 0.683333
3.985160 0.683333
3.986453 0.683333
3.987746 0.685000
3.989039 0.685000
3.990332 0.686667
3.991626 0.686667
3.992919 0.688333
3.994212 0.688333
3.995505 0.688333
3.996798 0.688333
3.998091 0.688333
3.999385 0.688333
4.000678 0.688333
4.001971 0.688333
4.003264 0.688333
4.004557 0.690000
4.005851 0.690000
4.007144 0.690000
4.008437 0.690000
4.009730 0.690000
4.011023 0.690000
4.012317 0.690000
4.013610 0.690000
4.014903 0.690000
4.016196 0.690000
4.017489 0.691667
4.018783 0.691667
4.020076 0.691667
4.021369 0.691667
4.022662 0.691667
4.023955 0.693333
4.025248 0.693333
4.026542 0.693333
4.027835 0.695000
4.029128 0.695000
4.030421 0.696667
4.031714 0.698333
4.033008 0.698333
4.034301 0.698333
4.035594 0.698333
4.036887 0.698333
4.038180 0.700000
4.039474 0.700000
4.040767 0.700000
4.042060 0.700000
4.043353 0.700000
4.044646 0.700000
4.045940 0.700000
4.047233 0.701667
4.048526 0.701667
4.049819 0.701667
4.051112 0.703333
4.052405 0.705000
4.053699 0.705000
4.054992 0.705000
4.056285 0.706667
4.057578 0.706667
4.058871 0.706667
4.060165 0.706667
4.061458 0.706667
4.062751 0.706667
4.064044 0.706667
4.065337 0.708333
4.066631 0.708333
4.067924 0.708333
4.069217 0.710000
4.070510 0.710000
4.071803 0.710000
4.073097 0.710000
4.074390 0.710000
4.075683 0.710000
4.076976 0.710000
4.078269 0.710000
4.079562 0.710000
4.080856 0.710000
4.082149 0.710000
4.083442 0.710000
4.084735 0.711667
4.086028 0.713333
4.087322 0.713333
4.088615 0.715000
4.089908 0.715000
4.091201 0.716667
4.092494 0.716667
4.093788 0.716667
4.095081 0.716667
4.096374 0.716667
4.097667 0.716667
4.098960 0.716667
4.100253 0.716667
4.101547 0.716667
4.102840 0.716667
4.104133 0.716667
4.105426 0.716667
4.106719 0.716667
4.108013 0.716667
4.109306 0.716667
4.110599 0.716667
4.111892 0.716667
4.113185 0.716667
4.114479 0.716667
4.115772 0.716667
4.117065 0.716667
4.118358 0.716667
4.119651 0.716667
4.120945 0.716667
4.122238 0.716667
4.123531 0.718333
4.124824 0.720000
4.126117 0.720000
4.127410 0.720000
4.128704 0.720000
4.129997 0.720000
4.131290 0.720000
4.132583 0.721667
4.133876 0.721667
4.135170 0.723333
4.136463 0.723333
4.137756 0.723333
4.139049 0.726667
4.140342 0.726667
4.141636 0.726667
4.142929 0.726667
4.144222 0.728333
4.145515 0.728333
4.146808 0.728333
4.148102 0.728333
4.149395 0.730000
4.150688 0.730000
4.151981 0.730000
4.153274 0.730000
4.154567 0.731667
4.155861 0.731667
4.157154 0.731667
4.158447 0.731667
4.159740 0.731667
4.161033 0.731667
4.162327 0.731667
4.163620 0.731667
4.164913 0.731667
4.166206 0.731667
4.167499 0.731667
4.168793 0.731667
4.170086 0.733333
4.171379 0.733333
4.172672 0.733333
4.173965 0.733333
4.175259 0.733333
4.176552 0.733333
4.177845 0.733333
4.179138 0.733333
4.180431 0.735000
4.181724 0.735000
4.183018 0.735000
4.184311 0.735000
4.185604 0.735000
4.186897 0.736667
4.188190 0.736667
4.189484 0.736667
4.190777 0.738333
4.192070 0.738333
4.193363 0.740000
4.194656 0.740000
4.195950 0.740000
4.197243 0.740000
4.198536 0.740000
4.199829 0.740000
4.201122 0.740000
4.202416 0.741667
4.203709 0.741667
4.205002 0.741667
4.206295 0.741667
4.207588 0.741667
4.208881 0.741667
4.210175 0.741667
4.211468 0.741667
4.212761 0.741667
4.214054 0.741667
4.215347 0.741667
4.216641 0.741667
4.217934 0.741667
4.219227 0.745000
4.220520 0.745000
4.221813 0.745000
4.223107 0.745000
4.224400 0.745000
4.225693 0.745000
4.226986 0.746667
4.228279 0.746667
4.229573 0.746667
4.230866 0.746667
4.232159 0.748333
4.233452 0.748333
4.234745 0.748333
4.236038 0.748333
4.237332 0.748333
4.238625 0.748333
4.239918 0.748333
4.241211 0.748333
4.242504 0.748333
4.243798 0.748333
4.245091 0.748333
4.246384 0.748333
4.247677 0.748333
4.248970 0.751667
4.250264 0.753333
4.251557 0.753333
4.252850 0.753333
4.254143 0.753333
4.255436 0.753333
4.256730 0.753333
4.258023 0.755000
4.259316 0.755000
4.260609 0.755000
4.261902 0.755000
4.263195 0.755000
4.264489 0.755000
4.265782 0.755000
4.267075 0.755000
4.268368 0.755000
4.269661 0.755000
4.270955 0.755000
4.272248 0.755000
4.273541 0.755000
4.274834 0.755000
4.276127 0.755000
4.277421 0.755000
4.278714 0.756667
4.280007 0.756667
4.281300 0.756667
4.282593 0.756667
4.283887 0.756667
4.285180 0.756667
4.286473 0.756667
4.287766 0.756667
4.289059 0.756667
4.290352 0.756667
4.291646 0.756667
4.292939 0.756667
4.294232 0.756667
4.295525 0.756667
4.296818 0.756667
4.298112 0.756667
4.299405 0.756667
4.300698 0.756667
4.301991 0.756667
4.303284 0.756667
4.304578 0.756667
4.305871 0.756667
4.307164 0.756667
4.308457 0.758333
4.309750 0.758333
4.311044 0.758333
4.312337 0.758333
4.313630 0.758333
4.314923 0.760000
4.316216 0.760000
4.317509 0.760000
4.318803 0.760000
4.320096 0.761667
4.321389 0.761667
4.322682 0.761667
4.323975 0.761667
4.325269 0.761667
4.326562 0.761667
4.327855 0.761667
4.329148 0.761667
4.330441 0.761667
4.331735 0.763333
4.333028 0.763333
4.334321 0.763333
4.335614 0.763333
4.336907 0.763333
4.338201 0.763333
4.339494 0.763333
4.340787 0.763333
4.342080 0.763333
4.343373 0.763333
4.344666 0.763333
4.345960 0.763333
4.347253 0.763333
4.348546 0.763333
4.349839 0.763333
4.351132 0.763333
4.352426 0.763333
4.353719 0.763333
4.355012 0.763333
4.356305 0.763333
4.357598 0.763333
4.358892 0.763333
4.360185 0.763333
4.361478 0.765000
4.362771 0.765000
4.364064 0.765000
4.365358 0.765000
4.366651 0.765000
4.367944 0.765000
4.369237 0.765000
4.370530 0.765000
4.371823 0.765000
4.373117 0.766667
4.374410 0.766667
4.375703 0.766667
4.376996 0.766667
4.378289 0.766667
4.379583 0.766667
4.380876 0.766667
4.382169 0.766667
4.383462 0.766667
4.384755 0.766667
4.386049 0.766667
4.387342 0.766667
4.388635 0.768333
4.389928 0.768333
4.391221 0.770000
4.392515 0.771667
4.393808 0.771667
4.395101 0.771667
4.396394 0.771667
4.397687 0.771667
4.398980 0.771667
4.400274 0.771667
4.401567 0.771667
4.402860 0.771667
4.404153 0.771667
4.405446 0.771667
4.406740 0.771667
4.408033 0.773333
4.409326 0.773333
4.410619 0.773333
4.411912 0.773333
4.413206 0.773333
4.414499 0.773333
4.415792 0.773333
4.417085 0.773333
4.418378 0.775000
4.419672 0.775000
4.420965 0.775000
4.422258 0.775000
4.423551 0.775000
4.424844 0.775000
4.426137 0.775000
4.427431 0.775000
4.428724 0.775000
4.430017 0.775000
4.431310 0.775000
4.432603 0.775000
4.433897 0.775000
4.435190 0.775000
4.436483 0.775000
4.437776 0.775000
4.439069 0.775000
4.440363 0.776667
4.441656 0.776667
4.442949 0.776667
4.444242 0.778333
4.445535 0.778333
4.446828 0.778333
4.448122 0.778333
4.449415 0.778333
4.450708 0.778333
4.452001 0.778333
4.453294 0.778333
4.454588 0.778333
4.455881 0.778333
4.457174 0.778333
4.458467 0.778333
4.459760 0.778333
4.461054 0.778333
4.462347 0.778333
4.463640 0.778333
4.464933 0.778333
4.466226 0.778333
4.467520 0.778333
4.468813 0.778333
4.470106 0.778333
4.471399 0.778333
4.472692 0.778333
4.473985 0.778333
4.475279 0.778333
4.476572 0.778333
4.477865 0.778333
4.479158 0.778333
4.480451 0.778333
4.481745 0.778333
4.483038 0.780000
4.484331 0.780000
4.485624 0.780000
4.486917 0.780000
4.488211 0.780000
4.489504 0.780000
4.490797 0.780000
4.492090 0.780000
4.493383 0.780000
4.494677 0.780000
4.495970 0.780000
4.497263 0.780000
4.498556 0.780000
4.499849 0.780000
4.501142 0.781667
4.502436 0.781667
4.503729 0.781667
4.505022 0.781667
4.506315 0.781667
4.507608 0.781667
4.508902 0.781667
4.510195 0.781667
4.511488 0.781667
4.512781 0.781667
4.514074 0.781667
4.515368 0.781667
4.516661 0.781667
4.517954 0.781667
4.519247 0.781667
4.520540 0.781667
4.521834 0.781667
4.523127 0.781667
4.524420 0.781667
4.525713 0.781667
4.527006 0.783333
4.528299 0.783333
4.529593 0.783333
4.530886 0.783333
4.532179 0.785000
4.533472 0.785000
4.534765 0.786667
4.536059 0.786667
4.537352 0.786667
4.538645 0.786667
4.539938 0.786667
4.541231 0.788333
4.542525 0.788333
4.543818 0.788333
4.545111 0.788333
4.546404 0.788333
4.547697 0.790000
4.548991 0.790000
4.550284 0.790000
4.551577 0.791667
4.552870 0.791667
4.554163 0.791667
4.555456 0.791667
4.556750 0.793333
4.558043 0.793333
4.559336 0.793333
4.560629 0.793333
4.561922 0.793333
4.563216 0.793333
4.564509 0.793333
4.565802 0.795000
4.567095 0.795000
4.568388 0.795000
4.569682 0.796667
4.570975 0.796667
4.572268 0.796667
4.573561 0.796667
4.574854 0.796667
4.576148 0.796667
4.577441 0.796667
4.578734 0.796667
4.580027 0.796667
4.581320 0.796667
4.582613 0.796667
4.583907 0.798333
4.585200 0.798333
4.586493 0.798333
4.587786 0.798333
4.589079 0.798333
4.590373 0.798333
4.591666 0.798333
4.592959 0.798333
4.594252 0.798333
4.595545 0.798333
4.596839 0.798333
4.598132 0.798333
4.599425 0.798333
4.600718 0.798333
4.602011 0.798333
4.603305 0.798333
4.604598 0.801667
4.605891 0.801667
4.607184 0.801667
4.608477 0.801667
4.609770 0.801667
4.611064 0.801667
4.612357 0.801667
4.613650 0.801667
4.614943 0.801667
4.616236 0.801667
4.617530 0.801667
4.618823 0.801667
4.620116 0.801667
4.621409 0.801667
4.622702 0.801667
4.623996 0.801667
4.625289 0.801667
4.626582 0.801667
4.627875 0.801667
4.629168 0.801667
4.630462 0.801667
4.631755 0.801667
4.633048 0.801667
4.634341 0.801667
4.635634 0.801667
4.636927 0.801667
4.638221 0.801667
4.639514 0.801667
4.640807 0.801667
4.642100 0.803333
4.643393 0.803333
4.644687 0.805000
4.645980 0.805000
4.647273 0.805000
4.648566 0.805000
4.649859 0.805000
4.651153 0.805000
4.652446 0.805000
4.653739 0.805000
4.655032 0.805000
4.656325 0.806667
4.657619 0.806667
4.658912 0.806667
4.660205 0.806667
4.661498 0.806667
4.662791 0.806667
4.664084 0.806667
4.665378 0.806667
4.666671 0.806667
4.667964 0.806667
4.669257 0.808333
4.670550 0.808333
4.671844 0.808333
4.673137 0.808333
4.674430 0.808333
4.675723 0.808333
4.677016 0.808333
4.678310 0.808333
4.679603 0.810000
4.680896 0.810000
4.682189 0.810000
4.683482 0.810000
4.684776 0.813333
4.686069 0.813333
4.687362 0.813333
4.688655 0.813333
4.689948 0.813333
4.691241 0.813333
4.692535 0.815000
4.693828 0.815000
4.695121 0.815000
4.696414 0.815000
4.697707 0.815000
4.699001 0.815000
4.700294 0.815000
4.701587 0.815000
4.702880 0.815000
4.704173 0.815000
4.705467 0.815000
4.706760 0.815000
4.708053 0.815000
4.709346 0.815000
4.710639 0.815000
4.711933 0.815000
4.713226 0.815000
4.714519 0.815000
4.715812 0.815000
4.717105 0.816667
4.718398 0.816667
4.719692 0.816667
4.720985 0.816667
4.722278 0.816667
4.723571 0.816667
4.724864 0.816667
4.726158 0.816667
4.727451 0.818333
4.728744 0.818333
4.730037 0.818333
4.731330 0.818333
4.732624 0.818333
4.733917 0.818333
4.735210 0.818333
4.736503 0.818333
4.737796 0.820000
4.739090 0.820000
4.740383 0.820000
4.741676 0.820000
4.742969 0.820000
4.744262 0.820000
4.745555 0.820000
4.746849 0.820000
4.748142 0.820000
4.749435 0.820000
4.750728 0.820000
4.752021 0.820000
4.753315 0.820000
4.754608 0.820000
4.755901 0.820000
4.757194 0.821667
4.758487 0.821667
4.759781 0.821667
4.761074 0.821667
4.762367 0.821667
4.763660 0.821667
4.764953 0.821667
4.766247 0.821667
4.767540 0.821667
4.768833 0.821667
4.770126 0.821667
4.771419 0.821667
4.772712 0.823333
4.774006 0.823333
4.775299 0.823333
4.776592 0.823333
4.777885 0.825000
4.779178 0.825000
4.780472 0.825000
4.781765 0.825000
4.783058 0.826667
4.784351 0.826667
4.785644 0.826667
4.786938 0.826667
4.788231 0.826667
4.789524 0.826667
4.790817 0.826667
4.792110 0.826667
4.793403 0.826667
4.794697 0.826667
4.795990 0.830000
4.797283 0.830000
4.798576 0.830000
4.799869 0.830000
4.801163 0.831667
4.802456 0.831667
4.803749 0.831667
4.805042 0.831667
4.806335 0.831667
4.807629 0.831667
4.808922 0.831667
4.810215 0.831667
4.811508 0.831667
4.812801 0.831667
4.814095 0.831667
4.815388 0.831667
4.816681 0.831667
4.817974 0.831667
4.819267 0.833333
4.820560 0.833333
4.821854 0.833333
4.823147 0.833333
4.824440 0.833333
4.825733 0.833333
4.827026 0.836667
4.828320 0.836667
4.829613 0.836667
4.830906 0.836667
4.832199 0.836667
4.833492 0.836667
4.834786 0.836667
4.836079 0.836667
4.837372 0.836667
4.838665 0.836667
4.839958 0.836667
4.841252 0.836667
4.842545 0.838333
4.843838 0.838333
4.845131 0.838333
4.846424 0.838333
4.847717 0.838333
4.849011 0.838333
4.850304 0.838333
4.851597 0.838333
4.852890 0.838333
4.854183 0.838333
4.855477 0.838333
4.856770 0.838333
4.858063 0.838333
4.859356 0.838333
4.860649 0.838333
4.861943 0.838333
4.863236 0.838333
4.864529 0.838333
4.865822 0.838333
4.867115 0.838333
4.868409 0.838333
4.869702 0.838333
4.870995 0.838333
4.872288 0.838333
4.873581 0.838333
4.874874 0.838333
4.876168 0.838333
4.877461 0.838333
4.878754 0.840000
4.880047 0.841667
4.881340 0.841667
4.882634 0.841667
4.883927 0.841667
4.885220 0.841667
4.886513 0.843333
4.887806 0.843333
4.889100 0.843333
4.890393 0.843333
4.891686 0.843333
4.892979 0.843333
4.894272 0.843333
4.895566 0.843333
4.896859 0.843333
4.898152 0.843333
4.899445 0.843333
4.900738 0.843333
4.902031 0.843333
4.903325 0.843333
4.904618 0.843333
4.905911 0.843333
4.907204 0.843333
4.908497 0.843333
4.909791 0.843333
4.911084 0.843333
4.912377 0.843333
4.913670 0.843333
4.914963 0.843333
4.916257 0.843333
4.917550 0.843333
4.918843 0.843333
4.920136 0.843333
4.921429 0.843333
4.922723 0.843333
4.924016 0.843333
4.925309 0.843333
4.926602 0.843333
4.927895 0.843333
4.929188 0.843333
4.930482 0.843333
4.931775 0.843333
4.933068 0.843333
4.934361 0.843333
4.935654 0.843333
4.936948 0.845000
4.938241 0.845000
4.939534 0.845000
4.940827 0.845000
4.942120 0.845000
4.943414 0.845000
4.944707 0.845000
4.946000 0.845000
4.947293 0.846667
4.948586 0.846667
4.949880 0.846667
4.951173 0.846667
4.952466 0.846667
4.953759 0.846667
4.955052 0.846667
4.956345 0.846667
4.957639 0.846667
4.958932 0.846667
4.960225 0.846667
4.961518 0.846667
4.962811 0.846667
4.964105 0.846667
4.965398 0.846667
4.966691 0.846667
4.967984 0.846667
4.969277 0.846667
4.970571 0.846667
4.971864 0.846667
4.973157 0.846667
4.974450 0.846667
4.975743 0.846667
4.977037 0.846667
4.978330 0.846667
4.979623 0.846667
4.980916 0.846667
4.982209 0.846667
4.983502 0.846667
4.984796 0.846667
4.986089 0.848333
4.987382 0.848333
4.988675 0.848333
4.989968 0.848333
4.991262 0.848333
4.992555 0.848333
4.993848 0.850000
4.995141 0.850000
4.996434 0.850000
4.997728 0.850000
4.999021 0.850000
5.000314 0.850000
5.001607 0.850000
5.002900 0.850000
5.004194 0.850000
5.005487 0.850000
5.006780 0.850000
5.008073 0.851667
5.009366 0.851667
5.010659 0.851667
5.011953 0.851667
5.013246 0.851667
5.014539 0.851667
5.015832 0.851667
5.017125 0.851667
5.018419 0.851667
5.019712 0.851667
5.021005 0.851667
5.022298 0.851667
5.023591 0.853333
5.024885 0.853333
5.026178 0.853333
5.027471 0.853333
5.028764 0.853333
5.030057 0.853333
5.031351 0.853333
5.032644 0.855000
5.033937 0.855000
5.035230 0.855000
5.036523 0.855000
5.037816 0.855000
5.039110 0.855000
5.040403 0.855000
5.041696 0.855000
5.042989 0.855000
5.044282 0.855000
5.045576 0.856667
5.046869 0.856667
5.048162 0.856667
5.049455 0.856667
5.050748 0.856667
5.052042 0.856667
5.053335 0.856667
5.054628 0.856667
5.055921 0.856667
5.057214 0.856667
5.058508 0.856667
5.059801 0.856667
5.061094 0.856667
5.062387 0.856667
5.063680 0.856667
5.064973 0.856667
5.066267 0.856667
5.067560 0.858333
5.068853 0.858333
5.070146 0.858333
5.071439 0.858333
5.072733 0.858333
5.074026 0.858333
5.075319 0.858333
5.076612 0.858333
5.077905 0.858333
5.079199 0.860000
5.080492 0.861667
5.081785 0.861667
5.083078 0.861667
5.084371 0.861667
5.085665 0.861667
5.086958 0.861667
5.088251 0.863333
5.089544 0.863333
5.090837 0.863333
5.092130 0.863333
5.093424 0.863333
5.094717 0.863333
5.096010 0.863333
5.097303 0.863333
5.098596 0.863333
5.099890 0.863333
5.101183 0.863333
5.102476 0.863333
5.103769 0.863333
5.105062 0.863333
5.106356 0.863333
5.107649 0.863333
5.108942 0.863333
5.110235 0.863333
5.111528 0.863333
5.112822 0.863333
5.114115 0.865000
5.115408 0.865000
5.116701 0.865000
5.117994 0.866667
5.119287 0.866667
5.120581 0.866667
5.121874 0.866667
5.123167 0.866667
5.124460 0.866667
5.125753 0.866667
5.127047 0.866667
5.128340 0.866667
5.129633 0.868333
5.130926 0.868333
5.132219 0.868333
5.133513 0.868333
5.134806 0.870000
5.136099 0.870000
5.137392 0.870000
5.138685 0.870000
5.139978 0.870000
5.141272 0.870000
5.142565 0.870000
5.143858 0.870000
5.145151 0.870000
5.146444 0.870000
5.147738 0.871667
5.149031 0.871667
5.150324 0.873333
5.151617 0.875000
5.152910 0.875000
5.154204 0.875000
5.155497 0.875000
5.156790 0.875000
5.158083 0.876667
5.159376 0.876667
5.160670 0.876667
5.161963 0.876667
5.163256 0.876667
5.164549 0.876667
5.165842 0.876667
5.167135 0.876667
5.168429 0.876667
5.169722 0.876667
5.171015 0.876667
5.172308 0.876667
5.173601 0.876667
5.174895 0.876667
5.176188 0.876667
5.177481 0.876667
5.178774 0.876667
5.180067 0.876667
5.181361 0.878333
5.182654 0.880000
5.183947 0.880000
5.185240 0.880000
5.186533 0.880000
5.187827 0.880000
5.189120 0.880000
5.190413 0.880000
5.191706 0.880000
5.192999 0.880000
5.194292 0.880000
5.195586 0.880000
5.196879 0.880000
5.198172 0.881667
5.199465 0.881667
5.200758 0.881667
5.202052 0.883333
5.203345 0.883333
5.204638 0.883333
5.205931 0.883333
5.207224 0.883333
5.208518 0.883333
5.209811 0.883333
5.211104 0.883333
5.212397 0.883333
5.213690 0.883333
5.214984 0.883333
5.216277 0.883333
5.217570 0.883333
5.218863 0.883333
5.220156 0.883333
5.221449 0.885000
5.222743 0.885000
5.224036 0.885000
5.225329 0.885000
5.226622 0.885000
5.227915 0.885000
5.229209 0.885000
5.230502 0.885000
5.231795 0.885000
5.233088 0.885000
5.234381 0.885000
5.235675 0.886667
5.236968 0.886667
5.238261 0.886667
5.239554 0.886667
5.240847 0.886667
5.242141 0.886667
5.243434 0.886667
5.244727 0.886667
5.246020 0.886667
5.247313 0.886667
5.248606 0.886667
5.249900 0.886667
5.251193 0.886667
5.252486 0.886667
5.253779 0.886667
5.255072 0.886667
5.256366 0.886667
5.257659 0.886667
5.258952 0.886667
5.260245 0.886667
5.261538 0.886667
5.262832 0.886667
5.264125 0.886667
5.265418 0.886667
5.266711 0.886667
5.268004 0.888333
5.269298 0.888333
5.270591 0.888333
5.271884 0.888333
5.273177 0.888333
5.274470 0.888333
5.275763 0.888333
5.277057 0.890000
5.278350 0.890000
5.279643 0.890000
5.280936 0.890000
5.282229 0.890000
5.283523 0.890000
5.284816 0.890000
5.286109 0.890000
5.287402 0.890000
5.288695 0.891667
5.289989 0.891667
5.291282 0.891667
5.292575 0.891667
5.293868 0.891667
5.295161 0.891667
5.296455 0.891667
5.297748 0.891667
5.299041 0.893333
5.300334 0.893333
5.301627 0.893333
5.302920 0.893333
5.304214 0.893333
5.305507 0.893333
5.306800 0.893333
5.308093 0.893333
5.309386 0.896667
5.310680 0.896667
5.311973 0.896667
5.313266 0.896667
5.314559 0.896667
5.315852 0.898333
5.317146 0.900000
5.318439 0.900000
5.319732 0.900000
5.321025 0.900000
5.322318 0.900000
5.323612 0.900000
5.324905 0.900000
5.326198 0.900000
5.327491 0.900000
5.328784 0.900000
5.330077 0.900000
5.331371 0.900000
5.332664 0.901667
5.333957 0.901667
5.335250 0.901667
5.336543 0.901667
5.337837 0.901667
5.339130 0.901667
5.340423 0.901667
5.341716 0.901667
5.343009 0.901667
5.344303 0.901667
5.345596 0.901667
5.346889 0.901667
5.348182 0.901667
5.349475 0.901667
5.350769 0.901667
5.352062 0.901667
5.353355 0.901667
5.354648 0.901667
5.355941 0.901667
5.357234 0.901667
5.358528 0.901667
5.359821 0.901667
5.361114 0.903333
5.362407 0.903333
5.363700 0.905000
5.364994 0.905000
5.366287 0.905000
5.367580 0.905000
5.368873 0.905000
5.370166 0.905000
5.371460 0.905000
5.372753 0.905000
5.374046 0.906667
5.375339 0.906667
5.376632 0.906667
5.377926 0.906667
5.379219 0.906667
5.380512 0.906667
5.381805 0.906667
5.383098 0.906667
5.384391 0.906667
5.385685 0.906667
5.386978 0.906667
5.388271 0.906667
5.389564 0.906667
5.390857 0.906667
5.392151 0.906667
5.393444 0.906667
5.394737 0.906667
5.396030 0.906667
5.397323 0.906667
5.398617 0.906667
5.399910 0.906667
5.401203 0.906667
5.402496 0.906667
5.403789 0.906667
5.405083 0.906667
5.406376 0.906667
5.407669 0.906667
5.408962 0.906667
5.410255 0.908333
5.411548 0.908333
5.412842 0.910000
5.414135 0.910000
5.415428 0.910000
5.416721 0.910000
5.418014 0.910000
5.419308 0.910000
5.420601 0.910000
5.421894 0.910000
5.423187 0.910000
5.424480 0.910000
5.425774 0.910000
5.427067 0.910000
5.428360 0.910000
5.429653 0.910000
5.430946 0.910000
5.432240 0.910000
5.433533 0.910000
5.434826 0.910000
5.436119 0.910000
5.437412 0.910000
5.438705 0.910000
5.439999 0.910000
5.441292 0.910000
5.442585 0.910000
5.443878 0.911667
5.445171 0.911667
5.446465 0.911667
5.447758 0.911667
5.449051 0.911667
5.450344 0.911667
5.451637 0.911667
5.452931 0.911667
5.454224 0.911667
5.455517 0.911667
5.456810 0.911667
5.458103 0.911667
5.459397 0.911667
5.460690 0.911667
5.461983 0.911667
5.463276 0.911667
5.464569 0.911667
5.465862 0.911667
5.467156 0.911667
5.468449 0.911667
5.469742 0.911667
5.471035 0.911667
5.472328 0.911667
5.473622 0.911667
5.474915 0.911667
5.476208 0.911667
5.477501 0.911667
5.478794 0.911667
5.480088 0.911667
5.481381 0.911667
5.482674 0.911667
5.483967 0.911667
5.485260 0.911667
5.486553 0.911667
5.487847 0.913333
5.489140 0.913333
5.490433 0.913333
5.491726 0.913333
5.493019 0.913333
5.494313 0.915000
5.495606 0.915000
5.496899 0.915000
5.498192 0.915000
5.499485 0.915000
5.500779 0.915000
5.502072 0.915000
5.503365 0.915000
5.504658 0.915000
5.505951 0.915000
5.507245 0.915000
5.508538 0.915000
5.509831 0.915000
5.511124 0.916667
5.512417 0.918333
5.513710 0.918333
5.515004 0.918333
5.516297 0.918333
5.517590 0.918333
5.518883 0.918333
5.520176 0.918333
5.521470 0.918333
5.522763 0.918333
5.524056 0.920000
5.525349 0.920000
5.526642 0.921667
5.527936 0.921667
5.529229 0.921667
5.530522 0.921667
5.531815 0.921667
5.533108 0.923333
5.534402 0.925000
5.535695 0.925000
5.536988 0.925000
5.538281 0.925000
5.539574 0.925000
5.540867 0.926667
5.542161 0.926667
5.543454 0.926667
5.544747 0.926667
5.546040 0.926667
5.547333 0.926667
5.548627 0.926667
5.549920 0.926667
5.551213 0.926667
5.552506 0.930000
5.553799 0.930000
5.555093 0.930000
5.556386 0.930000
5.557679 0.930000
5.558972 0.930000
5.560265 0.930000
5.561559 0.930000
5.562852 0.930000
5.564145 0.930000
5.565438 0.930000
5.566731 0.930000
5.568024 0.930000
5.569318 0.930000
5.570611 0.930000
5.571904 0.930000
5.573197 0.930000
5.574490 0.930000
5.575784 0.930000
5.577077 0.930000
5.578370 0.930000
5.579663 0.930000
5.580956 0.930000
5.582250 0.930000
5.583543 0.930000
5.584836 0.930000
5.586129 0.930000
5.587422 0.930000
5.588716 0.931667
5.590009 0.931667
5.591302 0.931667
5.592595 0.931667
5.593888 0.931667
5.595181 0.931667
5.596475 0.931667
5.597768 0.931667
5.599061 0.931667
5.600354 0.931667
5.601647 0.931667
5.602941 0.931667
5.604234 0.931667
5.605527 0.931667
5.606820 0.931667
5.608113 0.931667
5.609407 0.931667
5.610700 0.931667
5.611993 0.931667
5.613286 0.931667
5.614579 0.931667
5.615873 0.931667
5.617166 0.931667
5.618459 0.931667
5.619752 0.931667
5.621045 0.933333
5.622338 0.933333
5.623632 0.933333
5.624925 0.933333
5.626218 0.933333
5.627511 0.933333
5.628804 0.933333
5.630098 0.933333
5.631391 0.933333
5.632684 0.933333
5.633977 0.933333
5.635270 0.933333
5.636564 0.933333
5.637857 0.933333
5.639150 0.933333
5.640443 0.933333
5.641736 0.933333
5.643030 0.933333
5.644323 0.933333
5.645616 0.933333
5.646909 0.933333
5.648202 0.933333
5.649495 0.933333
5.650789 0.933333
5.652082 0.933333
5.653375 0.933333
5.654668 0.933333
5.655961 0.933333
5.657255 0.933333
5.658548 0.933333
5.659841 0.933333
5.661134 0.933333
5.662427 0.933333
5.663721 0.933333
5.665014 0.933333
5.666307 0.933333
5.667600 0.933333
5.668893 0.933333
5.670187 0.933333
5.671480 0.933333
5.672773 0.933333
5.674066 0.933333
5.675359 0.933333
5.676652 0.933333
5.677946 0.933333
5.679239 0.933333
5.680532 0.933333
5.681825 0.933333
5.683118 0.933333
5.684412 0.933333
5.685705 0.933333
5.686998 0.933333
5.688291 0.933333
5.689584 0.933333
5.690878 0.933333
5.692171 0.933333
5.693464 0.933333
5.694757 0.933333
5.696050 0.933333
5.697344 0.933333
5.698637 0.933333
5.699930 0.933333
5.701223 0.933333
5.702516 0.933333
5.703809 0.933333
5.705103 0.933333
5.706396 0.933333
5.707689 0.933333
5.708982 0.933333
5.710275 0.933333
5.711569 0.933333
5.712862 0.933333
5.714155 0.933333
5.715448 0.933333
5.716741 0.933333
5.718035 0.933333
5.719328 0.933333
5.720621 0.933333
5.721914 0.933333
5.723207 0.933333
5.724501 0.933333
5.725794 0.933333
5.727087 0.933333
5.728380 0.933333
5.729673 0.933333
5.730966 0.933333
5.732260 0.933333
5.733553 0.933333
5.734846 0.933333
5.736139 0.935000
5.737432 0.935000
5.738726 0.935000
5.740019 0.935000
5.741312 0.935000
5.742605 0.935000
5.743898 0.935000
5.745192 0.935000
5.746485 0.935000
5.747778 0.935000
5.749071 0.935000
5.750364 0.935000
5.751658 0.935000
5.752951 0.935000
5.754244 0.935000
5.755537 0.935000
5.756830 0.935000
5.758123 0.935000
5.759417 0.935000
5.760710 0.935000
5.762003 0.935000
5.763296 0.935000
5.764589 0.935000
5.765883 0.935000
5.767176 0.935000
5.768469 0.935000
5.769762 0.935000
5.771055 0.935000
5.772349 0.935000
5.773642 0.935000
5.774935 0.935000
5.776228 0.935000
5.777521 0.935000
5.778815 0.935000
5.780108 0.935000
5.781401 0.935000
5.782694 0.935000
5.783987 0.935000
5.785280 0.936667
5.786574 0.936667
5.787867 0.936667
5.789160 0.936667
5.790453 0.936667
5.791746 0.936667
5.793040 0.936667
5.794333 0.936667
5.795626 0.936667
5.796919 0.936667
5.798212 0.936667
5.799506 0.936667
5.800799 0.936667
5.802092 0.936667
5.803385 0.936667
5.804678 0.936667
5.805972 0.936667
5.807265 0.936667
5.808558 0.936667
5.809851 0.936667
5.811144 0.936667
5.812437 0.936667
5.813731 0.936667
5.815024 0.936667
5.816317 0.936667
5.817610 0.936667
5.818903 0.936667
5.820197 0.936667
5.821490 0.936667
5.822783 0.936667
5.824076 0.936667
5.825369 0.936667
5.826663 0.936667
5.827956 0.936667
5.829249 0.936667
5.830542 0.936667
5.831835 0.936667
5.833128 0.936667
5.834422 0.936667
5.835715 0.936667
5.837008 0.936667
5.838301 0.936667
5.839594 0.936667
5.840888 0.936667
5.842181 0.936667
5.843474 0.938333
5.844767 0.938333
5.846060 0.938333
5.847354 0.938333
5.848647 0.938333
5.849940 0.938333
5.851233 0.938333
5.852526 0.938333
5.853820 0.938333
5.855113 0.938333
5.856406 0.938333
5.857699 0.938333
5.858992 0.938333
5.860285 0.938333
5.861579 0.938333
5.862872 0.938333
5.864165 0.938333
5.865458 0.938333
5.866751 0.938333
5.868045 0.938333
5.869338 0.938333
5.870631 0.938333
5.871924 0.938333
5.873217 0.938333
5.874511 0.938333
5.875804 0.938333
5.877097 0.938333
5.878390 0.938333
5.879683 0.938333
5.880977 0.938333
5.882270 0.938333
5.883563 0.938333
5.884856 0.938333
5.886149 0.938333
5.887442 0.938333
5.888736 0.938333
5.890029 0.938333
5.891322 0.938333
5.892615 0.940000
5.893908 0.940000
5.895202 0.940000
5.896495 0.940000
5.897788 0.940000
5.899081 0.940000
5.900374 0.940000
5.901668 0.940000
5.902961 0.940000
5.904254 0.940000
5.905547 0.940000
5.906840 0.941667
5.908134 0.941667
5.909427 0.941667
5.910720 0.941667
5.912013 0.941667
5.913306 0.941667
5.914599 0.941667
5.915893 0.941667
5.917186 0.941667
5.918479 0.941667
5.919772 0.941667
5.921065 0.941667
5.922359 0.941667
5.923652 0.941667
5.924945 0.941667
5.926238 0.941667
5.927531 0.941667
5.928825 0.941667
5.930118 0.941667
5.931411 0.941667
5.932704 0.941667
5.933997 0.941667
5.935291 0.941667
5.936584 0.941667
5.937877 0.941667
5.939170 0.941667
5.940463 0.941667
5.941756 0.941667
5.943050 0.941667
5.944343 0.941667
5.945636 0.943333
5.946929 0.943333
5.948222 0.943333
5.949516 0.943333
5.950809 0.943333
5.952102 0.943333
5.953395 0.943333
5.954688 0.943333
5.955982 0.943333
5.957275 0.943333
5.958568 0.943333
5.959861 0.943333
5.961154 0.943333
5.962448 0.943333
5.963741 0.943333
5.965034 0.943333
5.966327 0.943333
5.967620 0.943333
5.968913 0.943333
5.970207 0.943333
5.971500 0.943333
5.972793 0.943333
5.974086 0.943333
5.975379 0.943333
5.976673 0.943333
5.977966 0.943333
5.979259 0.943333
5.980552 0.943333
5.981845 0.943333
5.983139 0.943333
5.984432 0.943333
5.985725 0.943333
5.987018 0.943333
5.988311 0.943333
5.989605 0.943333
5.990898 0.943333
5.992191 0.943333
5.993484 0.943333
5.994777 0.943333
5.996070 0.943333
5.997364 0.943333
5.998657 0.943333
5.999950 0.943333
6.001243 0.943333
6.002536 0.943333
6.003830 0.943333
6.005123 0.943333
6.006416 0.943333
6.007709 0.943333
6.009002 0.943333
6.010296 0.943333
6.011589 0.943333
6.012882 0.943333
6.014175 0.943333
6.015468 0.943333
6.016762 0.943333
6.018055 0.943333
6.019348 0.943333
6.020641 0.943333
6.021934 0.943333
6.023227 0.943333
6.024521 0.943333
6.025814 0.943333
6.027107 0.943333
6.028400 0.943333
6.029693 0.943333
6.030987 0.943333
6.032280 0.943333
6.033573 0.943333
6.034866 0.943333
6.036159 0.943333
6.037453 0.943333
6.038746 0.943333
6.040039 0.943333
6.041332 0.943333
6.042625 0.943333
6.043919 0.943333
6.045212 0.943333
6.046505 0.943333
6.047798 0.943333
6.049091 0.943333
6.050384 0.943333
6.051678 0.943333
6.052971 0.943333
6.054264 0.943333
6.055557 0.943333
6.056850 0.943333
6.058144 0.943333
6.059437 0.943333
6.060730 0.943333
6.062023 0.943333
6.063316 0.943333
6.064610 0.943333
6.065903 0.943333
6.067196 0.943333
6.068489 0.943333
6.069782 0.943333
6.071076 0.943333
6.072369 0.943333
6.073662 0.943333
6.074955 0.943333
6.076248 0.943333
6.077541 0.943333
6.078835 0.943333
6.080128 0.943333
6.081421 0.943333
6.082714 0.943333
6.084007 0.943333
6.085301 0.943333
6.086594 0.945000
6.087887 0.945000
6.089180 0.945000
6.090473 0.945000
6.091767 0.945000
6.093060 0.945000
6.094353 0.945000
6.095646 0.946667
6.096939 0.946667
6.098233 0.946667
6.099526 0.946667
6.100819 0.946667
6.102112 0.946667
6.103405 0.946667
6.104698 0.946667
6.105992 0.946667
6.107285 0.946667
6.108578 0.946667
6.109871 0.946667
6.111164 0.946667
6.112458 0.946667
6.113751 0.946667
6.115044 0.946667
6.116337 0.946667
6.117630 0.946667
6.118924 0.946667
6.120217 0.946667
6.121510 0.946667
6.122803 0.946667
6.124096 0.946667
6.125390 0.946667
6.126683 0.946667
6.127976 0.946667
6.129269 0.946667
6.130562 0.946667
6.131855 0.946667
6.133149 0.946667
6.134442 0.946667
6.135735 0.946667
6.137028 0.946667
6.138321 0.946667
6.139615 0.946667
6.140908 0.946667
6.142201 0.946667
6.143494 0.946667
6.144787 0.946667
6.146081 0.946667
6.147374 0.946667
6.148667 0.946667
6.149960 0.946667
6.151253 0.946667
6.152547 0.946667
6.153840 0.946667
6.155133 0.946667
6.156426 0.946667
6.157719 0.946667
6.159012 0.946667
6.160306 0.946667
6.161599 0.946667
6.162892 0.946667
6.164185 0.946667
6.165478 0.946667
6.166772 0.946667
6.168065 0.946667
6.169358 0.946667
6.170651 0.946667
6.171944 0.946667
6.173238 0.946667
6.174531 0.946667
6.175824 0.946667
6.177117 0.946667
6.178410 0.946667
6.179703 0.946667
6.180997 0.946667
6.182290 0.946667
6.183583 0.946667
6.184876 0.946667
6.186169 0.946667
6.187463 0.946667
6.188756 0.946667
6.190049 0.946667
6.191342 0.946667
6.192635 0.946667
6.193929 0.946667
6.195222 0.946667
6.196515 0.946667
6.197808 0.946667
6.199101 0.946667
6.200395 0.946667
6.201688 0.946667
6.202981 0.946667
6.204274 0.946667
6.205567 0.946667
6.206860 0.946667
6.208154 0.946667
6.209447 0.946667
6.210740 0.948333
6.212033 0.948333
6.213326 0.948333
6.214620 0.948333
6.215913 0.948333
6.217206 0.948333
6.218499 0.948333
6.219792 0.948333
6.221086 0.948333
6.222379 0.948333
6.223672 0.948333
6.224965 0.948333
6.226258 0.948333
6.227552 0.948333
6.228845 0.948333
6.230138 0.948333
6.231431 0.948333
6.232724 0.948333
6.234017 0.948333
6.235311 0.948333
6.236604 0.948333
6.237897 0.948333
6.239190 0.948333
6.240483 0.948333
6.241777 0.948333
6.243070 0.948333
6.244363 0.948333
6.245656 0.948333
6.246949 0.948333
6.248243 0.948333
6.249536 0.948333
6.250829 0.948333
6.252122 0.948333
6.253415 0.948333
6.254709 0.948333
6.256002 0.948333
6.257295 0.948333
6.258588 0.948333
6.259881 0.948333
6.261174 0.948333
6.262468 0.948333
6.263761 0.948333
6.265054 0.948333
6.266347 0.948333
6.267640 0.948333
6.268934 0.948333
6.270227 0.948333
6.271520 0.948333
6.272813 0.948333
6.274106 0.948333
6.275400 0.948333
6.276693 0.948333
6.277986 0.948333
6.279279 0.948333
6.280572 0.948333
6.281866 0.948333
6.283159 0.948333
6.284452 0.948333
6.285745 0.948333
6.287038 0.948333
6.288331 0.948333
6.289625 0.948333
6.290918 0.948333
6.292211 0.948333
6.293504 0.948333
6.294797 0.948333
6.296091 0.948333
6.297384 0.948333
6.298677 0.948333
6.299970 0.948333
6.301263 0.948333
6.302557 0.948333
6.303850 0.948333
6.305143 0.948333
6.306436 0.948333
6.307729 0.948333
6.309023 0.948333
6.310316 0.948333
6.311609 0.948333
6.312902 0.948333
6.314195 0.948333
6.315488 0.948333
6.316782 0.948333
6.318075 0.948333
6.319368 0.948333
6.320661 0.948333
6.321954 0.948333
6.323248 0.948333
6.324541 0.948333
6.325834 0.950000
6.327127 0.950000
6.328420 0.950000
6.329714 0.950000
6.331007 0.950000
6.332300 0.950000
6.333593 0.950000
6.334886 0.950000
6.336180 0.951667
6.337473 0.951667
6.338766 0.951667
6.340059 0.951667
6.341352 0.951667
6.342645 0.953333
6.343939 0.953333
6.345232 0.953333
6.346525 0.953333
6.347818 0.953333
6.349111 0.953333
6.350405 0.953333
6.351698 0.953333
6.352991 0.953333
6.354284 0.953333
6.355577 0.953333
6.356871 0.953333
6.358164 0.953333
6.359457 0.953333
6.360750 0.953333
6.362043 0.953333
6.363337 0.953333
6.364630 0.953333
6.365923 0.953333
6.367216 0.953333
6.368509 0.953333
6.369802 0.953333
6.371096 0.953333
6.372389 0.953333
6.373682 0.953333
6.374975 0.953333
6.376268 0.953333
6.377562 0.953333
6.378855 0.953333
6.380148 0.953333
6.381441 0.953333
6.382734 0.953333
6.384028 0.955000
6.385321 0.955000
6.386614 0.955000
6.387907 0.955000
6.389200 0.955000
6.390494 0.955000
6.391787 0.955000
6.393080 0.955000
6.394373 0.955000
6.395666 0.955000
6.396959 0.955000
6.398253 0.955000
6.399546 0.955000
6.400839 0.955000
6.402132 0.955000
6.403425 0.955000
6.404719 0.955000
6.406012 0.955000
6.407305 0.955000
6.408598 0.955000
6.409891 0.955000
6.411185 0.955000
6.412478 0.955000
6.413771 0.955000
6.415064 0.955000
6.416357 0.956667
6.417651 0.956667
6.418944 0.956667
6.420237 0.956667
6.421530 0.956667
6.422823 0.956667
6.424116 0.956667
6.425410 0.956667
6.426703 0.956667
6.427996 0.956667
6.429289 0.956667
6.430582 0.956667
6.431876 0.956667
6.433169 0.956667
6.434462 0.956667
6.435755 0.956667
6.437048 0.956667
6.438342 0.956667
6.439635 0.956667
6.440928 0.956667
6.442221 0.956667
6.443514 0.956667
6.444808 0.956667
6.446101 0.956667
6.447394 0.956667
6.448687 0.956667
6.449980 0.956667
6.451273 0.956667
6.452567 0.956667
6.453860 0.956667
6.455153 0.956667
6.456446 0.956667
6.457739 0.956667
6.459033 0.956667
6.460326 0.956667
6.461619 0.956667
6.462912 0.956667
6.464205 0.956667
6.465499 0.956667
6.466792 0.956667
6.468085 0.956667
6.469378 0.956667
6.470671 0.956667
6.471965 0.956667
6.473258 0.956667
6.474551 0.956667
6.475844 0.956667
6.477137 0.956667
6.478430 0.956667
6.479724 0.956667
6.481017 0.956667
6.482310 0.956667
6.483603 0.956667
6.484896 0.956667
6.486190 0.956667
6.487483 0.956667
6.488776 0.956667
6.490069 0.956667
6.491362 0.956667
6.492656 0.956667
6.493949 0.956667
6.495242 0.956667
6.496535 0.956667
6.497828 0.956667
6.499122 0.956667
6.500415 0.956667
6.501708 0.956667
6.503001 0.956667
6.504294 0.956667
6.505587 0.956667
6.506881 0.956667
6.508174 0.956667
6.509467 0.956667
6.510760 0.956667
6.512053 0.956667
6.513347 0.960000
6.514640 0.960000
6.515933 0.960000
6.517226 0.960000
6.518519 0.960000
6.519813 0.960000
6.521106 0.960000
6.522399 0.960000
6.523692 0.960000
6.524985 0.960000
6.526278 0.960000
6.527572 0.960000
6.528865 0.960000
6.530158 0.960000
6.531451 0.960000
6.532744 0.960000
6.534038 0.960000
6.535331 0.960000
6.536624 0.960000
6.537917 0.960000
6.539210 0.960000
6.540504 0.960000
6.541797 0.960000
6.543090 0.961667
6.544383 0.961667
6.545676 0.961667
6.546970 0.961667
6.548263 0.961667
6.549556 0.961667
6.550849 0.961667
6.552142 0.961667
6.553435 0.961667
6.554729 0.961667
6.556022 0.961667
6.557315 0.961667
6.558608 0.961667
6.559901 0.961667
6.561195 0.963333
6.562488 0.963333
6.563781 0.963333
6.565074 0.963333
6.566367 0.963333
6.567661 0.963333
6.568954 0.963333
6.570247 0.963333
6.571540 0.963333
6.572833 0.963333
6.574127 0.963333
6.575420 0.963333
6.576713 0.963333
6.578006 0.963333
6.579299 0.963333
6.580592 0.963333
6.581886 0.963333
6.583179 0.963333
6.584472 0.963333
6.585765 0.963333
6.587058 0.963333
6.588352 0.963333
6.589645 0.963333
6.590938 0.963333
6.592231 0.963333
6.593524 0.963333
6.594818 0.963333
6.596111 0.963333
6.597404 0.963333
6.598697 0.963333
6.599990 0.963333
6.601284 0.963333
6.602577 0.963333
6.603870 0.963333
6.605163 0.963333
6.606456 0.963333
6.607749 0.963333
6.609043 0.963333
6.610336 0.963333
6.611629 0.963333
6.612922 0.965000
6.614215 0.965000
6.615509 0.965000
6.616802 0.965000
6.618095 0.965000
6.619388 0.965000
6.620681 0.965000
6.621975 0.965000
6.623268 0.965000
6.624561 0.965000
6.625854 0.965000
6.627147 0.965000
6.628441 0.965000
6.629734 0.965000
6.631027 0.965000
6.632320 0.965000
6.633613 0.965000
6.634906 0.965000
6.636200 0.965000
6.637493 0.965000
6.638786 0.965000
6.640079 0.966667
6.641372 0.966667
6.642666 0.966667
6.643959 0.966667
6.645252 0.966667
6.646545 0.966667
6.647838 0.966667
6.649132 0.966667
6.650425 0.966667
6.651718 0.966667
6.653011 0.966667
6.654304 0.966667
6.655598 0.966667
6.656891 0.966667
6.658184 0.966667
6.659477 0.966667
6.660770 0.966667
6.662063 0.966667
6.663357 0.968333
6.664650 0.968333
6.665943 0.968333
6.667236 0.968333
6.668529 0.968333
6.669823 0.968333
6.671116 0.968333
6.672409 0.968333
6.673702 0.968333
6.674995 0.968333
6.676289 0.968333
6.677582 0.968333
6.678875 0.968333
6.680168 0.968333
6.681461 0.968333
6.682755 0.968333
6.684048 0.968333
6.685341 0.968333
6.686634 0.968333
6.687927 0.968333
6.689220 0.968333
6.690514 0.968333
6.691807 0.968333
6.693100 0.968333
6.694393 0.968333
6.695686 0.968333
6.696980 0.968333
6.698273 0.968333
6.699566 0.968333
6.700859 0.968333
6.702152 0.968333
6.703446 0.968333
6.704739 0.968333
6.706032 0.968333
6.707325 0.968333
6.708618 0.968333
6.709912 0.968333
6.711205 0.968333
6.712498 0.968333
6.713791 0.968333
6.715084 0.968333
6.716377 0.968333
6.717671 0.968333
6.718964 0.968333
6.720257 0.968333
6.721550 0.968333
6.722843 0.968333
6.724137 0.968333
6.725430 0.968333
6.726723 0.968333
6.728016 0.968333
6.729309 0.968333
6.730603 0.968333
6.731896 0.968333
6.733189 0.968333
6.734482 0.968333
6.735775 0.968333
6.737069 0.968333
6.738362 0.968333
6.739655 0.968333
6.740948 0.968333
6.742241 0.968333
6.743534 0.968333
6.744828 0.968333
6.746121 0.968333
6.747414 0.968333
6.748707 0.968333
6.750000 0.968333
6.751294 0.968333
6.752587 0.968333
6.753880 0.968333
6.755173 0.968333
6.756466 0.968333
6.757760 0.968333
6.759053 0.968333
6.760346 0.968333
6.761639 0.968333
6.762932 0.968333
6.764226 0.968333
6.765519 0.968333
6.766812 0.968333
6.768105 0.968333
6.769398 0.968333
6.770691 0.968333
6.771985 0.968333
6.773278 0.968333
6.774571 0.968333
6.775864 0.968333
6.777157 0.968333
6.778451 0.968333
6.779744 0.968333
6.781037 0.968333
6.782330 0.968333
6.783623 0.968333
6.784917 0.968333
6.786210 0.968333
6.787503 0.968333
6.788796 0.968333
6.790089 0.968333
6.791383 0.968333
6.792676 0.968333
6.793969 0.968333
6.795262 0.968333
6.796555 0.968333
6.797848 0.968333
6.799142 0.968333
6.800435 0.968333
6.801728 0.968333
6.803021 0.968333
6.804314 0.968333
6.805608 0.968333
6.806901 0.968333
6.808194 0.968333
6.809487 0.968333
6.810780 0.968333
6.812074 0.968333
6.813367 0.968333
6.814660 0.968333
6.815953 0.968333
6.817246 0.968333
6.818540 0.968333
6.819833 0.968333
6.821126 0.968333
6.822419 0.968333
6.823712 0.968333
6.825005 0.968333
6.826299 0.968333
6.827592 0.968333
6.828885 0.968333
6.830178 0.968333
6.831471 0.968333
6.832765 0.968333
6.834058 0.968333
6.835351 0.968333
6.836644 0.968333
6.837937 0.968333
6.839231 0.968333
6.840524 0.968333
6.841817 0.968333
6.843110 0.968333
6.844403 0.968333
6.845697 0.968333
6.846990 0.968333
6.848283 0.968333
6.849576 0.968333
6.850869 0.968333
6.852162 0.968333
6.853456 0.968333
6.854749 0.968333
6.856042 0.968333
6.857335 0.968333
6.858628 0.968333
6.859922 0.968333
6.861215 0.968333
6.862508 0.968333
6.863801 0.968333
6.865094 0.968333
6.866388 0.968333
6.867681 0.968333
6.868974 0.968333
6.870267 0.968333
6.871560 0.968333
6.872853 0.968333
6.874147 0.968333
6.875440 0.968333
6.876733 0.968333
6.878026 0.968333
6.879319 0.968333
6.880613 0.968333
6.881906 0.968333
6.883199 0.968333
6.884492 0.968333
6.885785 0.968333
6.887079 0.968333
6.888372 0.968333
6.889665 0.968333
6.890958 0.968333
6.892251 0.968333
6.893545 0.968333
6.894838 0.968333
6.896131 0.968333
6.897424 0.968333
6.898717 0.968333
6.900010 0.968333
6.901304 0.968333
6.902597 0.968333
6.903890 0.968333
6.905183 0.968333
6.906476 0.968333
6.907770 0.968333
6.909063 0.968333
6.910356 0.968333
6.911649 0.968333
6.912942 0.968333
6.914236 0.968333
6.915529 0.970000
6.916822 0.970000
6.918115 0.970000
6.919408 0.970000
6.920702 0.970000
6.921995 0.970000
6.923288 0.970000
6.924581 0.970000
6.925874 0.970000
6.927167 0.970000
6.928461 0.970000
6.929754 0.970000
6.931047 0.970000
6.932340 0.970000
6.933633 0.970000
6.934927 0.970000
6.936220 0.970000
6.937513 0.970000
6.938806 0.970000
6.940099 0.970000
6.941393 0.970000
6.942686 0.970000
6.943979 0.970000
6.945272 0.970000
6.946565 0.970000
6.947859 0.970000
6.949152 0.970000
6.950445 0.970000
6.951738 0.970000
6.953031 0.970000
6.954324 0.970000
6.955618 0.970000
6.956911 0.970000
6.958204 0.970000
6.959497 0.970000
6.960790 0.970000
6.962084 0.970000
6.963377 0.970000
6.964670 0.970000
6.965963 0.971667
6.967256 0.971667
6.968550 0.971667
6.969843 0.971667
6.971136 0.971667
6.972429 0.971667
6.973722 0.971667
6.975016 0.971667
6.976309 0.971667
6.977602 0.971667
6.978895 0.971667
6.980188 0.971667
6.981481 0.971667
6.982775 0.971667
6.984068 0.971667
6.985361 0.971667
6.986654 0.971667
6.987947 0.971667
6.989241 0.971667
6.990534 0.971667
6.991827 0.971667
6.993120 0.971667
6.994413 0.971667
6.995707 0.971667
6.997000 0.971667
6.998293 0.971667
6.999586 0.971667
7.000879 0.971667
7.002173 0.971667
7.003466 0.971667
7.004759 0.971667
7.006052 0.971667
7.007345 0.971667
7.008638 0.971667
7.009932 0.971667
7.011225 0.971667
7.012518 0.971667
7.013811 0.971667
7.015104 0.971667
7.016398 0.971667
7.017691 0.971667
7.018984 0.971667
7.020277 0.971667
7.021570 0.971667
7.022864 0.971667
7.024157 0.971667
7.025450 0.971667
7.026743 0.971667
7.028036 0.971667
7.029330 0.971667
7.030623 0.971667
7.031916 0.971667
7.033209 0.971667
7.034502 0.971667
7.035795 0.971667
7.037089 0.971667
7.038382 0.971667
7.039675 0.971667
7.040968 0.971667
7.042261 0.971667
7.043555 0.971667
7.044848 0.971667
7.046141 0.971667
7.047434 0.971667
7.048727 0.971667
7.050021 0.971667
7.051314 0.971667
7.052607 0.971667
7.053900 0.971667
7.055193 0.971667
7.056487 0.971667
7.057780 0.971667
7.059073 0.971667
7.060366 0.971667
7.061659 0.971667
7.062952 0.971667
7.064246 0.971667
7.065539 0.971667
7.066832 0.971667
7.068125 0.971667
7.069418 0.971667
7.070712 0.971667
7.072005 0.971667
7.073298 0.971667
7.074591 0.971667
7.075884 0.971667
7.077178 0.971667
7.078471 0.971667
7.079764 0.971667
7.081057 0.971667
7.082350 0.971667
7.083644 0.971667
7.084937 0.971667
7.086230 0.971667
7.087523 0.971667
7.088816 0.971667
7.090109 0.971667
7.091403 0.971667
7.092696 0.971667
7.093989 0.971667
7.095282 0.971667
7.096575 0.971667
7.097869 0.971667
7.099162 0.971667
7.100455 0.971667
7.101748 0.971667
7.103041 0.971667
7.104335 0.971667
7.105628 0.971667
7.106921 0.971667
7.108214 0.971667
7.109507 0.971667
7.110801 0.971667
7.112094 0.971667
7.113387 0.971667
7.114680 0.971667
7.115973 0.971667
7.117266 0.971667
7.118560 0.971667
7.119853 0.971667
7.121146 0.971667
7.122439 0.971667
7.123732 0.971667
7.125026 0.971667
7.126319 0.971667
7.127612 0.971667
7.128905 0.971667
7.130198 0.971667
7.131492 0.971667
7.132785 0.971667
7.134078 0.971667
7.135371 0.971667
7.136664 0.971667
7.137958 0.971667
7.139251 0.971667
7.140544 0.971667
7.141837 0.971667
7.143130 0.971667
7.144423 0.971667
7.145717 0.971667
7.147010 0.971667
7.148303 0.971667
7.149596 0.971667
7.150889 0.971667
7.152183 0.971667
7.153476 0.971667
7.154769 0.971667
7.156062 0.971667
7.157355 0.971667
7.158649 0.971667
7.159942 0.971667
7.161235 0.971667
7.162528 0.971667
7.163821 0.971667
7.165115 0.971667
7.166408 0.971667
7.167701 0.971667
7.168994 0.971667
7.170287 0.971667
7.171580 0.971667
7.172874 0.971667
7.174167 0.971667
7.175460 0.971667
7.176753 0.971667
7.178046 0.971667
7.179340 0.971667
7.180633 0.971667
7.181926 0.971667
7.183219 0.971667
7.184512 0.971667
7.185806 0.971667
7.187099 0.971667
7.188392 0.971667
7.189685 0.971667
7.190978 0.971667
7.192272 0.971667
7.193565 0.971667
7.194858 0.971667
7.196151 0.971667
7.197444 0.971667
7.198737 0.971667
7.200031 0.971667
7.201324 0.971667
7.202617 0.971667
7.203910 0.971667
7.205203 0.971667
7.206497 0.971667
7.207790 0.971667
7.209083 0.971667
7.210376 0.971667
7.211669 0.971667
7.212963 0.971667
7.214256 0.971667
7.215549 0.971667
7.216842 0.971667
7.218135 0.971667
7.219428 0.971667
7.220722 0.971667
7.222015 0.971667
7.223308 0.971667
7.224601 0.971667
7.225894 0.971667
7.227188 0.971667
7.228481 0.971667
7.229774 0.971667
7.231067 0.971667
7.232360 0.971667
7.233654 0.971667
7.234947 0.971667
7.236240 0.971667
7.237533 0.971667
7.238826 0.971667
7.240120 0.971667
7.241413 0.971667
7.242706 0.971667
7.243999 0.971667
7.245292 0.971667
7.246585 0.971667
7.247879 0.971667
7.249172 0.971667
7.250465 0.971667
7.251758 0.971667
7.253051 0.971667
7.254345 0.971667
7.255638 0.971667
7.256931 0.971667
7.258224 0.971667
7.259517 0.971667
7.260811 0.971667
7.262104 0.971667
7.263397 0.971667
7.264690 0.971667
7.265983 0.971667
7.267277 0.971667
7.268570 0.971667
7.269863 0.971667
7.271156 0.971667
7.272449 0.971667
7.273742 0.971667
7.275036 0.971667
7.276329 0.971667
7.277622 0.971667
7.278915 0.971667
7.280208 0.971667
7.281502 0.971667
7.282795 0.971667
7.284088 0.971667
7.285381 0.971667
7.286674 0.971667
7.287968 0.971667
7.289261 0.971667
7.290554 0.971667
7.291847 0.971667
7.293140 0.971667
7.294434 0.971667
7.295727 0.971667
7.297020 0.971667
7.298313 0.971667
7.299606 0.971667
7.300899 0.971667
7.302193 0.971667
7.303486 0.971667
7.304779 0.971667
7.306072 0.971667
7.307365 0.971667
7.308659 0.971667
7.309952 0.971667
7.311245 0.971667
7.312538 0.971667
7.313831 0.971667
7.315125 0.971667
7.316418 0.971667
7.317711 0.971667
7.319004 0.971667
7.320297 0.971667
7.321591 0.971667
7.322884 0.971667
7.324177 0.971667
7.325470 0.971667
7.326763 0.971667
7.328056 0.971667
7.329350 0.971667
7.330643 0.971667
7.331936 0.971667
7.333229 0.971667
7.334522 0.971667
7.335816 0.971667
7.337109 0.971667
7.338402 0.971667
7.339695 0.971667
7.340988 0.971667
7.342282 0.971667
7.343575 0.971667
7.344868 0.971667
7.346161 0.971667
7.347454 0.971667
7.348748 0.971667
7.350041 0.971667
7.351334 0.971667
7.352627 0.971667
7.353920 0.971667
7.355213 0.971667
7.356507 0.971667
7.357800 0.971667
7.359093 0.971667
7.360386 0.971667
7.361679 0.971667
7.362973 0.971667
7.364266 0.971667
7.365559 0.971667
7.366852 0.971667
7.368145 0.971667
7.369439 0.971667
7.370732 0.971667
7.372025 0.971667
7.373318 0.971667
7.374611 0.971667
7.375905 0.971667
7.377198 0.971667
7.378491 0.971667
7.379784 0.971667
7.381077 0.971667
7.382370 0.971667
7.383664 0.971667
7.384957 0.971667
7.386250 0.971667
7.387543 0.971667
7.388836 0.971667
7.390130 0.971667
7.391423 0.971667
7.392716 0.971667
7.394009 0.971667
7.395302 0.971667
7.396596 0.971667
7.397889 0.971667
7.399182 0.971667
7.400475 0.971667
7.401768 0.971667
7.403062 0.971667
7.404355 0.971667
7.405648 0.971667
7.406941 0.971667
7.408234 0.971667
7.409527 0.971667
7.410821 0.971667
7.412114 0.971667
7.413407 0.971667
7.414700 0.971667
7.415993 0.971667
7.417287 0.971667
7.418580 0.971667
7.419873 0.971667
7.421166 0.971667
7.422459 0.971667
7.423753 0.971667
7.425046 0.971667
7.426339 0.971667
7.427632 0.971667
7.428925 0.971667
7.430219 0.971667
7.431512 0.971667
7.432805 0.971667
7.434098 0.971667
7.435391 0.971667
7.436684 0.971667
7.437978 0.971667
7.439271 0.971667
7.440564 0.971667
7.441857 0.971667
7.443150 0.971667
7.444444 0.971667
7.445737 0.971667
7.447030 0.971667
7.448323 0.971667
7.449616 0.971667
7.450910 0.971667
7.452203 0.971667
7.453496 0.971667
7.454789 0.971667
7.456082 0.971667
7.457376 0.971667
7.458669 0.971667
7.459962 0.971667
7.461255 0.971667
7.462548 0.971667
7.463841 0.971667
7.465135 0.971667
7.466428 0.971667
7.467721 0.971667
7.469014 0.971667
7.470307 0.971667
7.471601 0.971667
7.472894 0.971667
7.474187 0.971667
7.475480 0.971667
7.476773 0.971667
7.478067 0.971667
7.479360 0.971667
7.480653 0.971667
7.481946 0.971667
7.483239 0.971667
7.484533 0.971667
7.485826 0.971667
7.487119 0.971667
7.488412 0.971667
7.489705 0.971667
7.490998 0.971667
7.492292 0.971667
7.493585 0.971667
7.494878 0.971667
7.496171 0.971667
7.497464 0.971667
7.498758 0.971667
7.500051 0.971667
7.501344 0.971667
7.502637 0.973333
7.503930 0.973333
7.505224 0.973333
7.506517 0.973333
7.507810 0.973333
7.509103 0.973333
7.510396 0.973333
7.511690 0.973333
7.512983 0.973333
7.514276 0.973333
7.515569 0.973333
7.516862 0.973333
7.518155 0.973333
7.519449 0.973333
7.520742 0.973333
7.522035 0.973333
7.523328 0.975000
7.524621 0.975000
7.525915 0.975000
7.527208 0.975000
7.528501 0.975000
7.529794 0.975000
7.531087 0.975000
7.532381 0.975000
7.533674 0.975000
7.534967 0.975000
7.536260 0.975000
7.537553 0.975000
7.538847 0.975000
7.540140 0.975000
7.541433 0.975000
7.542726 0.975000
7.544019 0.975000
7.545312 0.975000
7.546606 0.975000
7.547899 0.975000
7.549192 0.975000
7.550485 0.975000
7.551778 0.975000
7.553072 0.975000
7.554365 0.975000
7.555658 0.975000
7.556951 0.975000
7.558244 0.975000
7.559538 0.975000
7.560831 0.975000
7.562124 0.975000
7.563417 0.975000
7.564710 0.975000
7.566003 0.975000
7.567297 0.975000
7.568590 0.975000
7.569883 0.975000
7.571176 0.975000
7.572469 0.975000
7.573763 0.975000
7.575056 0.975000
7.576349 0.975000
7.577642 0.975000
7.578935 0.975000
7.580229 0.975000
7.581522 0.975000
7.582815 0.975000
7.584108 0.975000
7.585401 0.975000
7.586695 0.975000
7.587988 0.975000
7.589281 0.975000
7.590574 0.975000
7.591867 0.975000
7.593160 0.975000
7.594454 0.975000
7.595747 0.975000
7.597040 0.975000
7.598333 0.975000
7.599626 0.975000
7.600920 0.975000
7.602213 0.975000
7.603506 0.975000
7.604799 0.975000
7.606092 0.975000
7.607386 0.975000
7.608679 0.975000
7.609972 0.975000
7.611265 0.975000
7.612558 0.975000
7.613852 0.975000
7.615145 0.975000
7.616438 0.975000
7.617731 0.975000
7.619024 0.975000
7.620317 0.975000
7.621611 0.975000
7.622904 0.975000
7.624197 0.975000
7.625490 0.975000
7.626783 0.976667
7.628077 0.976667
7.629370 0.976667
7.630663 0.976667
7.631956 0.976667
7.633249 0.976667
7.634543 0.976667
7.635836 0.976667
7.637129 0.976667
7.638422 0.976667
7.639715 0.976667
7.641009 0.976667
7.642302 0.976667
7.643595 0.976667
7.644888 0.976667
7.646181 0.976667
7.647474 0.976667
7.648768 0.976667
7.650061 0.976667
7.651354 0.976667
7.652647 0.976667
7.653940 0.976667
7.655234 0.976667
7.656527 0.976667
7.657820 0.976667
7.659113 0.976667
7.660406 0.976667
7.661700 0.976667
7.662993 0.976667
7.664286 0.976667
7.665579 0.976667
7.666872 0.976667
7.668166 0.976667
7.669459 0.976667
7.670752 0.976667
7.672045 0.976667
7.673338 0.976667
7.674631 0.976667
7.675925 0.976667
7.677218 0.976667
7.678511 0.976667
7.679804 0.976667
7.681097 0.976667
7.682391 0.976667
7.683684 0.976667
7.684977 0.976667
7.686270 0.976667
7.687563 0.976667
7.688857 0.976667
7.690150 0.976667
7.691443 0.976667
7.692736 0.976667
7.694029 0.976667
7.695323 0.976667
7.696616 0.976667
7.697909 0.976667
7.699202 0.976667
7.700495 0.976667
7.701788 0.976667
7.703082 0.976667
7.704375 0.976667
7.705668 0.976667
7.706961 0.976667
7.708254 0.976667
7.709548 0.976667
7.710841 0.976667
7.712134 0.976667
7.713427 0.976667
7.714720 0.976667
7.716014 0.976667
7.717307 0.976667
7.718600 0.976667
7.719893 0.976667
7.721186 0.976667
7.722480 0.976667
7.723773 0.976667
7.725066 0.976667
7.726359 0.976667
7.727652 0.976667
7.728945 0.976667
7.730239 0.976667
7.731532 0.976667
7.732825 0.976667
7.734118 0.976667
7.735411 0.976667
7.736705 0.976667
7.737998 0.976667
7.739291 0.976667
7.740584 0.976667
7.741877 0.976667
7.743171 0.976667
7.744464 0.976667
7.745757 0.976667
7.747050 0.976667
7.748343 0.976667
7.749637 0.976667
7.750930 0.976667
7.752223 0.976667
7.753516 0.976667
7.754809 0.976667
7.756102 0.976667
7.757396 0.976667
7.758689 0.976667
7.759982 0.976667
7.761275 0.976667
7.762568 0.976667
7.763862 0.976667
7.765155 0.976667
7.766448 0.976667
7.767741 0.976667
7.769034 0.976667
7.770328 0.976667
7.771621 0.976667
7.772914 0.976667
7.774207 0.976667
7.775500 0.976667
7.776794 0.976667
7.778087 0.976667
7.779380 0.976667
7.780673 0.976667
7.781966 0.976667
7.783259 0.976667
7.784553 0.976667
7.785846 0.976667
7.787139 0.976667
7.788432 0.976667
7.789725 0.976667
7.791019 0.976667
7.792312 0.976667
7.793605 0.976667
7.794898 0.976667
7.796191 0.976667
7.797485 0.976667
7.798778 0.976667
7.800071 0.976667
7.801364 0.976667
7.802657 0.976667
7.803951 0.976667
7.805244 0.976667
7.806537 0.976667
7.807830 0.976667
7.809123 0.976667
7.810416 0.976667
7.811710 0.976667
7.813003 0.976667
7.814296 0.976667
7.815589 0.976667
7.816882 0.976667
7.818176 0.976667
7.819469 0.976667
7.820762 0.976667
7.822055 0.976667
7.823348 0.976667
7.824642 0.976667
7.825935 0.976667
7.827228 0.976667
7.828521 0.976667
7.829814 0.976667
7.831108 0.976667
7.832401 0.976667
7.833694 0.976667
7.834987 0.976667
7.836280 0.976667
7.837573 0.976667
7.838867 0.976667
7.840160 0.976667
7.841453 0.976667
7.842746 0.976667
7.844039 0.976667
7.845333 0.976667
7.846626 0.976667
7.847919 0.976667
7.849212 0.976667
7.850505 0.976667
7.851799 0.976667
7.853092 0.976667
7.854385 0.976667
7.855678 0.976667
7.856971 0.976667
7.858265 0.976667
7.859558 0.976667
7.860851 0.976667
7.862144 0.976667
7.863437 0.976667
7.864730 0.976667
7.866024 0.976667
7.867317 0.976667
7.868610 0.976667
7.869903 0.976667
7.871196 0.976667
7.872490 0.976667
7.873783 0.976667
7.875076 0.976667
7.876369 0.976667
7.877662 0.976667
7.878956 0.976667
7.880249 0.976667
7.881542 0.976667
7.882835 0.976667
7.884128 0.976667
7.885422 0.976667
7.886715 0.976667
7.888008 0.976667
7.889301 0.976667
7.890594 0.976667
7.891887 0.976667
7.893181 0.976667
7.894474 0.976667
7.895767 0.976667
7.897060 0.976667
7.898353 0.976667
7.899647 0.976667
7.900940 0.976667
7.902233 0.976667
7.903526 0.976667
7.904819 0.976667
7.906113 0.976667
7.907406 0.976667
7.908699 0.976667
7.909992 0.976667
7.911285 0.976667
7.912578 0.976667
7.913872 0.976667
7.915165 0.976667
7.916458 0.976667
7.917751 0.976667
7.919044 0.976667
7.920338 0.976667
7.921631 0.976667
7.922924 0.976667
7.924217 0.976667
7.925510 0.976667
7.926804 0.976667
7.928097 0.976667
7.929390 0.976667
7.930683 0.976667
7.931976 0.976667
7.933270 0.976667
7.934563 0.976667
7.935856 0.976667
7.937149 0.976667
7.938442 0.976667
7.939735 0.976667
7.941029 0.976667
7.942322 0.976667
7.943615 0.976667
7.944908 0.976667
7.946201 0.976667
7.947495 0.976667
7.948788 0.976667
7.950081 0.976667
7.951374 0.976667
7.952667 0.976667
7.953961 0.976667
7.955254 0.976667
7.956547 0.976667
7.957840 0.976667
7.959133 0.976667
7.960427 0.976667
7.961720 0.976667
7.963013 0.976667
7.964306 0.976667
7.965599 0.976667
7.966892 0.976667
7.968186 0.976667
7.969479 0.976667
7.970772 0.976667
7.972065 0.976667
7.973358 0.976667
7.974652 0.976667
7.975945 0.976667
7.977238 0.976667
7.978531 0.976667
7.979824 0.976667
7.981118 0.976667
7.982411 0.976667
7.983704 0.976667
7.984997 0.976667
7.986290 0.976667
7.987584 0.976667
7.988877 0.976667
7.990170 0.976667
7.991463 0.976667
7.992756 0.976667
7.994049 0.976667
7.995343 0.976667
7.996636 0.976667
7.997929 0.976667
7.999222 0.976667
